0 0 0
1 -0.604284  0.493194
2 -1.21153  0.98274
3 -1.79973  1.49501
4 -2.39502  1.99903
5 -2.97711  2.51822
6 -3.58956  3.00124
7 -4.16826  3.52422
8 -4.7464 4.04781
9 -5.31845  4.57806
10 -5.94489  5.04279
11 -6.59841  4.61699
12 -7.2045 4.12602
13 -7.80208  3.62472
14 -8.3985 3.12204
15 -9.0061 2.63294
16 -9.62153  2.15373
17 -10.2236  1.65781
18 -10.8347  1.17315
19 -11.4189 0.656315
20 -12.0299 0.171441
21  -12.6191 -0.339733
22  -13.2128 -0.845548
23 -13.787 -1.3735
24 -14.3792 -1.88111
25  -14.965 -2.39613
26 -15.5473 -2.91507
27 -16.0897 -3.47561
28 -16.6661  -4.0012
29 -17.2579 -4.50924
30 -17.8543 -5.01191
31   -18.43 -5.53821
32  -19.04 -6.0243
33 -19.6428 -6.51931
34 -20.2344 -7.02769
35 -20.8064 -7.55797
36 -21.4021 -8.06152
37  -21.956 -8.61068
38 -22.5168 -9.15287
39 -23.0914  -9.6803
40  -23.645 -10.2298
41 -24.1927 -10.7851
42 -24.7457 -11.3352
43 -25.2122 -11.9604
44 -24.7496 -12.5883
45 -24.2595 -13.1951
46 -23.7621  -13.796
47 -23.2915  -14.418
48 -22.7901 -15.0155
49 -22.2469 -15.5753
50 -21.7196   -16.15
51 -21.1931 -16.7255
52 -20.6809 -17.3138
53 -20.1581 -17.8927
54 -19.6085 -18.4461
55 -19.0892 -19.0282
56 -18.5494 -19.5912
57  -18.047 -20.1878
58 -17.5317 -20.7734
59 -17.0156 -21.3583
60 -16.4953 -21.9394
61 -15.9805 -22.5254
62 -15.4065 -23.0535
63 -14.63 -22.98
64 -13.9769 -22.5536
65  -13.384 -22.0467
66 -12.8058 -21.5232
67 -12.2385 -20.9879
68 -11.6757 -20.4479
69 -11.1324 -19.8882
70 -10.5616 -19.3566
71 -9.98203 -18.8346
72 -9.42622 -18.2873
73 -8.87878 -17.7317
74 -8.30981 -17.1982
75 -7.73859  -16.667
76 -7.16637  -16.137
77 -6.58967 -15.6118
78 -6.01167  -15.088
79 -5.43197 -14.5662
80 -4.85157 -14.0451
81 -4.24341 -13.5567
82 -3.65088 -13.0494
83 -3.03083 -12.5762
84 -2.40697  -12.108
85 -1.79422 -11.6254
86 -1.20007   -11.12
87 -0.622435  -10.5959
88 -0.025226  -10.0941
89 0.557905 -9.57609
90  1.16299 -9.08388
91  1.78615 -8.61476
92  2.36582 -8.09286
93  2.96452 -7.59291
94  3.57575 -7.10834
95  4.21049 -6.65501
96   4.7059 -7.25748
97  5.19933 -7.86158
98  5.67053 -8.48316
99  6.17497 -9.07809
100  6.67244 -9.67886
101  7.21501 -10.2392
102   7.7311 -10.8241
103  8.27538 -11.3828
104  8.79461 -11.9649
105  9.30029 -12.5587
106  9.82831 -13.1328
107  10.3257 -13.7337
108 10.8225 -14.335
109  11.3236 -14.9328
110  11.8401 -15.5172
111  12.3559 -16.1023
112  12.8592 -16.6982
113  13.3597 -17.2965
114   13.862 -17.8932
115    14.38 -18.4764
116  14.8901 -19.0664
117  15.4055 -19.6519
118  15.9157 -20.2419
119  16.303 -20.919
120  16.0771 -21.6655
121 15.5025 -22.193
122  14.8976 -22.6855
123  14.3228 -23.2127
124  13.7616 -23.7544
125  13.1986 -24.2943
126 12.6224  -24.82
127  12.0454 -25.3449
128  11.4634 -25.8641
129  10.8699 -26.3703
130  10.2766 -26.8767
131   9.6945 -27.3958
132  9.11826 -27.9215
133  8.52946 -28.4331
134  7.9375 -28.941
135  7.34656 -29.4501
136  6.7751 -29.981
137   6.1962 -30.5037
138  5.61053 -31.0189
139  5.02761 -31.5372
140  4.44944 -32.0607
141  3.87255 -32.5857
142  3.30318 -33.1188
143 2.73766 -33.656
144 2.19263 -34.214
145  1.61956 -34.7432
146  1.03131 -35.2554
147 0.464704 -35.7914
148 -0.130666  -36.2954
149 -0.72435 -36.8013
150 -1.32138 -37.3032
151 -1.93288 -37.7874
152 -2.54824 -38.2667
153 -3.04299 -37.6637
154 -3.56015 -37.0798
155 -4.09166 -36.5089
156 -4.66287 -35.9778
157 -5.24288 -35.4563
158  -5.8196 -34.9311
159 -6.34501 -34.3546
160 -6.88376 -33.7906
161 -7.45028 -33.2544
162  -8.0185 -32.7201
163 -0.718966   1.27247
164 -1.28421  1.80996
165 -1.88223  2.31073
166 -2.46307  2.83133
167 -3.05006    3.345
168 -3.62358  3.87365
169 -4.18571   4.4144
170 -4.74936  4.95356
171 -5.30886  5.49702
172 -5.85905  6.04993
173 -6.50313  6.48989
174 -7.27267  6.36261
175 -7.85579  5.84456
176 -8.38804  5.27438
177 -8.93662  4.71989
178 -9.49547  4.17575
179 -10.0711  3.64942
180 -10.6465  3.12283
181 -11.2079  2.58129
182 -11.7534  2.02377
183 -12.2973  1.46467
184 -12.8409 0.905329
185 -13.4044 0.365992
186   -13.972 -0.169066
187 -14.5186 -0.72543
188  -15.071 -1.27615
189 -15.6231 -1.82713
190 -16.1529 -2.39956
191 -16.7062 -2.94942
192  -17.261 -3.49768
193 -17.7961 -4.06516
194  -18.329 -4.63476
195 -18.8647 -5.20172
196 -19.3937 -5.77487
197 -19.8958 -6.37183
198 -20.4222 -6.94737
199 -20.9574 -7.51478
200 -21.5281 -8.04652
201  -22.095 -8.58225
202 -22.6544 -9.12577
203 -23.2309 -9.65121
204 -23.8125 -10.1709
205 -24.3714 -10.7151
206 -24.9389 -11.2501
207 -25.2847 -11.9493
208 -25.2744 -12.7293
209 -24.8159 -13.3603
210 -24.2987 -13.9441
211 -23.7588 -14.5071
212 -23.2253 -15.0761
213 -22.6938  -15.647
214 -22.1579 -16.2137
215 -21.6176 -16.7763
216 -21.0912 -17.3519
217  -20.557 -17.9203
218 -20.0325 -18.4976
219 -19.4934 -19.0613
220 -18.9633 -19.6335
221 -18.4235 -20.1965
222 -17.8805 -20.7565
223  -17.341 -21.3198
224 -16.8148 -21.8956
225 -16.2727 -22.4564
226 -15.7305 -23.0171
227 -15.1665 -23.5559
228 -14.4304 -23.2979
229 -13.8574 -22.7687
230 -13.2986 -22.2244
231 -12.7469 -21.6731
232 -12.1946 -21.1223
233   -11.62 -20.5948
234 -11.0585 -20.0533
235 -10.5145 -19.4944
236 -9.93779 -18.9692
237 -9.37858 -18.4255
238 -8.80827 -17.8933
239 -8.23864 -17.3605
240 -7.65613 -16.8418
241 -7.07855 -16.3176
242 -6.52866 -15.7644
243 -5.97771 -15.2122
244 -5.42673 -14.6601
245 -4.85262 -14.1321
246  -4.2855 -13.5966
247 -3.68913 -13.0939
248 -3.12244 -12.5579
249 -2.53453 -12.0453
250 -1.96316 -11.5143
251  -1.3962 -10.9786
252 -0.825634  -10.4468
253 -0.209061  -9.96904
254 0.404389  -9.4873
255 1.01788 -9.0056
256  1.61709 -8.50626
257  2.22317 -8.01527
258  2.83806 -7.53536
259  3.45026 -7.05203
260  4.07321 -6.58264
261  4.81886 -6.35369
262  5.46714 -6.78742
263  5.93864 -7.40878
264  6.42704 -8.01695
265  6.88689 -8.64698
266  7.38416 -9.24792
267  7.86877 -9.85911
268  8.37803 -10.4499
269 8.86402  -11.06
270  9.35442 -11.6666
271  9.82415 -12.2893
272  10.2945 -12.9115
273   10.746 -13.5475
274  11.2499 -14.1429
275    11.74 -14.7497
276  12.2362 -15.3515
277  12.7264 -15.9582
278  13.2054 -16.5739
279  13.6647 -17.2042
280  14.1431 -17.8204
281   14.632 -18.4281
282 15.1157  -19.04
283  15.5813 -19.6658
284 16.0503 -20.289
285 16.4629 -20.951
286 16.4081 -21.729
287   15.824 -22.2459
288 15.2155 -22.734
289  14.5755 -23.1798
290  13.9608 -23.6599
291  13.3466 -24.1407
292 12.7028 -24.581
293  12.0595 -25.0222
294  11.4308 -25.4839
295  10.8182 -25.9666
296 10.2005 -26.443
297  9.57112 -26.9037
298   8.9602 -27.3886
299  8.39745 -27.9287
300 7.78204 -28.408
301  7.17778 -28.9012
302  6.55683 -29.3732
303  5.94034 -29.8511
304  5.33042 -30.3373
305  4.70301 -30.8007
306  4.07237 -31.2597
307  3.43844 -31.7142
308 2.81134 -32.178
309  2.16205 -32.6103
310  1.51839 -33.0508
311   0.8792 -33.4979
312 0.207647 -33.8946
313 -0.465799  -34.2882
314 -1.13219 -34.6935
315 -1.81039 -35.0788
316 -2.48252 -35.4746
317  -3.1692 -35.8446
318  -3.9044 -36.1051
319 -4.62587 -35.8086
320  -5.0418 -35.1488
321 -5.40742 -34.4598
322 -5.77265 -33.7706
323 -6.17816 -33.1043
324 -6.58582 -32.4393
325 -6.99471  -31.775
326 -7.37446 -31.0937
327 -7.74785 -30.4089
328 -8.13192   -29.73
329 -8.51674 -29.0516
330  10.9174 -14.4925
331  11.5036 -15.0071
332  12.0591 -15.5546
333  12.6272 -16.0891
334  13.1822 -16.6371
335  13.7683 -17.1518
336  14.3113 -17.7118
337  14.8732 -18.2528
338  15.4304 -18.7986
339  16.0021 -19.3292
340 16.5228  -19.91
341 17.0341 -20.499
342  17.1513 -21.2702
343   16.708 -21.9119
344   16.131 -22.4368
345  15.5605 -22.9687
346  14.9644 -23.4718
347  14.398 -24.008
348  13.8053 -24.5151
349  13.2437 -25.0564
350  12.6518 -25.5644
351  12.0928 -26.1084
352  11.5026 -26.6183
353 10.9492 -27.168
354  10.3675 -27.6877
355  9.81164 -28.2348
356  9.23245 -28.7573
357  8.67591 -29.3038
358  8.09859 -29.8283
359  7.53866 -30.3713
360   6.9593 -30.8935
361  6.40722 -31.4446
362    5.826 -31.9647
363 5.25396 -32.495
364  4.66389 -33.0051
365  4.08843 -33.5316
366  3.51853 -34.0642
367 2.97124  -34.62
368  2.40302 -35.1543
369   1.8666 -35.7206
370   1.2786 -36.2331
371 0.714698  -36.772
372 0.110581 -37.2654
373 -0.460017  -37.7972
374 -1.05047 -38.3068
375 -1.64538 -38.8113
376 -2.35008 -39.1457
377 -3.04398 -38.7894
378 -3.53067 -38.1799
379 -4.03407 -37.5841
380 -4.49674 -36.9561
381 -5.01265 -36.3711
382 -5.50308 -35.7646
383 -6.02818 -35.1878
384 -6.52129 -34.5834
385  -7.0332 -33.9949
386  -7.5258 -33.3902
387 -8.05601 -32.8181
388 -8.56102 -32.2236
389 -9.09191 -31.6522
390 -9.57423 -31.0392
391 -10.1221  -30.484
392  -10.637 -29.8981
393 -11.1518 -29.3121
394 -11.6444 -28.7073
395 -12.1774 -28.1379
396  -12.719 -27.5765
397 -13.2771 -27.0316
398 -13.8183 -26.4699
399 -14.3625 -25.9112
400 -14.9028 -25.3486
401 -15.3983 -24.7462
402 -15.8676 -24.1232
403 -15.7664 -23.3498
404 -15.2456 -22.7692
405 -14.6886 -22.2231
406  -14.093 -21.7194
407  -13.502 -21.2104
408 -12.8743 -20.7474
409  -12.282 -20.2399
410 -11.6762 -19.7486
411 -11.1032 -19.2194
412 -10.5254 -18.6953
413 -9.96162 -18.1563
414 -9.36831   -17.65
415 -8.77127  -17.148
416 -8.16112 -16.6621
417 -7.54737 -16.1808
418 -6.92956 -15.7046
419 -6.35318 -15.1791
420 -5.74738 -14.6877
421 -5.16581  -14.168
422 -4.55048 -13.6886
423 -3.96251 -13.1761
424 -3.35049 -12.6925
425  -2.7595 -12.1835
426 -2.12428 -11.7308
427 -1.50975 -11.2505
428 -0.87401 -10.7985
429 -0.280392  -10.2926
430 0.339367 -9.81895
431 0.928492 -9.30775
432  1.55244 -8.83967
433  2.15943 -8.34982
434  2.78427 -7.88294
435  3.37127 -7.36929
436  3.92632 -6.82128
437  4.32205 -6.14912
438 4.0914 -5.404
439  3.60665 -4.79293
440 3.14298 -4.1657
441  2.63865 -3.57068
442  2.17599 -2.94271
443  1.67537 -2.34456
444  1.20755 -1.72043
445 0.722525 -1.10957
446  0.242733 -0.494589
447 -0.25666 0.104582
448 -0.731107  0.723696
449 -1.24624  1.30939
450 -1.74139  1.91207
451 -2.23455  2.51638
452 -2.72875  3.11985
453 -3.21726  3.72793
454 -3.70398  4.33743
455 -4.20896   4.9319
456 -4.69941  5.53842
457 -5.22382  6.11582
458 -5.90879  6.48893
459 -6.63841  6.21314
460 -7.28524  5.77724
461 -7.90483  5.30342
462 -8.54411  4.85652
463 -9.1425 4.35619
464 -9.76961  3.89236
465 -10.3749  3.40046
466 -11.0116  2.94987
467 -11.6298  2.47414
468 -12.2755  2.03661
469 -12.9079     1.58
470 -13.5532  1.14194
471 -14.1778 0.674623
472 -14.8149 0.224711
473  -15.4398 -0.242155
474  -16.0847 -0.680881
475 -16.7205 -1.13266
476 -17.3575 -1.58287
477 -17.9577 -2.08099
478 -18.5863  -2.5428
479 -19.1926 -3.03348
480 -19.8339 -3.47751
481  -20.464 -3.93729
482 -21.1076 -4.37787
483 -21.7455 -4.82685
484 -22.3866 -5.27115
485 -23.0105 -5.73919
486 -23.6556 -6.17769
487 -24.2849 -6.63852
488 -24.9492 -7.04735
489 -25.5811 -7.50467
490 -26.2094 -7.96676
491 -26.8444 -8.41976
492 -27.4473 -8.91469
493 -27.9084 -9.54379
494 -27.7089 -10.2979
495 -27.2909 -10.9564
496 -26.8834 -11.6215
497 -26.4291 -12.2555
498 -26.0039 -12.9095
499 -25.5526 -13.5456
500  12.2908 -13.8929
501  12.8003 -14.4836
502  13.2601 -15.1136
503  13.7344 -15.7328
504  14.2037 -16.3559
505  14.7029 -16.9552
506  15.1964 -17.5592
507  15.6793 -18.1718
508  16.1152 -18.8186
509 16.6033 -19.427
510  17.0516 -20.0653
511  17.5355 -20.6771
512 17.9576 -21.333
513   17.945 -22.1129
514  17.4122 -22.6826
515  16.8125 -23.1813
516  16.1666 -23.6186
517  15.5514 -24.0981
518  14.9269 -24.5655
519    14.34 -25.0793
520  13.7435 -25.5819
521  13.1679 -26.1082
522  12.5729 -26.6125
523  11.9977 -27.1394
524  11.3968 -27.6367
525  10.8281 -28.1706
526 10.2525 -28.697
527   9.7017 -29.2492
528  9.10979 -29.7572
529  8.52704 -30.2756
530  7.92587 -30.7726
531 7.33946 -31.287
532  6.72788 -31.7711
533   6.1284 -32.2701
534  5.51598 -32.7532
535  4.94611 -33.2857
536  4.37376 -33.8157
537  3.78687 -34.3294
538  3.18243 -34.8224
539   2.6123 -35.3547
540  2.02118 -35.8636
541  1.45163 -36.3966
542 0.863984 -36.9095
543 0.298293 -37.4465
544 -0.296358  -37.9513
545 -0.87525  -38.474
546 -1.46662 -38.9826
547  -2.1681 -39.3237
548 -2.84062 -38.9286
549 -3.37652 -38.3618
550 -3.87355 -37.7607
551 -4.39579 -37.1813
552 -4.88811 -36.5763
553 -5.37534 -35.9672
554 -5.85867  -35.355
555 -6.36495 -34.7617
556 -6.84425 -34.1463
557 -7.33632 -33.5411
558  -7.8089 -32.9206
559 -8.32903 -32.3393
560 -8.82468  -31.737
561 -9.34374 -31.1548
562 -9.87029 -30.5794
563 -10.4024  -30.009
564 -10.9138 -29.4201
565 -11.444 -28.848
566  -11.965 -28.2675
567  -12.508 -27.7076
568 -13.0176 -27.1171
569 -13.538 -26.536
570 -14.0504  -25.948
571 -14.5781 -25.3736
572  -15.094 -24.7885
573  -15.593 -24.1891
574  -15.769 -23.4292
575 -15.2751 -22.8255
576 -14.6845 -22.3161
577 -14.0906 -21.8103
578 -13.4957 -21.3059
579 -12.9311 -20.7677
580 -12.3208 -20.2819
581 -11.7269 -19.7763
582 -11.1037 -19.3073
583 -10.5223 -18.7873
584 -9.90676 -18.3082
585 -9.31355 -17.8018
586 -8.69809 -17.3226
587 -8.11226 -16.8076
588 -7.50203 -16.3218
589  -6.9092 -15.8149
590 -6.30444 -15.3223
591 -5.73189 -14.7926
592 -5.13539   -14.29
593 -4.54872  -13.776
594 -3.94348  -13.284
595 -3.36573 -12.7599
596 -2.76045 -12.2679
597 -2.17634  -11.751
598  -1.5686 -11.2621
599 -0.971988  -10.7596
600 -0.364341  -10.2706
601 0.236976 -9.77379
602 0.857795 -9.30158
603  1.47368 -8.82294
604 2.08931  -8.344
605  2.66568 -7.81844
606  3.24038 -7.29107
607  3.77243 -6.72071
608  4.08496 -6.00606
609 3.77705 -5.2894
610  3.34729 -4.63848
611   2.8512 -4.03657
612  2.38857 -3.40858
613  1.89038 -2.80841
614  1.42065 -2.18571
615 0.902489 -1.60269
616  0.418857 -0.990725
617 -0.0948369  -0.403768
618 -0.589416  0.199383
619 -1.10601 0.783792
620 -1.60975  1.37931
621 -2.12902  1.96134
622 -2.65369   2.5385
623 -3.18369  3.11078
624 -3.69426  3.70046
625 -4.19219  4.30085
626 -4.66174  4.92368
627 -5.16955  5.51574
628 -5.70703    6.081
629 -6.4254 6.38488
630 -7.14852  6.09248
631 -7.77129  5.62285
632 -8.40116  5.16278
633 -8.99882  4.66157
634 -9.6025 4.16764
635 -10.2038  3.67079
636 -10.8202  3.19288
637 -11.441 2.72062
638 -12.0631  2.25009
639 -12.6535  1.74038
640 -13.2561  1.24514
641 -13.855 0.74538
642 -14.4923 0.295669
643  -15.1173 -0.171005
644 -15.7507 -0.62617
645 -16.3641 -1.10795
646 -16.9915 -1.57145
647 -17.5948 -2.06585
648 -18.2174 -2.53572
649 -18.8374 -3.00893
650 -19.4433 -3.50024
651 -20.0486 -3.99208
652 -20.6747 -4.45738
653 -21.2863 -4.94137
654 -21.9221 -5.39325
655 -22.5416 -5.86721
656 -23.1632 -6.33837
657 -23.7844 -6.81013
658 -24.4063 -7.28086
659 -25.0172 -7.76592
660 -25.6439 -8.23028
661 -26.2493 -8.72209
662 -26.8467 -9.22359
663 -27.3426 -9.82564
664 -27.3102  -10.605
665 -26.8534 -11.2372
666 -26.3928 -11.8667
667 -25.9033  -12.474
668 -25.4196 -13.0859
669 -24.8946 -13.6627
670 -11.4387 -29.2537
671  -11.933 -28.6503
672 -12.4035 -28.0282
673 -12.9057 -27.4314
674 -13.3791 -26.8115
675 -13.8927 -26.2245
676 -14.3559 -25.5969
677 -14.8534 -24.9961
678 -15.3661 -24.4083
679 -15.8328 -23.7834
680 -15.6902 -23.0165
681 -15.1445 -22.4592
682 -14.5175 -21.9952
683 -13.9336 -21.4781
684 -13.3142  -21.004
685 -12.7163 -20.5031
686 -12.1014 -20.0232
687 -11.5158  -19.508
688 -10.8921 -19.0395
689 -10.3283 -18.5005
690 -9.74621 -17.9813
691 -9.16629 -17.4597
692 -8.5682 -16.959
693 -8.01622 -16.4079
694 -7.40429 -15.9242
695 -6.82681 -15.3999
696  -6.2241 -14.9048
697 -5.66572 -14.3602
698 -5.04839 -13.8834
699 -4.47848 -13.3508
700 -3.87248 -12.8598
701 -3.30184  -12.328
702 -2.69262 -11.8409
703 -2.10519 -11.3278
704  -1.4975 -10.8388
705 -0.913417  -10.3218
706 -0.294626  -9.84695
707 0.292526 -9.33348
708 0.929009  -8.8826
709  1.52735 -8.38221
710  2.17372 -7.94563
711   2.7697 -7.44244
712  3.39474 -6.97582
713  3.97148 -6.45068
714  4.63952 -6.04804
715 5.34521 -6.3803
716  5.83302 -6.98893
717  6.33226 -7.58824
718  6.84357 -8.17727
719  7.43244 -8.68877
720  8.18533 -8.48492
721  8.75258 -7.94954
722  9.35131 -7.44962
723  9.90345 -6.89867
724  10.4863 -6.38034
725  11.0721 -5.86535
726 11.6602 -5.3529
727  12.2417 -4.83306
728  12.8221 -4.31192
729  13.3133 -3.70603
730  13.6699 -3.01231
731  13.3131 -2.31866
732  12.8413 -1.69752
733  12.3177 -1.11944
734   11.8394 -0.503245
735   11.3244 0.0825525
736  10.8373 0.691756
737 10.3349 1.28837
738 9.85678 1.90467
739 9.33869 2.48774
740 8.78247 3.03458
741 8.02952 3.23819
742 7.38322 2.80151
743 6.81499 2.26717
744  6.2368 1.74363
745 5.65539 1.22366
746  5.04772 0.734649
747 4.44173 0.24355
748   3.84559 -0.259459
749   3.20352 -0.702335
750    3.8984 -0.348025
751   4.56847 0.0512418
752  5.24489 0.439631
753  5.87948 0.893164
754 -11.4576 -29.2369
755  -11.917 -28.6065
756 -12.4051 -27.9982
757 -12.9076 -27.4016
758 -13.3912 -26.7896
759 -13.8983 -26.1969
760 -14.3543 -25.5641
761 -14.8779 -24.9859
762 -15.3664 -24.3778
763 -15.8004 -23.7298
764  -15.579 -22.9819
765 -15.0727 -22.3886
766 -14.4568 -21.9099
767 -13.8502 -21.4196
768 -13.2328 -20.9429
769  -12.639 -20.4371
770 -12.0275 -19.9529
771 -11.4346 -19.4461
772 -10.8071 -18.9828
773 -10.2317 -18.4561
774 -9.63881 -17.9494
775 -9.08165 -17.4035
776 -8.50187 -16.8817
777 -7.94702 -16.3335
778 -7.35554  -15.825
779 -6.78852 -15.2894
780 -6.18611 -14.7939
781  -5.6161 -14.2615
782 -5.01016 -13.7703
783 -4.43294 -13.2457
784 -3.82987  -12.751
785 -3.24776 -12.2319
786 -2.65503 -11.7248
787 -2.07821 -11.1998
788 -1.46722 -10.7149
789 -0.888381  -10.1921
790 -0.282961   -9.7003
791 0.301842 -9.18415
792 0.918667 -8.70673
793  1.50147 -8.18834
794  2.11055 -7.70108
795  2.69389 -7.18327
796 3.28921 -6.6793
797  3.87486 -6.16412
798  4.63534 -5.99068
799  5.26446 -6.45177
800   5.7383 -7.07135
801   6.2342 -7.67341
802  6.72671 -8.27825
803  7.40008 -8.67192
804  8.07926 -8.28837
805 8.66509 -7.7734
806  9.25699 -7.26541
807  9.82501 -6.73085
808  10.4148 -6.22042
809   10.971 -5.67353
810   11.571 -5.17515
811  12.1546 -4.65772
812  12.7513 -4.15527
813   13.299 -3.59999
814   13.653 -2.90494
815  13.3289 -2.19547
816  12.872 -1.5633
817   12.3539 -0.980179
818   11.8871 -0.355274
819   11.406 0.258672
820  10.9339 0.879563
821 10.4296  1.4746
822  9.942 2.0834
823 9.41252 2.65616
824 8.83606  3.1816
825 8.06684 3.31089
826 7.43352 2.85559
827 6.85683  2.3304
828 6.28209 1.80306
829 5.71588 1.26659
830  5.11921 0.764207
831  4.53352 0.249071
832   3.93553 -0.251736
833   3.30315 -0.708338
834  3.07428 -1.45401
835  3.83755 -1.29334
836   4.50912 -0.896597
837   5.13052 -0.425149
838   5.75341 0.0443304
839  6.34142 0.556817
840 -11.3421 -30.0292
841 -11.8148 -29.4088
842 -12.3159  -28.811
843 -12.8508 -28.2434
844 -13.3033  -27.608
845 -13.8013 -27.0077
846 -14.2435 -26.3651
847 -14.7662 -25.7862
848 -15.2776 -25.1973
849  -15.833 -24.6496
850 -16.0022 -23.8882
851  -15.492 -23.2982
852 -14.8964 -22.7946
853 -14.3097 -22.2806
854 -13.7057  -21.787
855 -13.1346 -21.2558
856 -12.5235 -20.7711
857 -11.9394 -20.2541
858  -11.334 -19.7622
859  -10.748 -19.2475
860 -10.1219 -18.7823
861 -9.54015 -18.2627
862 -8.91875 -17.7913
863 -8.31152 -17.3017
864 -7.67273 -16.8541
865 -7.10851 -16.3155
866 -6.48868  -15.842
867 -5.90351 -15.3263
868 -5.27954 -14.8583
869 -4.68553 -14.3527
870 -4.06754 -13.8768
871  -3.5365 -13.3055
872 -2.90936 -12.8417
873 -2.30945 -12.3432
874 -1.69103 -11.8679
875 -1.15702 -11.2993
876 -0.555173  -10.8032
877 0.0361983  -10.2946
878 0.635532 -9.79538
879  1.19344 -9.25028
880  1.77279 -8.72802
881  2.30077 -8.15388
882  2.87042 -7.62106
883  3.38681 -7.03647
884  3.96074 -6.50826
885  4.61582 -6.08487
886  5.35498 -6.33397
887  5.87906 -6.91167
888  6.36518 -7.52165
889 6.88778 -8.1007
890  7.46805 -8.62194
891  8.24671 -8.57626
892   8.8672 -8.10362
893  9.42483 -7.55823
894  10.0307 -7.06704
895  10.5962 -6.52978
896  11.1986 -6.03424
897  11.7559 -5.48851
898  12.3349 -4.96585
899  12.8828 -4.41076
900  13.4526 -3.87811
901  13.9688 -3.29334
902  14.1956 -2.54705
903  13.6929 -1.95072
904  13.1658 -1.37572
905   12.6206 -0.817932
906   12.1004 -0.236717
907   11.536 0.301679
908  11.0322 0.897145
909 10.4716 1.43946
910 9.96407 2.03176
911 9.40344 2.57406
912 8.86747 3.14075
913 8.29654 3.67221
914 7.77875 4.25555
915 7.22857 4.80846
916 6.6893  5.372
917  6.1441 5.92982
918 5.47407 6.32913
919 4.81559 5.91103
920 4.25308 5.37068
921 3.73911 4.78396
922 3.18225 4.23778
923 2.66877 3.65063
924 2.18188 3.04126
925 2.59981 3.69985
926  3.1428 4.25981
927 3.63336 4.86624
928 -11.6418 -29.1565
929 -12.0847 -28.5144
930 -12.5733 -27.9064
931 -13.0765 -27.3104
932 -13.5435 -26.6857
933  -14.058 -26.0995
934 -14.5217 -25.4723
935 -15.0287 -24.8795
936 -15.5043 -24.2613
937 -15.9645 -23.6315
938 -15.8243 -22.8642
939 -15.2723 -22.3131
940 -14.653 -21.839
941 -14.0468 -21.3482
942 -13.4177 -20.8871
943 -12.8119 -20.3956
944 -12.1805 -19.9377
945 -11.5574 -19.4686
946 -10.9315  -19.003
947 -10.3083  -18.534
948 -9.66201 -18.0973
949 -9.05243 -17.6107
950 -8.42336 -17.1495
951 -7.83998 -16.6317
952 -7.20928 -16.1728
953 -6.60163 -15.6838
954 -5.96779 -15.2292
955 -5.37811 -14.7186
956 -4.76277 -14.2393
957 -4.19393 -13.7056
958 -3.59169 -13.2099
959 -3.02494  -12.674
960 -2.42076 -12.1807
961  -1.8296 -11.6718
962 -1.21405 -11.1928
963 -0.65068 -10.6533
964 -0.0457511   -10.1609
965 0.544329 -9.65081
966  1.14788 -9.15672
967  1.72691 -8.63411
968  2.34554 -8.15903
969  2.93113 -7.64378
970  3.52198 -7.13457
971  4.08616 -6.59595
972  4.7131 -6.1319
973  5.40092 -6.49973
974  5.87178 -7.12158
975 6.40961 -7.6865
976  6.93183 -8.26588
977  7.49545 -8.80508
978  8.27418 -8.84962
979  8.81974 -8.29216
980  9.37587 -7.74524
981  9.92663 -7.19291
982   10.501 -6.66523
983  11.0716 -6.13342
984  11.6352 -5.59416
985  12.1734 -5.02962
986  12.7221 -4.47519
987  13.235 -3.8876
988   13.673 -3.24218
989  13.6516 -2.46247
990  13.132 -1.8808
991  12.5497 -1.36183
992   12.0031 -0.805385
993   11.4303 -0.275913
994  10.8505 0.245866
995  10.2455 0.738107
996 9.68259 1.27809
997  9.1056 1.80295
998 8.5716 2.3715
999 8.01295 2.91585
1000 7.48041 3.48576
1001 6.93248 4.04089
1002  6.4104 4.62041
1003 5.84733 5.16017
1004 5.26504 5.67915
1005 4.50143 5.83823
1006 3.88811 5.35632
1007  3.3765 4.76755
1008 2.84724 4.19459
1009 2.32697 3.61345
1010 1.81774 3.02262
1011 1.33399 2.41075
1012 0.822275  1.82206
1013 0.0765885   1.59326
1014 0.601935  2.16981
1015 1.19635 2.67485
1016 1.74964 3.22465
1017 -10.8283  -28.824
1018 -11.3473 -28.2417
1019 -11.8842 -27.6759
1020 -12.4576 -27.1472
1021 -13.0005  -26.587
1022 -13.5513 -26.0348
1023 -14.0743 -25.4561
1024  -14.618 -24.8968
1025 -15.1379 -24.3153
1026 -15.6621 -23.7378
1027 -15.4852 -22.9781
1028 -14.9543 -22.4066
1029 -14.3531 -21.9097
1030 -13.7794 -21.3813
1031 -13.1875 -20.8733
1032 -12.6282 -20.3296
1033 -12.0192 -19.8422
1034 -11.4523 -19.3065
1035 -10.8539 -18.8061
1036 -10.2744 -18.2841
1037 -9.67195 -17.7886
1038 -9.11532 -17.2422
1039 -8.50969 -16.7507
1040 -7.94993 -16.2075
1041 -7.35512 -15.7029
1042 -6.78135 -15.1745
1043 -6.19481 -14.6604
1044 -5.62669 -14.1259
1045 -5.02099 -13.6344
1046 -4.43918 -13.1149
1047 -3.86158 -12.5907
1048 -3.30856 -12.0407
1049 -2.71701 -11.5323
1050 -2.12615 -11.0231
1051 -1.51111 -10.5434
1052 -0.92882 -10.0244
1053 -0.313147  -9.54548
1054 0.292499 -9.05396
1055 0.912071 -8.58012
1056  1.50839 -8.07731
1057  2.14552 -7.62736
1058  2.74447 -7.12769
1059  3.33634 -6.61967
1060  3.88471 -6.06498
1061   4.6299 -5.83456
1062  5.22362 -6.34043
1063  5.70327 -6.95552
1064  6.18702 -7.56739
1065  6.65789 -8.18923
1066  7.26291 -8.68151
1067  8.00237 -8.43333
1068  8.60432 -7.93729
1069  9.22865 -7.46973
1070  9.81093 -6.95074
1071  10.3976 -6.43672
1072  10.9966 -5.93711
1073   11.616 -5.46302
1074  12.2249 -4.97557
1075  12.8278 -4.48065
1076  13.3807 -3.93053
1077  13.7892 -3.26601
1078  13.503 -2.5404
1079  12.9908 -1.95215
1080  12.4489 -1.39115
1081   11.9476 -0.793588
1082   11.4241 -0.215336
1083  10.9541 0.407164
1084 10.4354 0.98969
1085 9.94801 1.59868
1086 9.41495  2.1681
1087 8.91501 2.76682
1088 8.39815 3.35099
1089 7.90869 3.95831
1090 7.37616 4.52822
1091 6.84656 5.10087
1092 6.32914 5.68455
1093 5.81411 6.27034
1094 5.27744 6.83636
1095 4.78519 7.44141
1096 4.26828 8.02554
1097 3.77563 8.63027
1098 3.23634  9.1938
1099 2.47139 9.34628
1100 1.85878 8.86345
1101 1.29728 8.32206
1102 0.741623  7.77466
1103 0.15679 7.25855
1104 -0.403531   6.71593
1105 -0.974589   6.18461
1106 -1.53664  5.64379
1107 -2.21876  5.26548
1108 -2.98253  5.42377
1109 -2.44498  5.98897
1110 -1.87668  6.52322
1111 -1.34371  7.09274
1112 -10.8448  -28.775
1113 -11.3293 -28.1637
1114 -11.8209 -27.5581
1115 -12.3585 -26.9929
1116 -12.8525 -26.3893
1117  -13.379 -25.8138
1118 -13.8713 -25.2088
1119 -14.4505 -24.6863
1120 -14.9762 -24.1102
1121 -15.4505 -23.4909
1122 -15.0842 -22.8023
1123 -14.5181 -22.2657
1124 -13.9307 -21.7525
1125 -13.3561  -21.225
1126 -12.7533   -20.73
1127 -12.1754 -20.2061
1128 -11.5749 -19.7084
1129 -10.9721 -19.2134
1130 -10.3723 -18.7147
1131   -9.808 -18.1762
1132 -9.20228 -17.6848
1133 -8.62998 -17.1548
1134 -8.02407 -16.6636
1135 -7.45062 -16.1349
1136 -6.85594 -15.6302
1137 -6.28651 -15.0971
1138 -5.68339 -14.6025
1139 -5.14207 -14.0409
1140 -4.54813 -13.5353
1141 -3.98977 -12.9907
1142 -3.42503 -12.4526
1143 -2.85197 -11.9235
1144 -2.23698 -11.4437
1145 -1.65936 -10.9196
1146 -1.04739 -10.4359
1147 -0.46915 -9.91244
1148 0.145292 -9.43196
1149 0.732262 -8.91828
1150 1.32409 -8.4102
1151  1.90049 -7.88469
1152 2.49316 -7.3776
1153   3.0236 -6.80573
1154  3.54712 -6.22752
1155  4.24184 -5.87289
1156  4.91693 -6.26359
1157  5.47025 -6.81336
1158  5.96057 -7.41998
1159  6.48367 -7.99856
1160  7.03458 -8.55075
1161  7.80516 -8.67158
1162  8.39363 -8.15962
1163  8.98432 -7.65022
1164  9.56968 -7.13471
1165   10.143 -6.60581
1166  10.7388 -6.10248
1167  11.3127 -5.57415
1168  11.8873 -5.04673
1169  12.4789 -4.53837
1170  13.0556 -4.01315
1171  13.4812 -3.35955
1172   13.148 -2.65433
1173  12.6214 -2.07891
1174  12.1081 -1.49164
1175   11.5497 -0.947028
1176   11.0185 -0.375848
1177  10.4856 0.193726
1178 9.99831  0.8028
1179 9.47006 1.37669
1180 8.97288  1.9777
1181 8.43636 2.54387
1182 7.93081 3.13785
1183  7.4316 3.73718
1184 6.95087 4.35142
1185 6.41771 4.92076
1186 5.91615 5.51812
1187 5.37181 6.07677
1188 4.84295  6.6501
1189 4.30714 7.21694
1190 3.81635 7.82318
1191 3.26492 8.37484
1192 2.60404 8.78912
1193 1.89756 8.45853
1194 1.31074 7.94468
1195 0.769518    7.383
1196 0.202126  6.84778
1197 -0.353387   6.30023
1198 -0.933415   5.77873
1199 -1.45927  5.20264
1200 -1.99414  4.63491
1201 -2.67446  4.25339
1202 -2.18076  4.85726
1203 -1.61557   5.3948
1204 -1.10356  5.98323
1205 -0.565168   6.54762
1206 -0.0615288    7.14323
1207   19.285 -22.7163
1208 19.8884 -22.222
1209  20.4803 -21.7141
1210  21.0588 -21.1908
1211  21.6724 -20.7093
1212  22.2549 -20.1906
1213  22.8573 -19.6951
1214  23.4374 -19.1737
1215  24.0612 -18.7054
1216    24.67 -18.2178
1217  25.3988 -17.9398
1218  26.0883 -18.3045
1219 25.4835 -18.797
1220   24.841 -19.2393
1221  24.2406 -19.7371
1222  23.6316 -20.2245
1223   23.038 -20.7306
1224  22.4434 -21.2354
1225  21.8719 -21.7662
1226  21.2579 -22.2472
1227  20.6636 -22.7524
1228  20.0325 -23.2108
1229  19.2715 -23.3817
1230  18.7234 -22.8268
1231  18.2822 -22.1836
1232  17.8686 -21.5223
1233  17.4312 -20.8764
1234  17.0066 -20.2221
1235   16.546 -19.5926
1236  16.1021 -18.9512
1237  15.6217 -18.3368
1238  15.1708 -17.7003
1239 14.6586 -17.112
1240  14.1741 -16.5008
1241   13.655 -15.9186
1242  13.1744 -15.3042
1243  12.6467 -14.7298
1244  12.1536 -14.1255
1245  11.6218 -13.5548
1246  11.1349 -12.9455
1247  10.6367 -12.3453
1248  10.1585 -11.7291
1249  9.61248 -11.1721
1250  9.09306 -10.5902
1251 8.56729 -10.014
1252  8.08321 -9.40242
1253   7.6789 -8.73538
1254  7.90948 -7.99024
1255  8.50686 -7.48871
1256  9.15461 -7.05417
1257  9.75836 -6.56031
1258  10.4011 -6.11837
1259  11.0068 -5.62694
1260  11.6315 -5.15994
1261  12.2183 -4.64603
1262  12.8272 -4.15852
1263  13.3478 -3.57771
1264  13.5739 -2.83118
1265  13.1648 -2.16703
1266  12.6948 -1.54459
1267   12.1954 -0.945427
1268   11.7148 -0.331064
1269   11.211 0.264417
1270  10.7271 0.876159
1271 10.221 1.4697
1272 9.73324 2.07838
1273 9.21025 2.65706
1274 8.54133 3.05825
1275 7.85203  2.6932
1276 7.25357 2.19296
1277 6.67097 1.67432
1278 6.05761 1.19246
1279  5.45185 0.701087
1280  4.84886 0.206304
1281   4.25801 -0.302906
1282 3.68269 -0.8296
1283  2.92915 -1.03103
1284   3.39657 -0.406594
1285  3.96025 0.132539
1286 4.56183 0.62903
1287  5.1499 1.14144
1288 5.73873   1.653
1289  19.9671 -20.0432
1290  20.6516 -19.6692
1291  21.3463 -19.3146
1292  22.0476 -18.9731
1293  22.7508 -18.6355
1294  23.4389 -18.2683
1295   24.148 -17.9434
1296  24.8705 -17.6493
1297   25.618 -17.8721
1298  25.0333 -18.3883
1299  24.3635 -18.7881
1300  23.7287 -19.2414
1301  23.0854 -19.6824
1302  22.4682 -20.1594
1303  21.8321 -20.6107
1304  21.2135 -21.0859
1305  20.5729 -21.5308
1306  19.952 -22.003
1307  19.3023 -22.4346
1308  18.5717 -22.7079
1309  17.9487 -22.2385
1310 17.4923 -21.606
1311  17.093 -20.936
1312  16.6296 -20.3086
1313  16.1952 -19.6607
1314  15.719 -19.043
1315  15.2821 -18.3968
1316  14.8067 -17.7784
1317  14.3441 -17.1504
1318  13.8566 -16.5415
1319  13.4311 -15.8878
1320  12.9554 -15.2697
1321  12.5202 -14.6223
1322  12.0411 -14.0068
1323  11.6323 -13.3425
1324  11.1669 -12.7166
1325  10.7338 -12.0679
1326  10.2495 -11.4565
1327  9.79547 -10.8222
1328  9.32284 -10.2017
1329  8.82894 -9.59799
1330 8.29723 -9.0273
1331  7.91841 -8.34547
1332  8.37096 -7.71017
1333  8.97694 -7.21906
1334  9.56071 -6.70175
1335  10.1788 -6.22593
1336   10.773 -5.72065
1337  11.3867 -5.23926
1338  11.9884 -4.74291
1339   12.567 -4.21978
1340  13.1342 -3.68443
1341  13.5896 -3.05114
1342  13.2937 -2.32945
1343   12.823 -1.70745
1344  12.2966 -1.13188
1345   11.8098 -0.522455
1346   11.2829 0.0526761
1347  10.7783 0.647454
1348 10.2426 1.21443
1349 9.73629 1.80777
1350 9.17854 2.35304
1351 8.42743 2.56335
1352 7.77532 2.13539
1353 7.16147 1.65415
1354 6.5862 1.1274
1355  5.97012 0.649022
1356  5.37702 0.142431
1357  4.78245 -0.36243
1358   4.19621 -0.876942
1359  3.61202 -1.39378
1360   2.8375 -1.30146
1361   3.37388 -0.735155
1362   3.90121 -0.160417
1363  4.46868 0.374729
1364  5.01834 0.928145
1365 5.58064 1.46872
1366 6.12465 2.02769
1367 6.67791 2.57751
1368 7.23204 3.12646
1369  23.6146 -19.5001
1370   23.025 -20.0107
1371   22.432 -20.5175
1372  21.8297 -21.0131
1373  21.2109 -21.4879
1374  20.6187 -21.9956
1375  19.9622 -22.4168
1376  19.2115 -22.2049
1377 18.6967 -21.619
1378  18.1864 -21.0291
1379  17.7087 -20.4125
1380  17.1954 -19.8252
1381  16.7138 -19.2116
1382  16.1971 -18.6273
1383 15.6885 -18.036
1384  15.1519 -17.4698
1385  14.6321 -16.8883
1386  14.1141 -16.3051
1387  13.6286 -15.6946
1388   13.103 -15.1183
1389  12.6057 -14.5174
1390  12.0757 -13.9451
1391  11.5658 -13.3548
1392   11.013 -12.8046
1393  10.4804 -12.2347
1394  9.90898 -11.7038
1395  9.40692 -11.1069
1396  8.87998 -10.5318
1397  8.36139 -9.94914
1398   7.8226 -9.38514
1399  7.37398 -8.74706
1400  7.70587 -8.04119
1401  8.34143 -7.58902
1402  8.93927 -7.08803
1403  9.57609 -6.63763
1404  10.1894 -6.15569
1405  10.8208 -5.69781
1406  11.4197 -5.19804
1407   12.043 -4.72909
1408  12.6588 -4.25031
1409  13.2573 -3.75013
1410 13.5464 -3.0257
1411   13.239 -2.30885
1412  12.7383 -1.71079
1413   12.238 -1.11231
1414  11.7493 -0.50442
1415  11.2879 0.124463
1416  10.8093 0.740374
1417 10.3602 1.37813
1418 9.89279 2.00256
1419 9.41506 2.61914
1420 8.92197 3.22352
1421 8.45662  3.8495
1422 7.97039 4.45939
1423 7.52452  5.0994
1424 7.06112 5.72682
1425 6.60099 6.35665
1426 6.11594 6.96749
1427 5.66424 7.60339
1428 5.16633 8.20379
1429 4.70073 8.82958
1430 4.28459  9.4893
1431 4.40826 10.2594
1432 4.97945 10.7906
1433 5.60301 11.2592
1434 6.22898 11.7245
1435 6.64125 12.3867
1436 6.2261 13.047
1437 5.72852 13.6477
1438 5.22453  14.243
1439 4.70576 14.8255
1440 4.19815 15.4177
1441 3.73478 16.0452
1442 3.25583 16.6608
1443 2.78424 17.2821
1444 2.30694  17.899
1445 1.87961 18.5515
1446 1.43752 19.1941
1447 1.00855 19.8456
1448 0.554848  20.4801
1449 0.266265  21.2047
1450 0.949083  21.5818
1451  1.4381 20.9741
1452 1.87922 20.3308
1453  23.5911 -19.9919
1454  22.9988 -20.4994
1455  22.4036 -21.0036
1456  21.8009 -21.4987
1457  21.2217 -22.0211
1458  20.6146 -22.5108
1459  19.8767 -22.7637
1460  19.2645 -22.2804
1461  18.7503 -21.6939
1462  18.3003 -21.0568
1463  17.8149 -20.4462
1464  17.3612 -19.8117
1465  16.8653 -19.2097
1466 16.4022 -18.582
1467   15.909 -17.9778
1468    15.46 -17.3399
1469  14.9523 -16.7478
1470  14.4535 -16.1482
1471  13.9237 -15.5757
1472  13.4344 -14.9682
1473  12.9062 -14.3943
1474  12.4288 -13.7774
1475  11.8999 -13.2041
1476  11.3918 -12.6123
1477  10.8491 -12.0521
1478  10.3173 -11.4815
1479 9.77173 -10.924
1480  9.24787 -10.3461
1481  8.66277 -9.83034
1482 8.08548 -9.3058
1483    7.713 -8.62048
1484  8.12887 -7.96059
1485  8.69956 -7.42889
1486  9.29237 -6.92196
1487  9.8602 -6.3872
1488  10.4258 -5.85013
1489  10.9579 -5.27978
1490 11.5315 -4.7512
1491 12.0999  -4.217
1492  12.7113 -3.73276
1493  13.2379 -3.15731
1494   13.042 -2.40231
1495  12.5496 -1.79734
1496  12.0655 -1.18574
1497   11.5675 -0.585407
1498    11.089 0.0305376
1499  10.6088 0.645239
1500  10.158 1.28178
1501 9.66409 1.88546
1502 9.22221 2.52821
1503 8.72675 3.13064
1504 8.23939 3.73964
1505 7.76816  4.3612
1506 7.32445  5.0027
1507 6.89289 5.65244
1508 6.45862 6.30036
1509  5.9778 6.91454
1510  5.5399 7.56002
1511 5.06634 8.17981
1512 4.62141 8.82047
1513 4.17081 9.45714
1514 4.27222 10.2305
1515 4.83222 10.7735
1516  5.4584 11.2386
1517 6.07856 11.7116
1518 6.39333 12.4253
1519 6.05857 13.1298
1520 5.61797 13.7735
1521 5.15667 14.4024
1522 4.71331 15.0442
1523 4.21278 15.6424
1524 3.78367 16.2937
1525 3.29544  16.902
1526 2.82797 17.5264
1527 2.32683 18.1242
1528  1.8173 18.7147
1529 1.32447 19.3193
1530 0.847592  19.9366
1531 0.350716  20.5378
1532 0.0057478   21.2374
1533 0.283514  21.9662
1534 0.807592  21.3885
1535 1.31866 20.7993
1536 1.85247 20.2306
1537 -9.75107  1.38341
1538 -9.16509  1.89822
1539 -8.56423  2.39558
1540 -8.01555  2.94997
1541 -7.44493  3.48176
1542 -6.92575  4.06387
1543 -6.37065  4.61183
1544 -5.82239  5.16664
1545 -5.04504  5.23081
1546 -4.45741  4.71788
1547 -3.9446 4.13015
1548 -3.40364  3.56822
1549 -2.92155  2.95504
1550 -2.39518  2.37942
1551 -1.9126 1.76663
1552 -1.39139  1.18634
1553 -0.911214   0.57166
1554   -0.388719 -0.00747627
1555 0.0964924  -0.61819
1556 0.641658 -1.17604
1557 1.16666 -1.7529
1558  1.70696 -2.31547
1559 2.22125 -2.9019
1560  2.77164 -3.45459
1561  3.32624 -4.00306
1562  3.88376 -4.54856
1563  4.41342 -5.12115
1564  4.94746 -5.68966
1565  5.43204 -6.30087
1566  5.95052 -6.88361
1567  6.45755 -7.47633
1568  7.02644 -8.00997
1569  7.69558 -8.41078
1570  8.38941 -8.05441
1571  8.94696 -7.50894
1572  9.45874 -6.92032
1573  10.0141 -6.37265
1574  10.5429 -5.79921
1575    11.11 -5.26372
1576  11.6337 -4.68568
1577  12.1899 -4.13882
1578  12.6894 -3.53974
1579  13.2736 -3.02294
1580   13.998 -3.31216
1581   14.587 -3.82356
1582  15.1855 -4.32377
1583  15.7475 -4.86467
1584  16.3429 -5.36848
1585    16.91 -5.90401
1586 17.5149 -6.3965
1587  18.0829 -6.93106
1588  18.6565 -7.45968
1589  19.1985 -8.02053
1590  19.7701 -8.55135
1591  20.3118 -9.11251
1592  20.8811 -9.64575
1593  21.4099 -10.2191
1594  21.9461 -10.7856
1595   22.482 -11.3524
1596  23.0619 -11.8739
1597  23.712 -12.305
1598 24.3822 -11.906
1599   24.971 -11.3945
1600  25.5521 -10.8742
1601  26.149 -10.372
1602   26.861 -10.0535
1603  27.4966 -10.5056
1604 28.0767 -11.027
1605 28.6424 -11.564
1606  29.2086 -12.1005
1607  29.7459 -12.6659
1608  30.2961 -13.2188
1609  30.8124 -13.8035
1610  31.3647 -14.3543
1611   31.878 -14.9416
1612  32.4119 -15.5102
1613  32.9121 -16.1087
1614  32.8576 -16.8868
1615  32.3143 -16.3271
1616  31.7654 -15.7729
1617  31.1693 -15.2698
1618  30.5904 -14.7472
1619 -10.6683  1.88283
1620 -10.0626  2.37423
1621  -9.457 2.86583
1622 -8.83049  3.33046
1623 -8.24161  3.84195
1624 -7.60573  4.29367
1625 -7.01832  4.80685
1626 -6.3975 5.27906
1627 -5.71143  5.65016
1628 -5.08266  5.18859
1629 -4.54228  4.62611
1630 -4.0407 4.02876
1631 -3.50004  3.46655
1632 -2.99699  2.87044
1633 -2.48415  2.28274
1634 -2.00265   1.6691
1635 -1.48749  1.08343
1636 -0.988212   0.48416
1637  -0.456596 -0.0866154
1638 0.0634234 -0.667977
1639 0.587848 -1.24537
1640  1.07869 -1.85157
1641  1.61304 -2.41978
1642  2.13811 -2.99658
1643  2.69903 -3.53859
1644  3.23308 -4.10708
1645  3.78607 -4.65718
1646  4.29231 -5.25058
1647  4.83525 -5.81059
1648  5.35084 -6.39589
1649  5.90978 -6.93993
1650  6.44823 -7.50426
1651  7.03544 -8.01767
1652  7.72723 -8.37797
1653  8.40632 -7.99425
1654  8.97973 -7.46548
1655 9.53442 -6.9171
1656  10.0779 -6.35763
1657  10.6055 -5.78311
1658  11.1709 -5.24582
1659  11.7139 -4.68584
1660  12.2874 -4.15712
1661  12.8133 -3.58113
1662   13.418 -3.08847
1663  14.1434 -3.37524
1664  14.7048 -3.91679
1665  15.265 -4.4595
1666  15.8033 -5.02396
1667  16.3879 -5.54035
1668  16.9386 -6.09272
1669   17.519 -6.61383
1670   18.075 -7.16085
1671  18.6448 -7.69358
1672  19.1692 -8.27101
1673  19.7248 -8.81847
1674  20.2351 -9.40832
1675 20.8089 -9.9367
1676  21.3455 -10.5028
1677  21.9015 -11.0499
1678  22.4398 -11.6143
1679  23.0247 -12.1304
1680   23.689 -12.5392
1681  24.3494 -12.1241
1682   24.904 -11.5756
1683  25.4429 -11.0118
1684  25.9984 -10.4642
1685  26.7153 -10.1568
1686  27.3477 -10.6134
1687  27.9332 -11.1288
1688   28.501 -11.6636
1689  29.0905 -12.1744
1690  29.6303 -12.7374
1691  30.1923 -13.2782
1692  30.7201 -13.8526
1693  31.2935 -14.3813
1694  31.8465 -14.9314
1695  32.3895 -15.4914
1696  32.9144 -16.0684
1697  32.9656 -16.8467
1698  32.3193 -16.4099
1699  31.8309 -15.8018
1700  31.3397 -15.1958
1701  30.7628 -14.6709
