10 -5.66554  5.61693 10 1
11 -6.34569  5.17647 10 1
12 -6.97842  4.67084 10 1
13 -7.60264  4.15489 10 1
14 -8.22569  3.63755 10 1
15 -8.85993  3.13379 10 1
16  -9.502 2.63992 10 1
17 -10.1307  2.12935 10 1
18 -10.7685  1.63003 10 1
19 -11.3793  1.09854 10 1
20 -12.0169  0.59901 10 1
21  -12.6327 0.0731791 10 1
22  -13.2531 -0.447293 10 1
23  -13.8539 -0.989904 10 1
24 -14.4728 -1.51217 10 1
25 -15.0852 -2.04184 10 1
26 -15.6942 -2.57545 10 1
27 -16.2632 -3.15063 10 1
28 -16.8662 -3.69089 10 1
29 -17.4847 -4.21358 10 1
30 -18.1077 -4.73091 10 1
31 -18.7101 -5.27186 10 1
32 -19.3467 -5.77261 10 1
33 -19.9761 -6.28228 10 1
34 -20.5943 -6.80532 10 1
35  -21.193 -7.35025 10 1
36 -21.8153 -7.86846 10 1
37 -22.3959 -8.43227 10 1
38 -22.9832 -8.98913 10 1
39 -23.5845 -9.53121 10 1
40 -24.1647 -10.0954 10 1
41 -24.7391 -10.6654 10 1
42 -25.3187 -11.2301 10 1
43 -25.8119 -11.8699 10 1
44 -25.3373 -12.5137 1 2
45 -24.8352 -13.1363 1 2
46 -24.3258 -13.7529 1 2
47 -23.8433 -14.3908 1 2
48 -23.3298  -15.004 1 2
49 -22.7747 -15.5796 1 2
50 -22.2354 -16.1701 1 2
51 -21.6969 -16.7614 1 2
52 -21.1728 -17.3655 1 2
53  -20.638 -17.9602 1 2
54 -20.0764 -18.5294 1 2
55 -19.5452 -19.1273 1 2
56 -18.9934 -19.7061 1 2
57 -18.4789 -20.3185 1 2
58 -17.9517 -20.9198 1 2
59 -17.4237 -21.5205 1 2
60 -16.8914 -22.1174 1 2
61 -16.3646 -22.7192 1 2
62 -15.7786 -23.2631 1 2
63  -14.981 -23.1643 2 9
64 -14.3067 -22.7126 2 9
65 -13.6928 -22.1804 2 9
66 -13.0934 -21.6315 2 9
67 -12.5051 -21.0709 2 9
68 -11.9211 -20.5056 2 9
69 -11.3567 -19.9205 2 9
70 -10.7648 -19.3636 2 9
71 -10.1641 -18.8163 2 9
72 -9.58717 -18.2437 2 9
73 -9.01861 -17.6628 2 9
74 -8.42852 -17.1039 2 9
75 -7.83619 -16.5474 2 9
76 -7.24286  -15.992 2 9
77 -6.64504 -15.4415 2 9
78 -6.04593 -14.8925 2 9
79 -5.44511 -14.3453 2 9
80 -4.84359 -13.7989 2 9
81 -4.21432 -13.2851 2 9
82 -3.60067 -12.7525 2 9
83 -2.95951  -12.254 2 9
84 -2.31453 -11.7605 2 9
85 -1.68066 -11.2525 2 9
86  -1.0654 -10.7218 2 9
87 -0.46665 -10.1724 2 9
88 0.151675  -9.6453 2 9
89 0.755921 -9.10194 2 9
90 1.38212 -8.5844 2 9
91   2.0264 -8.08996 2 9
92  2.62718 -7.54273 2 9
93    3.247 -7.01745 2 9
94  3.87935 -6.50756 2 9
95   4.5352 -6.02891 2 9
96  5.03672 -6.67144 9 7
97  5.53625 -7.31559 9 7
98  6.01356 -7.97724 9 7
99  6.52411 -8.61223 9 7
100  7.02769 -9.25305 9 7
101  7.57637 -9.85348 9 7
102  8.09857 -10.4784 9 7
103  8.64896 -11.0772 9 7
104  9.17429 -11.6993 9 7
105  9.68608 -12.3332 9 7
106  10.2202 -12.9474 9 7
107  10.7237 -13.5883 9 7
108  11.2266 -14.2297 9 7
109  11.7338 -14.8675 9 7
110 12.2565 -15.492 9 7
111  12.7783 -16.1172 9 7
112  13.2878 -16.7531 9 7
113  13.7944 -17.3914 9 7
114  14.3027 -18.0283 9 7
115  14.8269 -18.6515 9 7
116  15.3431 -19.2816 9 7
117  15.8646 -19.9071 9 7
118  16.3809 -20.5372 9 7
119  16.7743 -21.2543 9 7
120  16.5312 -21.9899 7 4
121  15.9393 -22.5063 7 4
122  15.3172 -22.9878 7 4
123 14.7252 -23.504 7 4
124  14.1468 -24.0347 7 4
125  13.5665 -24.5635 7 4
126   12.973 -25.0782 7 4
127  12.3789 -25.5921 7 4
128  11.7796 -26.1003 7 4
129  11.1689 -26.5955 7 4
130  10.5584 -27.0908 7 4
131 9.95901 -27.599 7 4
132  9.36554 -28.1136 7 4
133  8.75951 -28.6142 7 4
134  8.15032 -29.1111 7 4
135  7.54214 -29.6092 7 4
136  6.95346 -30.1291 7 4
137  6.35732 -30.6408 7 4
138 5.75441 -31.145 7 4
139  5.15426 -31.6522 7 4
140  4.55886 -32.1648 7 4
141  3.96474 -32.6787 7 4
142  3.37813 -33.2008 7 4
143 2.79539 -33.727 7 4
144 2.23312 -34.274 7 4
145  1.64282 -34.7921 7 4
146  1.03733 -35.2933 7 4
147 0.453498 -35.8183 7 4
148 -0.159104  -36.3113 7 4
149 -0.770021  -36.8061 7 4
150 -1.38428 -37.2971 7 4
151 -2.01302 -37.7703 7 4
152 -2.64561 -38.2386 7 4
173 -5.66764  5.62748 10 1
174 -6.47644  5.54885 10 1
175 -7.0988 5.07945 10 1
176 -7.6703 4.55792 10 1
177 -8.25813  4.05207 10 1
178 -8.85623  3.55658 10 1
179 -9.47114   3.0789 10 1
180 -10.0858  2.60096 10 1
181 -10.6864  2.10807 10 1
182 -11.2712   1.5992 10 1
183 -11.8543  1.08875 10 1
184 -12.4372 0.578052 10 1
185  -13.0399 0.0873628 10 1
186  -13.6467 -0.399047 10 1
187  -14.2327 -0.906764 10 1
188 -14.8243 -1.40884 10 1
189 -15.4156 -1.91116 10 1
190 -15.9847 -2.43495 10 1
191 -16.5772 -2.93616 10 1
192 -17.1712 -3.43578 10 1
193 -17.7456  -3.9546 10 1
194 -18.3177 -4.47556 10 1
195 -18.8927 -4.99387 10 1
196  -19.461 -5.51838 10 1
197 -20.0023 -6.06668 10 1
198  -20.568 -6.59358 10 1
199 -21.1424 -7.11234 10 1
200 -21.7523 -7.59543 10 1
201 -22.3585 -8.08251 10 1
202 -22.9572 -8.57738 10 1
203 -23.5729 -9.05418 10 1
204 -24.1938 -9.52525 10 1
205 -24.7919 -10.0207 10 1
206 -25.3987 -10.5072 10 1
207 -25.7837 -11.1577 10 1
208 -25.8127  -11.889 10 1
209 -25.3581 -12.5489 1 2
210 -24.8447 -13.1616 1 2
211 -24.3087 -13.7534 1 2
212  -23.779 -14.3513 1 2
213 -23.2514 -14.9511 1 2
214 -22.7193 -15.5467 1 2
215  -22.183 -16.1382 1 2
216 -21.6604 -16.7426 1 2
217 -21.1301 -17.3399 1 2
218 -20.6094  -17.946 1 2
219 -20.0742 -18.5386 1 2
220 -19.5479 -19.1397 1 2
221  -19.012 -19.7316 1 2
222 -18.4729 -20.3204 1 2
223 -17.9373 -20.9127 1 2
224 -17.4149 -21.5173 1 2
225 -16.8766 -22.1069 1 2
226 -16.3383 -22.6965 1 2
227 -15.7782 -23.2642 1 2
228 -15.0323  -23.005 2 9
229 -14.4496 -22.4746 2 9
230 -13.8811 -21.9292 2 9
231 -13.3196 -21.3767 2 9
232 -12.7576 -20.8247 2 9
233 -12.1733  -20.296 2 9
234 -11.6021 -19.7534 2 9
235 -11.0483 -19.1933 2 9
236 -10.4618  -18.667 2 9
237 -9.89287  -18.122 2 9
238 -9.31282 -17.5887 2 9
239 -8.73346 -17.0547 2 9
240  -8.1412 -16.5348 2 9
241 -7.55388 -16.0094 2 9
242 -6.99425 -15.4551 2 9
243 -6.43356 -14.9017 2 9
244 -5.87284 -14.3485 2 9
245 -5.28899 -13.8193 2 9
246 -4.71213 -13.2826 2 9
247 -4.10602 -12.7787 2 9
248 -3.52959 -12.2415 2 9
249 -2.93194 -11.7277 2 9
250 -2.35083 -11.1956 2 9
251 -1.77413 -10.6587 2 9
252 -1.19382 -10.1257 2 9
253 -0.567505   -9.6468 2 9
254 0.0556855  -9.16388 2 9
255 0.678914 -8.68101 2 9
256 1.28787 -8.1805 2 9
257  1.90369 -7.68833 2 9
258  2.52832 -7.20725 2 9
259  3.15026 -6.72274 2 9
260  3.78295 -6.25217 2 9
261  4.53834 -6.02205 2 9
262  5.21274 -6.45141 9 7
263 5.71035 -7.0684 9 7
264 6.22486 -7.6722 9 7
265  6.71082 -8.29786 9 7
266  7.23421 -8.89442 9 7
267  7.74493 -9.50124 9 7
268   8.2803 -10.0877 9 7
269  8.79241 -10.6934 9 7
270  9.30892 -11.2956 9 7
271  9.80476 -11.9139 9 7
272  10.3013 -12.5317 9 7
273  10.7788 -13.1634 9 7
274  11.3089 -13.7544 9 7
275  11.8251 -14.3569 9 7
276  12.3474 -14.9543 9 7
277  12.8637 -15.5566 9 7
278  13.3688 -16.1679 9 7
279  13.8542 -16.7939 9 7
280  14.3587 -17.4057 9 7
281 14.8737 -18.009 9 7
282  15.3836 -18.6165 9 7
283 15.8753 -19.238 9 7
284  16.3704 -19.8568 9 7
285  16.8091 -20.5144 9 7
286  16.7805 -21.2881 9 7
287  16.2236 -21.8847 7 4
288  15.6426 -22.4525 7 4
289  15.0299 -22.9781 7 4
290 14.4425 -23.538 7 4
291  13.8557 -24.0985 7 4
292  13.2392 -24.6185 7 4
293  12.6233 -25.1395 7 4
294   12.022 -25.6808 7 4
295  11.4367 -26.2433 7 4
296  10.8464 -26.7995 7 4
297  10.2443 -27.3399 7 4
298  9.66076 -27.9046 7 4
299  9.12536 -28.5244 7 4
300   8.5373 -29.0834 7 4
301   7.9604 -29.6564 7 4
302   7.3668 -30.2082 7 4
303  6.77767 -30.7658 7 4
304  6.19511 -31.3317 7 4
305  5.59505 -31.8749 7 4
306  4.99176 -32.4136 7 4
307  4.38519 -32.9478 7 4
308  3.78545 -33.4914 7 4
309  3.16351 -34.0034 7 4
310   2.5472 -34.5237 7 4
311  1.93536 -35.0505 7 4
312 1.29117 -35.527 7 4
313 0.645073 -36.0002 7 4
314 0.00604132   -36.4854 7 4
315 -0.644806  -36.9504 7 4
316 -1.28958 -37.4259 7 4
317 -1.94891 -37.8756 7 4
318 -2.65675 -38.2159 7 4
342  16.7807 -21.2605 7 4
343 16.3395 -21.876 7 4
344  15.7647 -22.3746 7 4
345  15.1964 -22.8803 7 4
346 14.6025 -23.357 7 4
347 14.0382 -23.867 7 4
348  13.4477 -24.3478 7 4
349  12.8883 -24.8628 7 4
350  12.2986 -25.3446 7 4
351  11.7417 -25.8623 7 4
352  11.1537 -26.3459 7 4
353  10.6024 -26.8693 7 4
354   10.023 -27.3628 7 4
355  9.46927 -27.8837 7 4
356  8.89226 -28.3798 7 4
357  8.33788 -28.9001 7 4
358  7.76275 -29.3983 7 4
359  7.20499 -29.9151 7 4
360  6.6278 -30.411 7 4
361   6.0779 -30.9358 7 4
362  5.49885 -31.4297 7 4
363  4.92899 -31.9337 7 4
364  4.34109 -32.4175 7 4
365  3.76781 -32.9178 7 4
366  3.20009 -33.4241 7 4
367  2.65497 -33.9536 7 4
368  2.08893 -34.4616 7 4
369  1.55468 -35.0016 7 4
370 0.968858 -35.4879 7 4
371 0.407134 -36.0005 7 4
372 -0.194808  -36.4676 7 4
373 -0.76323 -36.9732 7 4
374 -1.35151 -37.4566 7 4
375 -1.94424 -37.9348 7 4
376 -2.64677 -38.2429 7 4
377 -3.32591 -37.8885 4 2
378 -3.79785 -37.2808 4 2
379 -4.28649 -36.6869 4 2
380 -4.73441 -36.0608 4 2
381 -5.23556 -35.4777 4 2
382 -5.71123  -34.873 4 2
383 -6.22158 -34.2981 4 2
384 -6.69993 -33.6956 4 2
385 -7.19708  -33.109 4 2
386 -7.67493 -32.5061 4 2
387 -8.19038 -31.9359 4 2
388 -8.68064 -31.3433 4 2
389 -9.19677 -30.7737 4 2
390 -9.66434 -30.1626 4 2
391 -10.1975 -29.6093 4 2
392 -10.6976 -29.0253 4 2
393 -11.1977 -28.4412 4 2
394 -11.6755 -27.8383 4 2
395 -12.1938 -27.2707 4 2
396 -12.7205 -26.7112 4 2
397 -13.2639 -26.1682 4 2
398 -13.7903 -25.6084 4 2
399 -14.3198 -25.0515 4 2
400 -14.8453 -24.4908 4 2
401 -15.3261 -23.8903 4 2
402 -15.7806 -23.2691 4 2
403 -15.6758 -22.5166 2 9
404 -15.1513 -21.9568 2 9
405 -14.5907 -21.4316 2 9
406 -13.9915 -20.9488 2 9
407 -13.3969 -20.4606 2 9
408 -12.7655 -20.0185 2 9
409 -12.1695 -19.5318 2 9
410 -11.5601 -19.0613 2 9
411 -10.9834  -18.553 2 9
412  -10.402 -18.0498 2 9
413 -9.83457 -17.5317 2 9
414 -9.23762 -17.0462 2 9
415 -8.63694 -16.5651 2 9
416 -8.02314    -16.1 2 9
417 -7.40576 -15.6395 2 9
418 -6.78429 -15.1843 2 9
419 -6.20427 -14.6796 2 9
420 -5.59484 -14.2091 2 9
421 -5.00962 -13.7102 2 9
422 -4.39065 -13.2517 2 9
423 -3.79903   -12.76 2 9
424 -3.18337 -12.2973 2 9
425 -2.58874 -11.8091 2 9
426 -1.94987 -11.3773 2 9
427  -1.3317 -10.9178 2 9
428 -0.692317  -10.4867 2 9
429 -0.0950564   -10.0016 2 9
430 0.528346 -9.54885 2 9
431 1.12111 -9.0585 2 9
432   1.7487 -8.61128 2 9
433  2.35934 -8.14229 2 9
434  2.98783 -7.69627 2 9
435  3.57846 -7.20347 2 9
436  4.13716 -6.67631 2 9
437  4.53653 -6.02501 2 9
438  4.30786 -5.32717 9 10
439  3.82509 -4.76336 9 10
440  3.3634 -4.1834 9 10
441  2.86105 -3.63565 9 10
442  2.40036 -3.05496 9 10
443  1.90172 -2.50408 9 10
444  1.43588 -1.92721 9 10
445 0.952831 -1.36362 9 10
446  0.475017 -0.795915 9 10
447 -0.0223979  -0.244015 9 10
448 -0.494867  0.327829 9 10
449 -1.00802  0.86625 9 10
450 -1.50119  1.42166 9 10
451 -1.99238   1.9787 9 10
452 -2.48459   2.5349 9 10
453 -2.97112  3.09571 9 10
454 -3.45588  3.65794 9 10
455 -3.95887  4.20514 9 10
456 -4.44735  4.76438 9 10
457 -4.96978  5.29452 9 10
458 -5.65277  5.62036 9 10
459 -6.33045  5.30323 10 1
460 -6.92534  4.82599 10 1
461 -7.49299  4.31083 10 1
462 -8.08033  3.82259 10 1
463 -8.62678  3.28092 10 1
464 -9.20195  2.77575 10 1
465 -9.75535  2.24251 10 1
466 -10.3401  1.75058 10 1
467 -10.9063  1.23351 10 1
468 -11.5001 0.754636 10 1
469 -12.0805 0.256683 10 1
470  -12.6739 -0.222719 10 1
471  -13.2465 -0.731371 10 1
472 -13.8317 -1.22262 10 1
473 -14.4047 -1.73083 10 1
474 -14.9976 -2.21089 10 1
475 -15.5815 -2.70401 10 1
476 -16.1666 -3.19556 10 1
477 -16.7148 -3.73503 10 1
478 -17.2915 -4.23818 10 1
479 -17.8459 -4.77019 10 1
480 -18.4352 -5.25557 10 1
481 -19.0134 -5.75669 10 1
482 -19.6051  -6.2386 10 1
483  -20.191 -6.72892 10 1
484 -20.7801 -7.21457 10 1
485 -21.3522 -7.72394 10 1
486 -21.9453 -8.20379 10 1
487 -22.5227 -8.70596 10 1
488  -23.135 -9.15612 10 1
489 -23.7149 -9.65478 10 1
490 -24.2914 -10.1582 10 1
491 -24.8744 -10.6526 10 1
492 -25.4253 -11.1888 10 1
493 -25.8345 -11.8593 10 1
513  16.7851 -21.2654 7 4
514  16.2723 -21.8283 7 4
515  15.6925 -22.3202 7 4
516  15.0665 -22.7507 7 4
517  14.4712 -23.2235 7 4
518  13.8667 -23.6841 7 4
519  13.2997 -24.1911 7 4
520  12.7232 -24.6869 7 4
521  12.1674 -25.2065 7 4
522 11.5923 -25.704 7 4
523  11.0371 -26.2242 7 4
524  10.4561 -26.7147 7 4
525  9.90738 -27.2418 7 4
526  9.35169 -27.7614 7 4
527  8.82079 -28.3069 7 4
528   8.2488 -28.8081 7 4
529  7.68597 -29.3198 7 4
530 7.10472  -29.81 7 4
531  6.53824 -30.3175 7 4
532  5.94659 -30.7949 7 4
533  5.36703 -31.2871 7 4
534  4.77454 -31.7634 7 4
535  4.22459 -32.2892 7 4
536  3.67216 -32.8124 7 4
537   3.1052 -33.3194 7 4
538  2.52068 -33.8056 7 4
539  1.97047 -34.3312 7 4
540  1.39928 -34.8333 7 4
541 0.849649 -35.3594 7 4
542 0.281928 -35.8656 7 4
543 -0.263838  -36.3958 7 4
544 -0.838565  -36.8938 7 4
545 -1.39753 -37.4098 7 4
546 -1.96898 -37.9117 7 4
547 -2.65053  -38.246 7 4
548 -3.30559 -37.8847 4 2
549 -3.82402 -37.3517 4 2
550 -4.30358 -36.7844 4 2
551 -4.80836 -36.2388 4 2
552 -5.28322 -35.6677 4 2
553 -5.75299 -35.0924 4 2
554 -6.21885  -34.514 4 2
555 -6.70767 -33.9544 4 2
556  -7.1695 -33.3729 4 2
557  -7.6441 -32.8015 4 2
558 -8.09922 -32.2148 4 2
559 -8.60189 -31.6673 4 2
560 -9.08006 -31.0989 4 2
561 -9.58166 -30.5505 4 2
562 -10.0907 -30.0088 4 2
563 -10.6054 -29.4723 4 2
564 -11.0993 -28.9172 4 2
565 -11.6121 -28.3789 4 2
566 -12.1156 -27.8322 4 2
567 -12.6411 -27.3061 4 2
568 -13.1333 -26.7494 4 2
569 -13.6362 -26.2022 4 2
570 -14.1312 -25.6479 4 2
571 -14.6414 -25.1074 4 2
572 -15.1398 -24.5561 4 2
573 -15.6214 -23.9904 4 2
574 -15.7799 -23.2644 4 2
575 -15.2724 -22.6661 2 9
576 -14.6681 -22.1621 2 9
577 -14.0607 -21.6618 2 9
578 -13.4521 -21.1627 2 9
579 -12.8739   -20.63 2 9
580   -12.25 -20.1496 2 9
581 -11.6425 -19.6494 2 9
582 -11.0057 -19.1858 2 9
583 -10.4107 -18.6712 2 9
584 -9.78153 -18.1976 2 9
585 -9.17471 -17.6965 2 9
586 -8.54565 -17.2228 2 9
587 -7.94621 -16.7132 2 9
588 -7.32236 -16.2328 2 9
589 -6.71592 -15.7313 2 9
590 -6.09755 -15.2441 2 9
591 -5.51139 -14.7198 2 9
592 -4.90128 -14.2227 2 9
593   -4.301 -13.7141 2 9
594 -3.68215 -13.2275 2 9
595 -3.09079 -12.7089 2 9
596  -2.4719 -12.2223 2 9
597 -1.87418 -11.7108 2 9
598 -1.25283 -11.2273 2 9
599 -0.642609  -10.7302 2 9
600 -0.0213525   -10.2466 2 9
601 0.593575 -9.75521 2 9
602    1.228 -9.28841 2 9
603  1.85749 -8.81519 2 9
604  2.48674 -8.34166 2 9
605  3.07672 -7.82153 2 9
606  3.66503 -7.29957 2 9
607  4.21069 -6.73462 2 9
608  4.53683 -6.02538 2 9
609  4.24386 -5.34428 9 10
610 3.82902 -4.7289 9 10
611  3.34787 -4.16254 9 10
612  2.90017 -3.57009 9 10
613  2.41692 -3.00547 9 10
614  1.96212 -2.41832 9 10
615   1.4589 -1.87084 9 10
616 0.990199 -1.29442 9 10
617   0.49144 -0.743013 9 10
618 0.0117954 -0.175409 9 10
619 -0.489863  0.373454 9 10
620 -0.978668  0.933428 9 10
621 -1.48301  1.47991 9 10
622 -1.99274  2.02153 9 10
623 -2.50781  2.55826 9 10
624 -3.00344  3.11239 9 10
625 -3.48644  3.67723 9 10
626 -3.94105  4.26452 9 10
627 -4.43393  4.82103 9 10
628 -4.95647  5.35074 9 10
629 -5.65991  5.61908 9 10
630 -6.36097  5.28936 10 1
631 -6.96168  4.78241 10 1
632 -7.56949  4.28502 10 1
633 -8.14509   3.7465 10 1
634 -8.7267 3.21524 10 1
635 -9.30593  2.68108 10 1
636 -9.90031  2.16585 10 1
637 -10.499 1.65627 10 1
638 -11.0991  1.14842 10 1
639 -11.6674 0.601395 10 1
640   -12.248 0.0688355 10 1
641  -12.8248 -0.468246 10 1
642    -13.44 -0.955276 10 1
643 -14.0429 -1.45927 10 1
644 -14.6543 -1.95175 10 1
645 -15.2457 -2.47085 10 1
646  -15.851 -2.97166 10 1
647 -16.4322 -3.50339 10 1
648 -17.0327 -4.01058 10 1
649 -17.6307 -4.52111 10 1
650 -18.2145 -5.04973 10 1
651 -18.7978  -5.5789 10 1
652 -19.4018 -6.08151 10 1
653 -19.9914 -6.60282 10 1
654 -20.6051 -7.09201 10 1
655 -21.2025 -7.60329 10 1
656 -21.8021 -8.11177 10 1
657 -22.4012 -8.62086 10 1
658 -23.0011  -9.1289 10 1
659 -23.5898 -9.65128 10 1
660 -24.1945  -10.153 10 1
661 -24.7778 -10.6821 10 1
662 -25.3532 -11.2209 10 1
663  -25.827 -11.8603 10 1
679   -15.78 -23.2686 2 9
680 -15.6417 -22.5157 2 9
681 -15.1003 -21.9724 2 9
682 -14.4776 -21.5223 2 9
683  -13.898 -21.0192 2 9
684 -13.283 -20.559 2 9
685 -12.6894 -20.0721 2 9
686 -12.0788 -19.6061 2 9
687 -11.4975 -19.1048 2 9
688 -10.8782 -18.6503 2 9
689 -10.3187 -18.1253 2 9
690 -9.74094   -17.62 2 9
691 -9.16535 -17.1123 2 9
692 -8.57159 -16.6256 2 9
693 -8.02394 -16.0884 2 9
694 -7.41634 -15.6187 2 9
695 -6.84319 -15.1083 2 9
696 -6.24481 -14.6271 2 9
697 -5.69075 -14.0965 2 9
698 -5.07775 -13.6336 2 9
699 -4.51217  -13.115 2 9
700  -3.9105 -12.6379 2 9
701 -3.34419 -12.1201 2 9
702 -2.73929  -11.647 2 9
703  -2.1562 -11.1478 2 9
704 -1.55283 -10.6727 2 9
705 -0.973074  -10.1697 2 9
706 -0.358611  -9.70878 2 9
707 0.224213 -9.20926 2 9
708 0.856368 -8.77233 2 9
709  1.45038 -8.28588 2 9
710  2.09242 -7.86325 2 9
711  2.68408 -7.37401 2 9
712  3.30479 -6.92134 2 9
713  3.87719 -6.41015 2 9
714  4.54091 -6.02145 2 9
715  5.28433 -6.35844 9 37
716 5.80988 -6.9718 9 37
717  6.34685 -7.57584 9 37
718  6.8959 -8.1696 9 37
719   7.5225 -8.68583 9 37
720  8.24802 -8.48665 37 64
721  8.78791 -7.95595 37 64
722  9.35926 -7.46071 37 64
723  9.88403 -6.91443 37 64
724  10.4395 -6.40079 37 64
725   10.998 -5.89048 37 64
726 11.5587 -5.3827 37 64
727  12.1128 -4.86755 37 64
728  12.6658 -4.35108 37 64
729  13.1296 -3.74987 37 64
730  13.4589 -3.06082 37 64
731  13.1271 -2.39149 64 88
732  12.6802 -1.79467 64 88
733  12.1815 -1.24091 64 88
734   11.7282 -0.649043 64 88
735    11.2381 -0.0875655 64 88
736   10.776 0.497318 64 88
737 10.2985 1.06961 64 88
738 9.84531 1.66159 64 88
739 9.35216 2.22034 64 88
740 8.82089 2.74286 64 88
741 8.09287 2.92215 64 88
742 7.39824 2.45914 88 89
743 6.78168 1.89846 88 89
744 6.15515 1.34858 88 89
745  5.52541 0.802282 88 89
746   4.8694 0.286934 88 89
747   4.21508 -0.230501 88 89
748    3.5706 -0.759844 88 89
749  2.88019 -1.22906 88 89
763 -15.7799 -23.2686 2 9
764 -15.5617 -22.5347 2 9
765 -15.0586 -21.9555 2 9
766  -14.446 -21.4909 2 9
767 -13.8427 -21.0146 2 9
768 -13.2286 -20.5519 2 9
769 -12.6381 -20.0601 2 9
770 -12.0299 -19.5899 2 9
771 -11.4402 -19.0972 2 9
772 -10.816 -18.648 2 9
773 -10.2439 -18.1353 2 9
774 -9.65424 -17.6426 2 9
775 -9.10036 -17.1107 2 9
776 -8.52384  -16.603 2 9
777 -7.97227 -16.0688 2 9
778 -7.38407 -15.5744 2 9
779 -6.82032 -15.0528 2 9
780 -6.22119 -14.5713 2 9
781 -5.65445 -14.0529 2 9
782 -5.05178 -13.5758 2 9
783 -4.47783 -13.0652 2 9
784 -3.87804 -12.5846 2 9
785  -3.2992 -12.0794 2 9
786 -2.70974 -11.5864 2 9
787  -2.1362 -11.0754 2 9
788 -1.52848 -10.6046 2 9
789 -0.952913  -10.0958 2 9
790 -0.350767  -9.61803 2 9
791 0.230763 -9.11592 2 9
792 0.844314 -8.65253 2 9
793  1.42385 -8.14817 2 9
794  2.02965 -7.67494 2 9
795  2.60971 -7.17117 2 9
796  3.20177 -6.68123 2 9
797  3.78414 -6.18008 2 9
798  4.54134 -6.02067 2 9
799 5.21364 -6.4788 9 37
800  5.73064 -7.09543 9 37
801  6.26972 -7.69453 9 37
802   6.8054 -8.29642 9 37
803  7.52194 -8.68713 9 37
804  8.17236 -8.31627 37 64
805  8.72945 -7.81399 37 64
806   9.2926 -7.31869 37 64
807  9.83186 -6.79682 37 64
808  10.3929 -6.29908 37 64
809  10.9203 -5.76488 37 64
810  11.4916 -5.27919 37 64
811  12.0465 -4.77445 37 64
812  12.6144 -4.28469 37 64
813  13.1334 -3.74211 37 64
814  13.4586 -3.05974 37 64
815  13.1551 -2.36962 64 88
816  12.7189 -1.75679 64 88
817  12.2215 -1.19301 64 88
818   11.7753 -0.587445 64 88
819    11.3149 0.00715918 64 88
820  10.8634 0.608709 64 88
821 10.3797  1.1844 64 88
822 9.91278 1.77386 64 88
823 9.40395 2.32728 64 88
824 8.84814 2.83338 64 88
825 8.09957 2.94333 64 88
826 7.44042 2.55137 88 89
827  6.8379 2.08952 88 89
828 6.23734 1.62553 88 89
829 5.6453 1.1524 88 89
830  5.02281 0.713363 88 89
831  4.41129 0.261571 88 89
832   3.78747 -0.175893 88 89
833   3.12926 -0.569151 88 89
834  2.87457 -1.25148 88 89
850 -15.7804 -23.2688 2 9
851 -15.2787 -22.6947 2 9
852 -14.6915 -22.2071 2 9
853 -14.1133 -21.7091 2 9
854 -13.5179 -21.2314 2 9
855 -12.9552 -20.7161 2 9
856 -12.3526 -20.2473 2 9
857 -11.7771 -19.7463 2 9
858 -11.1802 -19.2704 2 9
859 -10.6027 -18.7716 2 9
860 -9.98503 -18.3224 2 9
861 -9.41182 -17.8187 2 9
862 -8.79892 -17.3632 2 9
863 -8.20019 -16.8895 2 9
864  -7.5699 -16.4579 2 9
865 -7.01418 -15.9353 2 9
866 -6.40285 -15.4777 2 9
867 -5.82619 -14.9779 2 9
868 -5.21072 -14.5258 2 9
869 -4.62521 -14.0362 2 9
870 -4.01573 -13.5762 2 9
871 -3.49319 -13.0208 2 9
872 -2.87455  -12.573 2 9
873 -2.28314 -12.0904 2 9
874 -1.67322  -11.631 2 9
875 -1.14772 -11.0784 2 9
876 -0.554367  -10.5982 2 9
877 0.0285022  -10.1055 2 9
878 0.619334 -9.62227 2 9
879 1.16874 -9.0931 2 9
880  1.73959 -8.58678 2 9
881  2.25906 -8.02857 2 9
882  2.82022 -7.51169 2 9
883   3.3281 -6.94303 2 9
884  3.89353 -6.43077 2 9
885  4.54011 -6.02331 2 9
886 5.30486 -6.2977 9 37
887  5.85454 -6.90068 9 37
888  6.36626 -7.53596 9 37
889  6.91445 -8.14029 9 37
890  7.52032 -8.68682 9 37
891  8.23321 -8.67829 37 64
892  8.78793 -8.24279 37 64
893  9.27979 -7.73455 37 64
894  9.81994 -7.28051 37 64
895  10.3196 -6.78039 37 64
896  10.8562 -6.32199 37 64
897  11.3478 -5.81341 37 64
898  11.861 -5.3279 37 64
899  12.3432 -4.80996 37 64
900  12.8472 -4.31445 37 64
901  13.2976 -3.76683 37 64
902  13.4587 -3.05768 37 64
903  12.9405 -2.48047 64 86
904  12.3981 -1.92458 64 86
905  11.8375 -1.38591 64 86
906    11.302 -0.823806 64 86
907   10.7222 -0.304523 64 86
908   10.203 0.271829 64 86
909  9.62703 0.795029 64 86
910 9.10412 1.36821 64 86
911 8.52812 1.89141 64 86
912 7.97677 2.43898 64 86
913 7.39048 2.95132 64 86
914 6.85731 3.51555 64 86
915 6.29176 4.04935 64 86
916 5.73711 4.59378 64 86
917 5.17654 5.13248 64 86
918 4.49113 5.51268 64 86
919 3.76091 5.03356 86 87
920 3.12664  4.4322 86 87
921 2.54092 3.78447 86 87
922 1.91231 3.17728 86 87
923 1.32708 2.52912 86 87
924 0.768435  1.85873 86 87
937 -15.7806 -23.2679 2 9
938 -15.6509 -22.5079 2 9
939 -15.1095  -21.964 2 9
940 -14.5006 -21.4971 2 9
941  -13.905 -21.0135 2 9
942 -13.2864 -20.5596 2 9
943 -12.6912 -20.0753 2 9
944 -12.0703 -19.6247 2 9
945 -11.4577 -19.1627 2 9
946 -10.8423 -18.7044 2 9
947 -10.2297 -18.2425 2 9
948 -9.59389 -17.8131 2 9
949 -8.99484 -17.3337 2 9
950 -8.37629 -16.8797 2 9
951 -7.80344 -16.3692 2 9
952 -7.18326 -15.9175 2 9
953 -6.58614 -15.4357 2 9
954 -5.96283 -14.9883 2 9
955 -5.38368 -14.4849 2 9
956 -4.77886 -14.0128 2 9
957 -4.22054 -13.4863 2 9
958 -3.62883 -12.9979 2 9
959 -3.07261 -12.4692 2 9
960 -2.47895 -11.9831 2 9
961 -1.89832 -11.4814 2 9
962  -1.2933 -11.0096 2 9
963 -0.740455  -10.4774 2 9
964 -0.146052  -9.99216 2 9
965 0.433502 -9.48928 2 9
966 1.02652 -9.0024 2 9
967 1.59503  -8.487 2 9
968  2.20313 -8.01914 2 9
969   2.7782 -7.51111 2 9
970  3.35852 -7.00911 2 9
971  3.91217 -6.47771 2 9
972  4.52859 -6.02088 2 9
973  5.12473 -6.38096 9 37
974  5.50392 -6.99506 9 37
975  5.95008 -7.55224 9 37
976  6.38063 -8.12388 9 37
977  6.85257 -8.65534 9 37
978  7.53962 -8.69213 9 37
979  8.13379 -8.20258 37 64
980  8.73852 -7.72357 37 64
981  9.33789 -7.23914 37 64
982   9.9609 -6.77936 37 64
983  10.5801 -6.31546 37 64
984 11.1923 -5.8441 37 64
985  11.7791 -5.34747 37 64
986  12.3763 -4.86094 37 64
987  12.9379 -4.34126 37 64
988  13.4245 -3.76374 37 64
989  13.4517 -3.05193 37 64
990  12.9474 -2.45115 64 86
991  12.3805 -1.91306 64 86
992  11.8493 -1.33751 64 86
993   11.2919 -0.788921 64 86
994   10.7275 -0.248029 64 86
995  10.1378 0.263325 64 86
996   9.5903 0.822422 64 86
997 9.02868  1.3664 64 86
998 8.51007 1.95406 64 86
999 7.96679 2.51752 64 86
1000 7.44962 3.10654 64 86
1001 6.91707 3.68079 64 86
1002 6.41036 4.27942 64 86
1003 5.86266  4.8383 64 86
1004 5.29574 5.37639 64 86
1005 4.54751 5.55458 64 86
1006 4.00594 5.13369 86 87
1007 3.56608 4.60593 86 87
1008 3.10857 4.09398 86 87
1009 2.66006 3.57386 86 87
1010 2.22258 3.04404 86 87
1011 1.81058 2.49318 86 87
1012 1.37062 1.96551 86 87
1013 0.696683  1.79772 86 87
1026 -15.7794 -23.2691 2 9
1027 -15.6016  -22.528 2 9
1028 -15.0699 -21.9751 2 9
1029 -14.4678 -21.4968 2 9
1030 -13.8932  -20.987 2 9
1031 -13.3004 -20.4976 2 9
1032 -12.7402 -19.9725 2 9
1033 -12.1304 -19.5037 2 9
1034 -11.5626 -18.9866 2 9
1035 -10.9633 -18.5048 2 9
1036 -10.3829 -18.0014 2 9
1037 -9.77957 -17.5246 2 9
1038 -9.22206 -16.9968 2 9
1039 -8.61554 -16.5238 2 9
1040 -8.05491 -15.9992 2 9
1041 -7.45922 -15.5133 2 9
1042 -6.88456 -15.0035 2 9
1043 -6.29714 -14.5079 2 9
1044 -5.72814 -13.9921 2 9
1045 -5.12156 -13.5192 2 9
1046 -4.53887 -13.0183 2 9
1047 -3.96039 -12.5127 2 9
1048 -3.40649 -11.9812 2 9
1049 -2.81405 -11.4915 2 9
1050 -2.22231 -11.0009 2 9
1051 -1.60639 -10.5397 2 9
1052 -1.02322 -10.0394 2 9
1053 -0.406663  -9.57907 2 9
1054 0.199865 -9.10615 2 9
1055 0.820318 -8.65091 2 9
1056  1.41752 -8.16671 2 9
1057  2.05553 -7.73536 2 9
1058 2.65536 -7.2543 2 9
1059  3.24811 -6.76488 2 9
1060  3.79737 -6.22879 2 9
1061  4.54344 -6.01698 2 9
1062 5.20543 -6.4875 9 37
1063  5.75336 -7.06724 9 37
1064  6.30539 -7.64376 9 37
1065  6.84454 -8.23025 9 37
1066  7.51784 -8.68718 9 37
1067  8.20452 -8.41988 37 64
1068  8.75367 -7.90471 37 64
1069  9.32522 -7.41803 37 64
1070  9.85471 -6.87991 37 64
1071  10.3886 -6.34677 37 64
1072  10.9348 -5.82804 37 64
1073  11.5014 -5.33483 37 64
1074  12.0575 -4.82825 37 64
1075  12.6076 -4.31421 37 64
1076  13.1078 -3.74497 37 64
1077  13.4634 -3.06133 37 64
1078   13.232 -2.34228 64 73
1079  12.7745 -1.76059 64 73
1080  12.2872 -1.20615 64 73
1081  11.8406 -0.61516 64 73
1082    11.3718 -0.0434728 64 73
1083  10.9565 0.572463 64 73
1084 10.4925 1.14842 64 73
1085 10.0598 1.75085 64 73
1086 9.58146 2.31371 64 73
1087 9.13621 2.90586 64 73
1088 8.67404 3.48347 64 73
1089 8.23928 4.08422 64 73
1090 7.76144 4.64757 64 73
1091 7.28653 5.21365 64 73
1092  6.8238 5.79077 64 73
1093 6.36347 6.36999 64 73
1094 5.88149 6.92945 64 73
1095 5.44393 7.52794 64 73
1096 4.98172  8.1055 64 73
1097 4.54376 8.70366 64 73
1098 4.05916 9.26063 64 73
1099  3.3489 9.40654 64 73
1100 2.74552 8.89199 73 85
1101 2.19325 8.31886 73 85
1102 1.64682 7.73973 73 85
1103 1.07121 7.19189 73 85
1104 0.520115  6.61753 73 85
1105 -0.0417161    6.05448 73 85
1106 -0.594544   5.48193 73 85
1107 -1.26744  5.07189 73 85
1108 -2.02198  5.19845 73 85
1121 -15.7777 -23.2683 2 9
1122 -15.3934 -22.5905 2 9
1123 -14.8094 -22.0648 2 9
1124  -14.204 -21.5624 2 9
1125 -13.6114 -21.0458 2 9
1126 -12.9907 -20.5616 2 9
1127 -12.3948 -20.0486 2 9
1128 -11.7763 -19.5617 2 9
1129 -11.1555 -19.0775 2 9
1130 -10.5378 -18.5897 2 9
1131 -9.95548 -18.0621 2 9
1132 -9.33179 -17.5815 2 9
1133 -8.74152 -17.0624 2 9
1134 -8.11764  -16.582 2 9
1135 -7.52621 -16.0641 2 9
1136 -6.91356 -15.5703 2 9
1137 -6.32616  -15.048 2 9
1138 -5.70506 -14.5643 2 9
1139 -5.14577 -14.0135 2 9
1140 -4.53386 -13.5188 2 9
1141 -3.95753  -12.985 2 9
1142 -3.37481 -12.4578 2 9
1143 -2.78378 -11.9395 2 9
1144 -2.15082 -11.4706 2 9
1145 -1.55522 -10.9573 2 9
1146 -0.925278  -10.4845 2 9
1147 -0.329065  -9.97184 2 9
1148  0.30335 -9.50221 2 9
1149 0.908293 -8.99938 2 9
1150  1.51809 -8.50215 2 9
1151  2.11247 -7.98749 2 9
1152  2.72311 -7.49124 2 9
1153  3.27152 -6.93022 2 9
1154  3.81302 -6.36286 2 9
1155  4.52571 -6.01907 2 9
1156   5.1089 -6.38766 9 37
1157  5.57031 -6.91531 9 37
1158  5.96873 -7.49981 9 37
1159  6.39992 -8.05629 9 37
1160  6.85892 -8.58635 9 37
1161   7.5376 -8.68507 9 37
1162  8.15026 -8.14185 37 64
1163 8.76513 -7.6012 37 64
1164  9.37468 -7.05444 37 64
1165  9.97215 -6.49427 37 64
1166  10.5922 -5.95969 37 64
1167  11.1902 -5.40011 37 64
1168  11.7891 -4.84144 37 64
1169  12.4048 -4.30182 37 64
1170  13.0057 -3.74534 37 64
1171  13.4555 -3.06049 37 64
1172  13.1589 -2.33962 64 73
1173  12.6691 -1.74855 64 73
1174  12.1924 -1.14562 64 73
1175   11.6707 -0.585363 64 73
1176    11.1762 0.00146857 64 73
1177    10.68 0.586693 64 73
1178 10.2294 1.21142 64 73
1179 9.73786 1.80096 64 73
1180 9.27737 2.41763 64 73
1181 8.77754 2.99944 64 73
1182 8.30867 3.60908 64 73
1183 7.84615 4.22405 64 73
1184 7.40211 4.85395 64 73
1185 6.90564 5.43893 64 73
1186 6.44077 6.05195 64 73
1187 5.93312 6.62625 64 73
1188 5.44095 7.21523 64 73
1189 4.94183 7.79772 64 73
1190 4.48772 8.41961 64 73
1191 3.97298 8.98692 64 73
1192 3.34879 9.41686 64 73
1193 2.63309 9.11799 73 85
1194 2.03704 8.63588 73 85
1195 1.48659 8.10593 73 85
1196 0.909972  7.60244 73 85
1197 0.345232  7.08663 73 85
1198 -0.244023   6.59685 73 85
1199 -0.779106    6.0525 73 85
1200 -1.3232  5.5165 73 85
1201 -2.01275  5.16672 73 85
1218  26.1871 -17.9341 42 41
1219  25.5729 -18.4164 42 41
1220  24.9211 -18.8486 42 41
1221  24.3113 -19.3362 42 41
1222   23.693 -19.8135 42 41
1223  23.0901 -20.3094 42 41
1224 22.4862 -20.804 42 41
1225  21.9053 -21.3247 42 41
1226   21.282 -21.7956 42 41
1227  20.6783 -22.2906 42 41
1228  20.0379 -22.7389 42 41
1229  19.2675 -22.8996 42 41
1230  18.7133 -22.3627 41 37
1231   18.266 -21.7376 41 37
1232  17.8463 -21.0943 41 37
1233  17.4029 -20.4665 41 37
1234  16.9722 -19.8302 41 37
1235  16.5055 -19.2188 41 37
1236  16.0555 -18.5954 41 37
1237   15.569 -17.9991 41 37
1238   15.112 -17.3806 41 37
1239  14.5937 -16.8104 41 37
1240  14.1031 -16.2172 41 37
1241 13.5779 -15.653 41 37
1242  13.0912 -15.0567 41 37
1243  12.5574 -14.5004 41 37
1244  12.0582 -13.9141 41 37
1245  11.5204 -13.3615 41 37
1246  11.0273 -12.7702 41 37
1247  10.523 -12.188 41 37
1248  10.0387 -11.5899 41 37
1249  9.48661 -11.0509 41 37
1250   8.9611 -10.4871 41 37
1251  8.42923 -9.92895 41 37
1252  7.93905 -9.33539 41 37
1253 7.52865 -8.6864 41 37
1254   7.7618 -7.96619 37 64
1255  8.36174 -7.48958 37 64
1256  9.01206 -7.07997 37 64
1257  9.61837 -6.61104 37 64
1258  10.2637 -6.19402 37 64
1259  10.8719 -5.72752 37 64
1260  11.4993 -5.28545 37 64
1261  12.0886 -4.79647 37 64
1262     12.7 -4.33388 37 64
1263 13.2233  -3.778 37 64
1264  13.4518 -3.05639 37 64
1265  13.0137 -2.38367 64 88
1266  12.5145 -1.75266 64 88
1267  11.9859 -1.14493 64 88
1268   11.4762 -0.521992 64 88
1269   10.9433 0.0820605 64 88
1270  10.4303 0.702373 64 88
1271 9.89507 1.30449 64 88
1272 9.37817 1.92174 64 88
1273 8.82605 2.50899 64 88
1274   8.128 2.91875 64 88
1275 7.47678 2.54666 88 89
1276 6.91641 2.03938 88 89
1277 6.3719 1.5137 88 89
1278 5.79662  1.0248 88 89
1279  5.22894 0.526391 88 89
1280   4.66405 0.0245685 88 89
1281   4.11128 -0.491679 88 89
1282  3.57404 -1.02541 88 89
1283  2.85859 -1.23388 88 89
1297  26.1964 -17.9442 42 41
1298   25.621 -18.4707 42 41
1299  24.9606 -18.8805 42 41
1300 24.3351 -19.344 42 41
1301  23.7011 -19.7952 42 41
1302  23.0933 -20.2823 42 41
1303  22.4665 -20.7438 42 41
1304  21.8573 -21.2291 42 41
1305  21.2259 -21.6842 42 41
1306  20.6144 -22.1665 42 41
1307   19.974 -22.6083 42 41
1308  19.2528 -22.8917 42 41
1309  18.5835 -22.4291 41 37
1310  18.0807 -21.8032 41 37
1311  17.6351 -21.1398 41 37
1312  17.1253 -20.5191 41 37
1313  16.6446 -19.8779 41 37
1314  16.1221 -19.2668 41 37
1315  15.6388 -18.6273 41 37
1316  15.1171 -18.0156 41 37
1317  14.6081 -17.3942 41 37
1318 14.0743 -16.792 41 37
1319 13.6025 -16.145 41 37
1320  13.0805 -15.5334 41 37
1321  12.5989 -14.8928 41 37
1322  12.0736 -14.2839 41 37
1323  11.6184 -13.6263 41 37
1324 11.1067 -13.007 41 37
1325 10.6272 -12.365 41 37
1326  10.0965 -11.7602 41 37
1327  9.59623 -11.1326 41 37
1328  9.07727 -10.5188 41 37
1329  8.53703 -9.92174 41 37
1330  7.95899 -9.35771 41 37
1331  7.53384 -8.68253 41 37
1332  8.01099 -8.01431 37 64
1333  8.64158 -7.49029 37 64
1334  9.24995 -6.94005 37 64
1335  9.89262 -6.43132 37 64
1336  10.5114 -5.89311 37 64
1337 11.1498 -5.3788 37 64
1338  11.7761 -4.84954 37 64
1339  12.3792 -4.29349 37 64
1340  12.9711 -3.72521 37 64
1341  13.4511 -3.05901 37 64
1342  13.1387 -2.30222 64 88
1343  12.6516 -1.64514 64 88
1344  12.1087 -1.03448 64 88
1345  11.6054 -0.38996 64 88
1346  11.0621 0.220262 64 88
1347   10.541 0.850131 64 88
1348 9.98886 1.45219 64 88
1349  9.4661 2.08063 64 88
1350  8.8919 2.66099 64 88
1351 8.12433 2.90639 64 88
1352 7.50829 2.44846 88 89
1353 6.93052 1.93725 88 89
1354 6.39133 1.38053 88 89
1355  5.81133 0.872182 88 89
1356   5.2543 0.335622 88 89
1357   4.69581 -0.199209 88 89
1358  4.14564 -0.74369 88 89
1359 3.59753 -1.2905 88 89
1360  2.85909 -1.22815 88 89
1375  19.2754 -22.8871 41 37
1376  18.5596 -22.6532 41 37
1377  18.0796 -22.0452 41 37
1378  17.6041 -21.4333 41 37
1379  17.1612 -20.7946 41 37
1380  16.6827 -20.1853 41 37
1381   16.236 -19.5497 41 37
1382  15.7541 -18.9434 41 37
1383  15.2803 -18.3299 41 37
1384  14.7786 -17.7418 41 37
1385  14.2936 -17.1382 41 37
1386 13.8105 -16.533 41 37
1387  13.3598 -15.9004 41 37
1388  12.8691 -15.3021 41 37
1389  12.4066 -14.6791 41 37
1390  11.9114 -14.0848 41 37
1391  11.4364 -13.4725 41 37
1392  10.9184 -12.9002 41 37
1393  10.4206 -12.3083 41 37
1394  9.88402 -11.7553 41 37
1395  9.41679 -11.1363 41 37
1396  8.92469 -10.5392 41 37
1397  8.44094 -9.93453 41 37
1398  7.93697 -9.34848 41 37
1399  7.52319 -8.68836 41 37
1400  7.83301 -7.99083 37 64
1401   8.4465 -7.54698 37 64
1402  9.02227 -7.05433 37 64
1403  9.63703 -6.61226 37 64
1404  10.2283 -6.13865 37 64
1405 10.8377 -5.6891 37 64
1406  11.4144 -5.19767 37 64
1407  12.0157 -4.73706 37 64
1408 12.6094 -4.2666 37 64
1409  13.1858 -3.77475 37 64
1410  13.4529 -3.05866 37 64
1411  13.1043 -2.34385 64 73
1412  12.5624 -1.74784 64 73
1413   12.021 -1.15141 64 73
1414  11.4911 -0.54556 64 73
1415   10.9886 0.0812771 64 73
1416  10.4688 0.695142 64 73
1417 9.97857 1.33086 64 73
1418 9.46998 1.95324 64 73
1419 8.95109 2.56778 64 73
1420 8.41685  3.1701 64 73
1421 7.91034 3.79404 64 73
1422 7.38294 4.40189 64 73
1423 6.89592 5.03984 64 73
1424 6.39136 5.66523 64 73
1425 5.89007   6.293 64 73
1426 5.36386  6.9018 64 73
1427   4.871 7.53565 64 73
1428 4.33193 8.13401 64 73
1429 3.82517 8.75776 64 73
1430 3.36787 9.41543 64 73
1431 3.48078 10.1939 73 74
1432 4.04122 10.7334 73 74
1433 4.65403 11.2103 73 74
1434 5.26925 11.6839 73 74
1435 5.67076 12.3544 73 74
1436 5.26381 13.0383 74 82
1437 4.77444 13.6626 74 82
1438 4.27866 14.2815 74 82
1439  3.7681 14.8875 74 82
1440  3.2687 15.5034 74 82
1441 2.81354 16.1544 74 82
1442 2.34279 16.7936 74 82
1443 1.87941 17.4385 74 82
1444 1.41031  18.079 74 82
1445 0.991197  18.7551 74 82
1446 0.557313  19.4213 74 82
1447 0.136544  20.0963 74 82
1448 -0.308948   20.7544 74 82
1449 -0.589324   21.5026 74 82
1459  19.2711 -22.8919 41 37
1460  18.6766 -22.4059 41 37
1461  18.1799 -21.8167 41 37
1462 17.7475 -21.177 41 37
1463  17.2797 -20.5638 41 37
1464  16.8436 -19.9266 41 37
1465  16.3653 -19.3219 41 37
1466  15.9198 -18.6915 41 37
1467  15.4442 -18.0846 41 37
1468  15.0128 -17.4442 41 37
1469  14.5227 -16.8494 41 37
1470 14.0414 -16.247 41 37
1471  13.5293 -15.6719 41 37
1472  13.0576 -15.0618 41 37
1473   12.547 -14.4851 41 37
1474  12.0872 -13.8657 41 37
1475  11.5759 -13.2897 41 37
1476  11.0854 -12.6952 41 37
1477  10.5602 -12.1324 41 37
1478   10.046 -11.5591 41 37
1479  9.51808 -10.9989 41 37
1480  9.01182 -10.4184 41 37
1481 8.44431 -9.8999 41 37
1482 7.88462 -9.3727 41 37
1483  7.52973 -8.68472 41 37
1484  7.98484 -8.00878 37 64
1485  8.59477 -7.46103 37 64
1486  9.22682 -6.93806 37 64
1487   9.8339 -6.38727 37 64
1488  10.4388 -5.83415 37 64
1489  11.0101 -5.24776 37 64
1490  11.6229 -4.70313 37 64
1491  12.2305 -4.15289 37 64
1492  12.8813 -3.65261 37 64
1493   13.447 -3.06111 37 64
1494  13.2009 -2.31316 64 73
1495  12.6583 -1.71523 64 73
1496   12.124 -1.11066 64 73
1497   11.5758 -0.517376 64 73
1498   11.047 0.091528 64 73
1499  10.5166 0.699189 64 73
1500 10.0156 1.32869 64 73
1501 9.47146 1.92532 64 73
1502 8.97936 2.56104 64 73
1503 8.43367 3.15643 64 73
1504 7.89609 3.75838 64 73
1505 7.37464  4.3729 64 73
1506 6.88071 5.00737 64 73
1507 6.39893 5.65006 64 73
1508 5.91443 6.29095 64 73
1509 5.38339 6.89808 64 73
1510 4.89527 7.53652 64 73
1511 4.37149 8.14927 64 73
1512 3.87634 8.78288 64 73
1513 3.37551 9.41252 64 73
1514 3.48768 10.1776 73 74
1515 4.05844 10.7122 73 74
1516 4.69537  11.169 73 74
1517 5.32628 11.6338 73 74
1518  5.6518 12.3391 73 74
1519 5.30884   13.02 74 82
1520 4.86003 13.6401 74 82
1521 4.39052 14.2455 74 82
1522 3.93896 14.8636 74 82
1523 3.43022 15.4383 74 82
1524 2.99291  16.066 74 82
1525 2.49646 16.6507 74 82
1526 2.02079 17.2515 74 82
1527 1.51144 17.8257 74 82
1528  0.9937 18.3927 74 82
1529 0.492665  18.9736 74 82
1530 0.0075825   19.5673 74 82
1531 -0.497501    20.145 74 82
1532 -0.850676    20.821 74 82
1533 -0.581117   21.5262 74 82
1545  -5.658 5.61482 10 37
1546 -5.05176  5.07462 10 37
1547 -4.52034   4.4596 10 37
1548 -3.96077  3.87039 10 37
1549 -3.46008  3.22992 10 37
1550 -2.9151 2.62702 10 37
1551 -2.4139 1.98694 10 37
1552 -1.87409  1.37936 10 37
1553  -1.3753 0.737393 10 37
1554 -0.834194  0.130971 10 37
1555 -0.330373 -0.507028 10 37
1556 0.233403 -1.09216 10 37
1557 0.777011 -1.69631 10 37
1558  1.33592 -2.28616 10 37
1559  1.86882 -2.89988 10 37
1560  2.43782 -3.47986 10 37
1561  3.01104 -4.05561 10 37
1562 3.58716 -4.6284 10 37
1563  4.13543 -5.22827 10 37
1564  4.68808 -5.82407 10 37
1565  5.19127 -6.46257 10 37
1566  5.72836 -7.07259 10 37
1567   6.254 -7.6926 10 37
1568   6.8415 -8.25352 10 37
1569  7.52924 -8.68162 10 37
1570  8.25747 -8.30202 37 64
1571  8.84941 -7.73332 37 64
1572  9.39558 -7.12146 37 64
1573  9.98537 -6.55056 37 64
1574 10.5485 -5.9539 37 64
1575    11.15 -5.39517 37 64
1576  11.7081 -4.79391 37 64
1577  12.2987 -4.22382 37 64
1578 12.8326 -3.6015 37 64
1579  13.4512 -3.06148 37 64
1580  14.1709 -3.35495 64 71
1581  14.7551 -3.87062 64 71
1582  15.3488 -4.37509 64 71
1583  15.9061 -4.92025 64 71
1584  16.4968 -5.42832 64 71
1585  17.0592 -5.96811 64 71
1586  17.6593 -6.46486 64 71
1587  18.2226 -7.00368 64 71
1588  18.7914 -7.53656 64 71
1589  19.3287 -8.10167 64 71
1590  19.8955 -8.63676 64 71
1591  20.4325 -9.20217 64 71
1592   20.997 -9.73968 64 71
1593  21.5211 -10.3173 64 71
1594 22.0525 -10.888 64 71
1595  22.5837 -11.4591 64 71
1596  23.1589 -11.9849 64 71
1597  23.8042 -12.4203 64 71
1598  24.4645 -12.0102 71 75
1599  25.0436 -11.4877 71 75
1600  25.6148 -10.9563 71 75
1601  26.2018 -10.4431 71 75
1602   26.904 -10.1135 71 75
1603   27.549 -10.5597 75 83
1604  28.1385 -11.0751 75 83
1605  28.7135 -11.6063 75 83
1606  29.2892 -12.1368 75 83
1607  29.8358 -12.6962 75 83
1608  30.3954 -13.2432 75 83
1609  30.9211 -13.8219 75 83
1610  31.4827 -14.3668 75 83
1611  32.0054 -14.9481 75 83
1612  32.5487 -15.5109 75 83
1613  33.0583 -16.1034 75 83
1614  33.0131 -16.8755 75 83
1627 -5.66273  5.61756 10 37
1628 -5.04377  5.14513 10 37
1629 -4.5132 4.57179 10 37
1630 -4.02143  3.96357 10 37
1631 -3.49058   3.3905 10 37
1632 -2.99734  2.78353 10 37
1633 -2.49431  2.18496 10 37
1634 -2.02262  1.56045 10 37
1635 -1.51727 0.963922 10 37
1636 -1.0278 0.35379 10 37
1637 -0.505998 -0.227849 10 37
1638 0.00421109  -0.820074 10 37
1639 0.518825 -1.40833 10 37
1640 0.999853 -2.02539 10 37
1641   1.5244 -2.60446 10 37
1642  2.03966 -3.19213 10 37
1643  2.59076 -3.74501 10 37
1644  3.11501 -4.32436 10 37
1645  3.65818 -4.88533 10 37
1646  4.15461 -5.48959 10 37
1647  4.68775 -6.06046 10 37
1648  5.19352 -6.65662 10 37
1649  5.74265 -7.21153 10 37
1650  6.27129 -7.78672 10 37
1651  6.84869 -8.31099 10 37
1652  7.53068 -8.68217 10 37
1653  8.23291 -8.26533 37 64
1654  8.82947 -7.70345 37 64
1655  9.40731 -7.12197 37 64
1656  9.97395 -6.52939 37 64
1657  10.5247 -5.92176 37 64
1658  11.1133 -5.35137 37 64
1659  11.6794 -4.75828 37 64
1660   12.276 -4.19645 37 64
1661  12.8251 -3.58735 37 64
1662   13.453 -3.06159 37 64
1663 14.1831 -3.3441 64 71
1664  14.7492 -3.88138 64 71
1665  15.3142 -4.41984 64 71
1666  15.8572 -4.98004 64 71
1667  16.4465 -5.49217 64 71
1668   17.002 -6.04027 64 71
1669  17.5871 -6.55712 64 71
1670  18.1479 -7.09988 64 71
1671  18.7224 -7.62835 64 71
1672  19.2515 -8.20152 64 71
1673  19.8118 -8.74471 64 71
1674  20.327 -9.3303 64 71
1675  20.9055 -9.85443 64 71
1676  21.4468 -10.4162 64 71
1677  22.0075 -10.9591 64 71
1678  22.5506 -11.5192 64 71
1679  23.1402 -12.0311 64 71
1680  23.8093 -12.4356 64 71
1681  24.4795 -12.0315 71 75
1682  25.0439 -11.4941 71 75
1683  25.5928 -10.9413 71 75
1684   26.158 -10.4047 71 75
1685  26.8848 -10.1084 71 75
1686  27.5078 -10.5709 75 83
1687  28.0839 -11.0923 75 83
1688 28.6423 -11.633 75 83
1689  29.2224 -12.1497 75 83
1690  29.7529 -12.7187 75 83
1691  30.3055 -13.2655 75 83
1692  30.8239 -13.8458 75 83
1693   31.388 -14.3805 75 83
1694  31.9316 -14.9365 75 83
1695  32.4652 -15.5024 75 83
1696  32.9807 -16.0853 75 83
1697  33.0225 -16.8696 75 83
1698  32.3763 -16.4328 11 44
1699  31.8878 -15.8247 11 44
1700  31.3967 -15.2187 11 44
1701  30.8197 -14.6938 11 44
