0 0 0
1 -0.604284  0.493194
2 -1.21153  0.98274
3 -1.79973  1.49501
4 -2.39502  1.99903
5 -2.97711  2.51822
6 -3.58956  3.00124
7 -4.16826  3.52422
8 -4.7464 4.04781
9 -5.31845  4.57806
10 -5.94489  5.04279
11 -6.59841  4.61699
12 -7.2045 4.12602
13 -7.80208  3.62472
14 -8.3985 3.12204
15 -9.0061 2.63294
16 -9.62153  2.15373
17 -10.2236  1.65781
18 -10.8347  1.17315
19 -11.4189 0.656315
20 -12.0299 0.171441
21  -12.6191 -0.339733
22  -13.2128 -0.845548
23 -13.787 -1.3735
24 -14.3792 -1.88111
25  -14.965 -2.39613
26 -15.5473 -2.91507
27 -16.0897 -3.47561
28 -16.6661  -4.0012
29 -17.2579 -4.50924
30 -17.8543 -5.01191
31   -18.43 -5.53821
32  -19.04 -6.0243
33 -19.6428 -6.51931
34 -20.2344 -7.02769
35 -20.8064 -7.55797
36 -21.4021 -8.06152
37  -21.956 -8.61068
38 -22.5168 -9.15287
39 -23.0914  -9.6803
40  -23.645 -10.2298
41 -24.1927 -10.7851
42 -24.7457 -11.3352
43 -25.2122 -11.9604
44 -24.7496 -12.5883
45 -24.2595 -13.1951
46 -23.7621  -13.796
47 -23.2915  -14.418
48 -22.7901 -15.0155
49 -22.2469 -15.5753
50 -21.7196   -16.15
51 -21.1931 -16.7255
52 -20.6809 -17.3138
53 -20.1581 -17.8927
54 -19.6085 -18.4461
55 -19.0892 -19.0282
56 -18.5494 -19.5912
57  -18.047 -20.1878
58 -17.5317 -20.7734
59 -17.0156 -21.3583
60 -16.4953 -21.9394
61 -15.9805 -22.5254
62 -15.4065 -23.0535
63 -14.63 -22.98
64 -13.9769 -22.5536
65  -13.384 -22.0467
66 -12.8058 -21.5232
67 -12.2385 -20.9879
68 -11.6757 -20.4479
69 -11.1324 -19.8882
70 -10.5616 -19.3566
71 -9.98203 -18.8346
72 -9.42622 -18.2873
73 -8.87878 -17.7317
74 -8.30981 -17.1982
75 -7.73859  -16.667
76 -7.16637  -16.137
77 -6.58967 -15.6118
78 -6.01167  -15.088
79 -5.43197 -14.5662
80 -4.85157 -14.0451
81 -4.24341 -13.5567
82 -3.65088 -13.0494
83 -3.03083 -12.5762
84 -2.40697  -12.108
85 -1.79422 -11.6254
86 -1.20007   -11.12
87 -0.622435  -10.5959
88 -0.025226  -10.0941
89 0.557905 -9.57609
90  1.16299 -9.08388
91  1.78615 -8.61476
92  2.36582 -8.09286
93  2.96452 -7.59291
94  3.57575 -7.10834
95  4.21049 -6.65501
96   4.7059 -7.25748
97  5.19933 -7.86158
98  5.67053 -8.48316
99  6.17497 -9.07809
100  6.67244 -9.67886
101  7.21501 -10.2392
102   7.7311 -10.8241
103  8.27538 -11.3828
104  8.79461 -11.9649
105  9.30029 -12.5587
106  9.82831 -13.1328
107  10.3257 -13.7337
108 10.8225 -14.335
109  11.3236 -14.9328
110  11.8401 -15.5172
111  12.3559 -16.1023
112  12.8592 -16.6982
113  13.3597 -17.2965
114   13.862 -17.8932
115    14.38 -18.4764
116  14.8901 -19.0664
117  15.4055 -19.6519
118  15.9157 -20.2419
119  16.303 -20.919
120  16.0771 -21.6655
121 15.5025 -22.193
122  14.8976 -22.6855
123  14.3228 -23.2127
124  13.7616 -23.7544
125  13.1986 -24.2943
126 12.6224  -24.82
127  12.0454 -25.3449
128  11.4634 -25.8641
129  10.8699 -26.3703
130  10.2766 -26.8767
131   9.6945 -27.3958
132  9.11826 -27.9215
133  8.52946 -28.4331
134  7.9375 -28.941
135  7.34656 -29.4501
136  6.7751 -29.981
137   6.1962 -30.5037
138  5.61053 -31.0189
139  5.02761 -31.5372
140  4.44944 -32.0607
141  3.87255 -32.5857
142  3.30318 -33.1188
143 2.73766 -33.656
144 2.19263 -34.214
145  1.61956 -34.7432
146  1.03131 -35.2554
147 0.464704 -35.7914
148 -0.130666  -36.2954
149 -0.72435 -36.8013
150 -1.32138 -37.3032
151 -1.93288 -37.7874
152 -2.54824 -38.2667
153 -3.04299 -37.6637
154 -3.56015 -37.0798
155 -4.09166 -36.5089
156 -4.66287 -35.9778
157 -5.24288 -35.4563
158  -5.8196 -34.9311
159 -6.34501 -34.3546
160 -6.88376 -33.7906
161 -7.45028 -33.2544
162  -8.0185 -32.7201
163 -0.718966   1.27247
164 -1.28421  1.80996
165 -1.88223  2.31073
166 -2.46307  2.83133
167 -3.05006    3.345
168 -3.62358  3.87365
169 -4.18571   4.4144
170 -4.74936  4.95356
171 -5.30886  5.49702
172 -5.85905  6.04993
173 -6.50313  6.48989
174 -7.27267  6.36261
175 -7.85579  5.84456
176 -8.38804  5.27438
177 -8.93662  4.71989
178 -9.49547  4.17575
179 -10.0711  3.64942
180 -10.6465  3.12283
181 -11.2079  2.58129
182 -11.7534  2.02377
183 -12.2973  1.46467
184 -12.8409 0.905329
185 -13.4044 0.365992
186   -13.972 -0.169066
187 -14.5186 -0.72543
188  -15.071 -1.27615
189 -15.6231 -1.82713
190 -16.1529 -2.39956
191 -16.7062 -2.94942
192  -17.261 -3.49768
193 -17.7961 -4.06516
194  -18.329 -4.63476
195 -18.8647 -5.20172
196 -19.3937 -5.77487
197 -19.8958 -6.37183
198 -20.4222 -6.94737
199 -20.9574 -7.51478
200 -21.5281 -8.04652
201  -22.095 -8.58225
202 -22.6544 -9.12577
203 -23.2309 -9.65121
204 -23.8125 -10.1709
205 -24.3714 -10.7151
206 -24.9389 -11.2501
207 -25.2847 -11.9493
208 -25.2744 -12.7293
209 -24.8159 -13.3603
210 -24.2987 -13.9441
211 -23.7588 -14.5071
212 -23.2253 -15.0761
213 -22.6938  -15.647
214 -22.1579 -16.2137
215 -21.6176 -16.7763
216 -21.0912 -17.3519
217  -20.557 -17.9203
218 -20.0325 -18.4976
219 -19.4934 -19.0613
220 -18.9633 -19.6335
221 -18.4235 -20.1965
222 -17.8805 -20.7565
223  -17.341 -21.3198
224 -16.8148 -21.8956
225 -16.2727 -22.4564
226 -15.7305 -23.0171
227 -15.1665 -23.5559
228 -14.4304 -23.2979
229 -13.8574 -22.7687
230 -13.2986 -22.2244
231 -12.7469 -21.6731
232 -12.1946 -21.1223
233   -11.62 -20.5948
234 -11.0585 -20.0533
235 -10.5145 -19.4944
236 -9.93779 -18.9692
237 -9.37858 -18.4255
238 -8.80827 -17.8933
239 -8.23864 -17.3605
240 -7.65613 -16.8418
241 -7.07855 -16.3176
242 -6.52866 -15.7644
243 -5.97771 -15.2122
244 -5.42673 -14.6601
245 -4.85262 -14.1321
246  -4.2855 -13.5966
247 -3.68913 -13.0939
248 -3.12244 -12.5579
249 -2.53453 -12.0453
250 -1.96316 -11.5143
251  -1.3962 -10.9786
252 -0.825634  -10.4468
253 -0.209061  -9.96904
254 0.404389  -9.4873
255 1.01788 -9.0056
256  1.61709 -8.50626
257  2.22317 -8.01527
258  2.83806 -7.53536
259  3.45026 -7.05203
260  4.07321 -6.58264
261  4.81886 -6.35369
262  5.46714 -6.78742
263  5.93864 -7.40878
264  6.42704 -8.01695
265  6.88689 -8.64698
266  7.38416 -9.24792
267  7.86877 -9.85911
268  8.37803 -10.4499
269 8.86402  -11.06
270  9.35442 -11.6666
271  9.82415 -12.2893
272  10.2945 -12.9115
273   10.746 -13.5475
274  11.2499 -14.1429
275    11.74 -14.7497
276  12.2362 -15.3515
277  12.7264 -15.9582
278  13.2054 -16.5739
279  13.6647 -17.2042
280  14.1431 -17.8204
281   14.632 -18.4281
282 15.1157  -19.04
283  15.5813 -19.6658
284 16.0503 -20.289
285 16.4629 -20.951
286 16.4081 -21.729
287   15.824 -22.2459
288 15.2155 -22.734
289  14.5755 -23.1798
290  13.9608 -23.6599
291  13.3466 -24.1407
292 12.7028 -24.581
293  12.0595 -25.0222
294  11.4308 -25.4839
295  10.8182 -25.9666
296 10.2005 -26.443
297  9.57112 -26.9037
298   8.9602 -27.3886
299  8.39745 -27.9287
300 7.78204 -28.408
301  7.17778 -28.9012
302  6.55683 -29.3732
303  5.94034 -29.8511
304  5.33042 -30.3373
305  4.70301 -30.8007
306  4.07237 -31.2597
307  3.43844 -31.7142
308 2.81134 -32.178
309  2.16205 -32.6103
310  1.51839 -33.0508
311   0.8792 -33.4979
312 0.207647 -33.8946
313 -0.465799  -34.2882
314 -1.13219 -34.6935
315 -1.81039 -35.0788
316 -2.48252 -35.4746
317  -3.1692 -35.8446
318  -3.9044 -36.1051
319 -4.62587 -35.8086
320  -5.0418 -35.1488
321 -5.40742 -34.4598
322 -5.77265 -33.7706
323 -6.17816 -33.1043
324 -6.58582 -32.4393
325 -6.99471  -31.775
326 -7.37446 -31.0937
327 -7.74785 -30.4089
328 -8.13192   -29.73
329 -8.51674 -29.0516
330 -1.52363  0.48062
331 -2.12216 0.980784
332 -2.6832 1.52267
333 -3.24471  2.06406
334 -3.80704   2.6046
335 -4.35744  3.15728
336 -4.87017  3.74508
337 -5.39579  4.32138
338 -5.95345  4.86674
339 -6.4953 5.42781
340 -7.11268  5.90451
341 -7.87835  5.75567
342 -8.45313   5.2284
343 -9.01854  4.69108
344 -9.5955 4.16617
345 -10.1539  3.62153
346 -10.751 3.11974
347 -11.328 2.59488
348 -11.9109  2.07653
349 -12.4526  1.51538
350   -13.02 0.980087
351 -13.5834 0.440691
352  -14.1414 -0.104328
353  -14.7066 -0.641877
354 -15.2678 -1.18359
355 -15.8356  -1.7184
356 -16.4011 -2.25559
357 -16.9552 -2.80452
358 -17.4917 -3.37076
359 -18.0326  -3.9327
360 -18.5771 -4.49126
361 -19.1576 -5.01216
362 -19.7142 -5.55865
363 -20.2802 -6.09528
364 -20.8495  -6.6285
365  -21.428 -7.15175
366 -21.988 -7.6947
367 -22.5543 -8.23104
368 -23.1125 -8.77585
369 -23.6806 -9.31037
370 -24.2325 -9.86151
371 -24.8103 -10.3855
372 -25.3778 -10.9206
373 -25.9166 -11.4846
374 -25.4613  -12.118
375 -24.9386 -12.6969
376 -24.4121 -13.2724
377 -23.9381 -13.8919
378  -23.458 -14.5066
379 -22.9148 -15.0664
380 -22.3906  -15.644
381 -21.8549 -16.2109
382 -21.3223 -16.7808
383 -20.7879 -17.3489
384 -20.2516 -17.9153
385 -19.7272 -18.4927
386 -19.2112 -19.0776
387  -18.683 -19.6516
388 -18.1737 -20.2424
389 -17.6697 -20.8376
390 -17.1512 -21.4204
391 -16.6368 -22.0067
392 -16.1027 -22.5752
393   -15.35 -22.7798
394 -14.6714 -22.3951
395 -14.0372 -21.9411
396 -13.4071 -21.4813
397 -12.8175 -20.9706
398 -12.2035 -20.4896
399 -11.6244 -19.9671
400 -11.0341 -19.4572
401 -10.4171 -18.9801
402 -9.77986 -18.5302
403 -9.17332 -18.0398
404 -8.55378 -17.5659
405 -7.92098 -17.1099
406 -7.29983 -16.6381
407  -6.6825 -16.1614
408 -6.07968 -15.6664
409 -5.47705 -15.1712
410 -4.89117 -14.6562
411 -4.30457 -14.1421
412 -3.72728 -13.6176
413 -3.13799 -13.1066
414 -2.54645 -12.5982
415 -1.94664 -12.0996
416 -1.35408 -11.5923
417 -0.742911  -11.1077
418 -0.12906 -10.6265
419 0.499902 -10.1652
420  1.10529 -9.67332
421  1.69952 -9.16805
422 2.28886 -8.6571
423  2.89352 -8.16436
424  3.47993 -7.65005
425 4.10187 -7.1793
426  4.87493 -7.07552
427  5.38488 -7.66573
428  5.89141 -8.25888
429  6.42004 -8.83243
430  6.88796 -9.45648
431  7.43805 -10.0095
432  7.94909 -10.5987
433  8.47535 -11.1745
434  9.03911 -11.7135
435  9.56945 -12.2855
436  10.1027 -12.8547
437 10.6262 -13.433
438  11.1397 -14.0201
439  11.6401 -14.6184
440   12.163 -15.1972
441  12.7014 -15.7616
442  13.2222 -16.3422
443 13.7418 -16.924
444 14.2677   -17.5
445  14.7674 -18.0989
446   15.292 -18.6761
447 15.7821 -19.283
448  16.2891 -19.8757
449  16.7929 -20.4712
450  17.0669 -21.2015
451  16.8497 -21.9506
452  16.3767 -22.5708
453  15.8252 -23.1224
454  15.2194 -23.6137
455  14.5976 -24.0847
456  13.9821 -24.5638
457  13.3871 -25.0681
458  12.7886 -25.5684
459  12.2261 -26.1087
460  11.6409 -26.6244
461 11.0336 -27.114
462   10.482 -27.6654
463  9.90449 -28.1897
464   9.3286 -28.7158
465 8.74922 -29.238
466  8.16315 -29.7527
467  7.59276 -30.2847
468  7.02938 -30.8242
469 6.43224 -31.326
470  5.85743 -31.8532
471  5.30793 -32.4068
472  4.75087 -32.9528
473  4.16678 -33.4697
474 3.58117 -33.985
475   3.0178 -34.5244
476  2.43648 -35.0445
477  1.85894 -35.5688
478  1.27617 -36.0872
479 0.662897 -36.5692
480 0.0580256  -37.0616
481 -0.546428  -37.5546
482 -1.14714 -38.0522
483 -1.76681 -38.5259
484 -2.44856 -38.9049
485  -3.2112 -38.7412
486 -3.71701 -38.1474
487 -4.20934 -37.5424
488 -4.71337 -36.9472
489 -5.22769 -36.3608
490 -5.78824 -35.8184
491 -6.29914  -35.229
492 -6.81978 -34.6482
493 -7.31113 -34.0424
494  -7.8264 -33.4568
495 -8.33881 -32.8687
496 -2.02792  3.48897
497 -2.66192  3.94333
498 -3.23932  4.46774
499 -3.83375  4.97278
500 -4.4418 5.46131
501 -5.04991  5.94979
502 -5.64624  6.45257
503 -6.24259  6.95533
504 -6.84154  7.45499
505 -7.46868  7.91877
506 -8.19684  8.19839
507 -8.9572 8.02444
508 -9.53194  7.49711
509 -10.0246  6.89241
510 -10.5299  6.29817
511 -11.0242  5.69485
512 -11.6118  5.18186
513 -12.1573  4.62436
514 -12.706 4.06999
515 -13.1952  3.46243
516 -13.7025  2.86995
517 -14.1732    2.248
518 -14.6938  1.66711
519 -15.1692  1.04872
520 -15.6699 0.450647
521  -16.1436 -0.169026
522  -16.6363 -0.773739
523 -17.1128  -1.3912
524 -17.5821 -2.01426
525 -18.0734 -2.62008
526  -18.575 -3.21743
527 -19.0869  -3.8059
528 -19.5759 -4.41363
529 -20.0747 -5.01325
530 -20.5692 -5.61647
531 -21.0798  -6.2061
532 -21.5733 -6.81022
533 -22.0523 -7.42575
534 -22.5656 -8.01304
535 -23.0648 -8.61241
536 -23.5594 -9.21558
537 -24.0611 -9.81278
538  -24.554 -10.4173
539 -24.9911 -11.0633
540 -25.2618 -11.7948
541 -24.7522 -12.3853
542 -24.1924 -12.9285
543 -23.6401 -13.4793
544  -23.084 -14.0262
545 -22.5393 -14.5846
546 -22.0317 -15.1768
547 -21.5042 -15.7514
548 -20.9622 -16.3122
549 -20.4142 -16.8673
550 -19.8987 -17.4527
551 -19.4057 -18.0572
552 -18.9094 -18.6589
553 -18.3693 -19.2217
554 -17.8722 -19.8227
555 -17.3782 -20.4263
556 -16.8771 -21.0241
557 -16.3773  -21.623
558 -15.8889 -22.2311
559 -15.2564 -22.6876
560 -14.5938 -22.2761
561  -14.003 -21.7668
562 -13.4287  -21.239
563 -12.8667 -20.6982
564 -12.2805 -20.1836
565 -11.6998 -19.6628
566 -11.1149 -19.1468
567 -10.5324  -18.628
568  -9.9811 -18.0763
569 -9.38425 -17.5741
570 -8.78259 -17.0777
571 -8.15089 -16.6202
572 -7.58156  -16.087
573 -6.96732 -15.6062
574 -6.33686  -15.147
575 -5.72854 -14.6588
576 -5.14333 -14.1431
577  -4.5639 -13.6209
578 -3.96103  -13.126
579 -3.37073 -12.6162
580 -2.79236 -12.0928
581 -2.19849 -11.5871
582 -1.62247 -11.0612
583 -1.02838 -10.5558
584 -0.418161  -10.0699
585 0.176433 -9.56511
586 0.777232 -9.06767
587  1.41011 -8.61174
588  2.01846 -8.12357
589  2.63377 -7.64421
590  3.25365 -7.17077
591  4.01971 -7.02397
592  4.73721 -7.32993
593  5.23984 -7.92638
594  5.69072 -8.56286
595  6.19524 -9.15772
596  6.68393 -9.76566
597   7.2087 -10.3427
598  7.70712 -10.9427
599  8.21422 -11.5354
600 8.71186 -12.136
601  9.22426 -12.7241
602  9.75197 -13.2985
603  10.3343 -13.8174
604  10.8531 -14.3999
605   11.377 -14.9777
606  11.8941 -15.5617
607  12.4317 -16.1269
608  12.9534 -16.7066
609  13.5073 -17.2559
610  14.0387 -17.8269
611  14.5821 -18.3864
612  15.0922 -18.9765
613  15.6348 -19.5369
614  16.1711 -20.1032
615  16.6934 -20.6825
616  17.1692 -21.3006
617  17.1438 -22.0802
618  16.6016 -22.6409
619  16.0207 -23.1615
620  15.4484 -23.6915
621  14.8595 -24.2029
622  14.2981 -24.7444
623  13.7285 -25.2773
624 13.1702 -25.822
625  12.5769 -26.3284
626  12.0102 -26.8644
627 11.4395 -27.396
628  10.8759 -27.9352
629  10.2855 -28.4449
630  9.72682 -28.9893
631  9.15693 -29.5218
632  8.56704 -30.0321
633  8.00104 -30.5688
634  7.41657 -31.0854
635  6.83256 -31.6024
636  6.25914 -32.1312
637  5.67864 -32.6521
638 5.12347   -33.2
639  4.56043 -33.7398
640  3.96419 -34.2427
641  3.36814 -34.7458
642  2.82202 -35.3028
643 2.24087 -35.823
644  1.66661 -36.3509
645  1.08341 -36.8688
646 0.493351 -37.3789
647 -0.075597  -37.9125
648 -0.65967 -38.4295
649 -1.31575 -38.8513
650 -2.09103  -38.937
651 -2.65231 -38.3953
652 -3.19411 -37.8342
653 -3.76958 -37.3077
654 -4.36249 -36.8009
655  -4.9178 -36.2531
656 -5.49962 -35.7336
657 -6.11505 -35.2544
658 -6.70278 -34.7416
659 -7.28848 -34.2265
660 -7.88311 -33.7217
661  10.9562 -14.5539
662  11.5445 -15.0661
663  12.1023 -15.6113
664  12.6725 -16.1435
665  13.2298 -16.6892
666   13.818 -17.2015
667  14.3633 -17.7592
668  14.9274 -18.2979
669  15.4869 -18.8414
670  16.0608 -19.3696
671  16.5838 -19.9483
672  17.0975 -20.5352
673  17.2179 -21.3059
674  16.7772 -21.9494
675  16.2024 -22.4767
676 15.6342 -23.011
677  15.0401 -23.5164
678 14.4759 -24.055
679  13.8853 -24.5645
680  13.3259 -25.1081
681  12.7361 -25.6186
682  12.1794 -26.1648
683  11.5912 -26.6772
684  11.0401 -27.2291
685  10.4606 -27.7512
686  9.90698 -28.3007
687  9.32994 -28.8255
688  8.77565 -29.3743
689   8.2005 -29.9012
690   7.6428 -30.4465
691   7.0656 -30.9711
692  6.51579 -31.5244
693  5.93672 -32.0469
694  5.36686 -32.5796
695   4.7789 -33.0921
696 4.20561 -33.621
697  3.63791 -34.1559
698  3.09291 -34.7139
699   2.5269 -35.2506
700  1.99281 -35.8191
701 1.40692 -36.334
702 0.845248 -36.8752
703 0.243166 -37.3711
704 -0.325237  -37.9052
705 -0.91359 -38.4173
706 -1.50642 -38.9242
707 -2.20974 -39.2615
708 -2.90509 -38.9081
709 -3.39429 -38.3006
710 -3.90014 -37.7068
711 -4.36539 -37.0808
712  -4.8837 -36.4979
713 -5.37662 -35.8934
714  -5.9041 -35.3188
715 -6.39968 -34.7165
716 -6.91401 -34.1301
717  -7.4091 -33.5273
718 -7.94166 -32.9574
719 -8.44911 -32.3651
720 -8.98235 -31.7958
721 -9.46719 -31.1848
722 -10.0174 -30.6319
723 -10.5346 -30.0481
724 -11.0519 -29.4643
725 -11.5469 -28.8615
726 -12.0823 -28.2943
727 -12.6262 -27.7351
728 -13.1865 -27.1925
729   -13.73 -26.6331
730 -14.2766 -26.0766
731 -14.8191 -25.5162
732 -15.3171 -24.9159
733  -15.789 -24.2948
734  -15.691 -23.5209
735 -15.1725 -22.9382
736 -14.6178 -22.3899
737 -14.0243 -21.8837
738 -13.4354 -21.3722
739 -12.8096 -20.9067
740 -12.2194 -20.3968
741 -11.6156 -19.9029
742 -11.0448 -19.3714
743 -10.4692 -18.8449
744  -9.9076 -18.3036
745 -9.31638 -17.7949
746 -8.72141 -17.2905
747 -8.11327 -16.8021
748 -7.50151 -16.3182
749 -6.88566 -15.8395
750 -6.31145 -15.3116
751 -5.70768 -14.8178
752 -5.12826 -14.2956
753  -4.5149 -13.8137
754 -3.92904 -13.2988
755 -3.31903 -12.8127
756 -2.73013 -12.3012
757 -2.09678 -11.8459
758 -1.48423 -11.3631
759 -0.850358  -10.9085
760 -0.258828  -10.4001
761 0.358977 -9.92394
762 0.945993 -9.41032
763  1.56801 -8.93968
764  2.17298 -8.44733
765  2.79589 -7.97789
766  3.38077 -7.46182
767  3.93356 -6.91153
768  4.32652 -6.23775
769  4.09281 -5.49359
770  3.60554 -4.88451
771  3.1393 -4.2592
772  2.63253 -3.66626
773 2.16728 -3.0402
774   1.6642 -2.44412
775  1.19382 -1.82191
776 0.706282 -1.21305
777  0.223963 -0.600055
778   -0.277892 -0.00294484
779 -0.754884  0.614211
780 -1.27242  1.19778
781 -1.77005  1.79842
782 -2.2657 2.40069
783 -2.76237  3.00212
784 -3.25338  3.60818
785 -3.74261  4.21568
786 -4.25003  4.80807
787 -4.74297  5.41256
788 -5.26975   5.9878
789 -5.95625  6.35809
790 -6.68473   6.0793
791 -7.32976  5.64074
792 -7.9474 5.16437
793 -8.58483  4.71484
794 -9.18116  4.21205
795 -9.80635  3.74565
796 -10.4097  3.25126
797 -11.0445  2.79805
798 -11.6606  2.31978
799 -12.3046   1.8796
800 -12.9351  1.42038
801 -13.5786 0.979669
802 -14.2012  0.50979
803  -14.8365 0.0572588
804  -15.4594 -0.412175
805  -16.1025 -0.853552
806 -16.7365 -1.30794
807 -17.3716 -1.76077
808 -17.9698 -2.26136
809 -18.5965 -2.72575
810 -19.2008 -3.21892
811 -19.8402 -3.66559
812 -20.4684 -4.12796
813 -21.1103 -4.57118
814 -21.7462 -5.02278
815 -22.3855 -5.46972
816 -23.0075 -5.94032
817 -23.6508 -6.38148
818 -24.2782  -6.8449
819 -24.9408 -7.25645
820 -25.5708 -7.71637
821 -26.1972 -8.18105
822 -26.8303 -8.63665
823 -27.4312 -9.13407
824 -27.8897 -9.76506
825 -27.6871 -10.5183
826 -27.2664 -11.1751
827 -26.8561 -11.8385
828 -26.3993 -12.4707
829 -25.9714 -13.1229
830 -25.5174 -13.7571
831  12.2808 -13.8491
832  12.7932 -14.4372
833 13.2562 -15.065
834  13.7335 -15.6818
835  14.2059 -16.3025
836  14.7081 -16.8994
837  15.2046 -17.5009
838  15.6905 -18.1111
839  16.1297 -18.7557
840  16.6208 -19.3617
841  17.0722 -19.9977
842  17.5591 -20.6071
843  17.9845 -21.2609
844  17.9758 -22.0409
845  17.4458 -22.6132
846  16.8486 -23.1149
847  16.2049 -23.5554
848  15.5921 -24.0379
849  14.9699 -24.5084
850  14.3856 -25.0252
851  13.7917 -25.5307
852  13.2186 -26.0598
853  12.6261 -26.5672
854  12.0536 -27.0969
855  11.4551 -27.5971
856  10.8892 -28.1339
857  10.3162 -28.6631
858   9.7681 -29.2181
859 9.17872 -29.729
860  8.59856 -30.2504
861  7.99987 -30.7503
862  7.41602 -31.2676
863  6.80686 -31.7547
864  6.20987 -32.2567
865  5.59986 -32.7428
866  5.03265 -33.2782
867 4.46294 -33.811
868  3.87861 -34.3277
869  3.27663 -34.8237
870  2.70915 -35.3588
871  2.12057 -35.8706
872  1.55368 -36.4064
873 0.968594 -36.9222
874 0.405582  -37.462
875 -0.186551  -37.9698
876 -0.762836  -38.4954
877 -1.35167 -39.0069
878 -2.05144 -39.3515
879 -2.72592 -38.9597
880 -3.26463 -38.3957
881 -3.76464  -37.797
882 -4.28976 -37.2202
883 -4.78509 -36.6177
884 -5.27534  -36.011
885 -5.76171 -35.4012
886 -6.27094 -34.8104
887 -6.75329 -34.1974
888 -7.24836 -33.5947
889 -7.72403 -32.9765
890 -8.24704 -32.3978
891 -8.74568  -31.798
892 -9.26763 -31.2184
893 -9.79704 -30.6456
894  -10.332 -30.0779
895 -10.8463 -29.4915
896 -11.3793 -28.9221
897 -11.9032 -28.3442
898 -12.449 -27.787
899 -12.9615  -27.199
900 -13.4848 -26.6206
901 -14.0002  -26.035
902 -14.5307 -25.4633
903 -15.0495 -24.8808
904 -15.5515 -24.2838
905 -15.7313 -23.5248
906 -15.2404 -22.9187
907 -14.6522 -22.4063
908 -14.0609 -21.8976
909 -13.4685 -21.3902
910 -12.9066 -20.8493
911 -12.2988 -20.3605
912 -11.7074 -19.8519
913 -11.0865 -19.3798
914 -10.5077 -18.8569
915 -9.89455 -18.3748
916 -9.30386 -17.8654
917  -8.6908 -17.3831
918 -8.10753 -16.8653
919 -7.49972 -16.3764
920 -6.90943 -15.8666
921 -6.30712 -15.3709
922 -5.73721 -14.8384
923 -5.14322 -14.3329
924 -4.55911 -13.8159
925 -3.95633 -13.3209
926 -3.38119  -12.794
927 -2.77837  -12.299
928 -2.19684 -11.7792
929 -1.59154 -11.2873
930 -0.997432  -10.7818
931 -0.392226  -10.2898
932 0.206613 -9.78999
933 0.825075  -9.3147
934 1.43857  -8.833
935 2.05182  -8.351
936  2.62556 -7.82259
937  3.19763 -7.29236
938  3.72684 -6.71936
939  4.03581 -6.00316
940  3.72434 -5.28805
941  3.29134 -4.63927
942  2.79227 -4.03984
943  2.32652 -3.41415
944  1.82535 -2.81647
945  1.35252 -2.19611
946 0.831472 -1.61568
947 0.344802 -1.00613
948 -0.171805 -0.421734
949 -0.669378  0.178949
950 -1.18887 0.760781
951 -1.69557  1.35379
952 -2.21773  1.93323
953 -2.74526  2.50777
954 -3.27811  3.07741
955 -3.7916 3.66454
956 -4.29251  4.26244
957 -4.76515  4.88293
958 -5.2759 5.47246
959 -5.81618  6.03503
960 -6.53606  6.33534
961 -7.25771  6.03934
962 -7.87814  5.56663
963 -8.50571  5.10342
964 -9.10087  4.59925
965 -9.70209  4.10232
966 -10.3009  3.60249
967 -10.915 3.12152
968 -11.5334  2.64618
969 -12.1531  2.17255
970 -12.741 1.65992
971 -13.3411  1.16169
972 -13.9375 0.658953
973 -14.5726 0.206077
974 -15.1952  -0.2637
975 -15.8264 -0.72201
976 -16.4374 -1.20683
977 -17.0624 -1.67345
978 -17.6633 -2.17085
979 -18.2835 -2.64381
980 -18.9012  -3.1201
981 -19.5046 -3.61441
982 -20.1075 -4.10926
983 -20.7312 -4.57766
984 -21.3405 -5.06469
985  -21.974 -5.51973
986 -22.5911 -5.99676
987 -23.2104 -6.47101
988 -23.8292 -6.94586
989 -24.4488 -7.41967
990 -25.0572 -7.90777
991 -25.6816 -8.37524
992 -26.2845 -8.87006
993 -26.8795 -9.37451
994 -27.3724 -9.97903
995 -27.3361 -10.7582
996 -26.8761 -11.3882
997 -26.4125 -12.0154
998 -25.9199 -12.6202
999 -25.4331 -13.2296
1000 -24.9053 -13.8039
1001  15.2528 -15.8894
1002  15.7115 -16.5203
1003  16.1366 -17.1742
1004  16.5582 -17.8305
1005  16.9352 -18.5133
1006   17.352 -19.1726
1007  17.7486 -19.8443
1008  18.1635 -20.5048
1009  18.5483 -21.1833
1010  18.9582 -21.8469
1011  19.3486 -22.5222
1012 19.4968 -23.288
1013  18.9861 -23.8776
1014 18.3821 -24.371
1015  17.7315 -24.8013
1016  17.1094 -25.2718
1017  16.4757 -25.7266
1018   15.864 -26.2106
1019  15.2334 -26.6696
1020  14.6078 -27.1355
1021  13.9624 -27.5736
1022   13.336 -28.0383
1023  12.6961 -28.4843
1024  12.0683 -28.9472
1025  11.4409 -29.4107
1026  10.8298 -29.8953
1027 10.2018 -30.358
1028  9.60674 -30.8623
1029  8.99078 -31.3408
1030   8.3846 -31.8317
1031 7.76233 -32.302
1032  7.13509 -32.7656
1033   6.5025 -33.2219
1034  5.90193 -33.7196
1035  5.26485 -34.1697
1036 4.65346 -34.654
1037   4.0338 -35.1278
1038   3.4302 -35.6218
1039  2.79791 -36.0785
1040  2.17265 -36.5449
1041 1.53849 -36.999
1042 0.922156  -37.477
1043 0.310552 -37.9611
1044 -0.283827  -38.4662
1045 -0.887027  -38.9607
1046 -1.51303 -39.4261
1047  -2.2923 -39.4598
1048 -2.82653 -38.8914
1049 -3.30341 -38.2742
1050 -3.80886 -37.6801
1051 -4.31439 -37.0861
1052 -4.82882 -36.4998
1053 -5.32883 -35.9012
1054 -5.84714 -35.3183
1055 -6.35463 -34.7259
1056 -6.8795 -34.149
1057 -7.35831 -33.5332
1058 -7.88176 -32.9549
1059 -8.38903 -32.3624
1060 -8.90776 -31.7799
1061 -9.41211 -31.1849
1062 -9.90259 -30.5784
1063 -10.3976 -29.9756
1064 -10.9191 -29.3956
1065 -11.4273 -28.8039
1066 -11.9695 -28.2431
1067 -12.4797 -27.6532
1068 -13.0097 -27.0809
1069 -13.4851 -26.4625
1070 -14.0075 -25.8833
1071 -14.5283 -25.3026
1072 -15.0599 -24.7318
1073 -15.4757 -24.0719
1074 -15.0889 -23.3946
1075 -14.5302 -22.8502
1076 -13.9819 -22.2955
1077 -13.4031 -21.7726
1078 -12.8587  -21.214
1079 -12.3055 -20.6641
1080 -11.7574 -20.1091
1081 -11.1911 -19.5728
1082 -10.6417 -19.0191
1083 -10.1004 -18.4576
1084 -9.54912 -17.9057
1085 -8.97303 -17.3798
1086 -8.40288 -16.8476
1087 -7.83428 -16.3136
1088 -7.28136 -15.7635
1089 -6.68616 -15.2593
1090 -6.11964 -14.7232
1091 -5.51755 -14.2273
1092 -4.92829 -13.7163
1093 -4.33668 -13.2079
1094 -3.75507 -12.6882
1095  -3.1376 -12.2116
1096  -2.5549 -11.6931
1097 -1.95774 -11.1913
1098 -1.37652 -10.6711
1099 -0.757639  -10.1964
1100 -0.165598  -9.68855
1101 0.435039 -9.19093
1102  1.03143 -8.68821
1103 1.65422 -8.2186
1104  2.24752 -7.71225
1105  2.8586 -7.2275
1106  3.43363 -6.70049
1107  3.95983 -6.12471
1108  4.22028 -5.38948
1109  3.88092 -4.68717
1110  3.34755 -4.11804
1111  2.84029 -3.52551
1112   2.2922 -2.97054
1113   1.7677 -2.39322
1114  1.22092 -1.83695
1115 0.702442 -1.25421
1116 0.159305 -0.69439
1117 -0.362736 -0.114846
1118 -0.890963   0.45907
1119 -1.39286  1.05615
1120 -1.91228  1.63804
1121 -2.39701  2.24914
1122 -2.90668  2.83959
1123 -3.40531   3.4394
1124 -3.91833  4.02694
1125 -4.41374  4.62942
1126 -4.9384 5.20658
1127 -5.44736  5.79765
1128 -5.97452  6.37255
1129 -6.62845  6.79772
1130 -7.37386    6.568
1131 -8.03793  6.15883
1132 -8.66365  5.69314
1133 -9.29493  5.23501
1134 -9.90298  4.74647
1135 -10.5293  4.28159
1136 -11.1316  3.78598
1137 -11.7323  3.28838
1138 -12.3281    2.785
1139 -12.9514  2.31612
1140 -13.5495  1.81537
1141 -14.1682  1.34041
1142 -14.7486 0.819331
1143 -15.3698  0.34764
1144  -15.9825 -0.135042
1145  -16.6207 -0.583511
1146 -17.2294 -1.07129
1147 -17.8652 -1.52306
1148  -18.484 -1.99795
1149 -19.1273  -2.4391
1150 -19.7535 -2.90416
1151 -20.4017 -3.33796
1152 -21.0312 -3.79859
1153 -21.6595 -4.26074
1154 -22.2812 -4.73184
1155 -22.9149 -5.18662
1156 -23.5424 -5.64994
1157 -24.1965 -6.07477
1158 -24.8303 -6.52949
1159 -25.4506 -7.00227
1160 -26.0563 -7.49382
1161 -26.6816 -7.95999
1162  -27.276 -8.46506
1163 -27.8352 -9.00886
1164 -28.2669  -9.6585
1165 -28.1174  -10.424
1166 -27.6598 -11.0557
1167 -27.1981 -11.6844
1168 -26.7218 -12.3021
1169 -26.2614 -12.9317
1170   -25.77 -13.5374
1171  16.0389 -17.5707
1172  16.4804 -18.2137
1173  16.8735 -18.8874
1174 17.3126 -19.532
1175  17.7181 -20.1983
1176  18.1714 -20.8331
1177  18.5579 -21.5106
1178  18.9741 -22.1703
1179  19.3898 -22.8303
1180 19.806 -23.49
1181  19.9061 -24.2635
1182   19.356 -24.8164
1183  18.6683 -25.1846
1184  18.0023 -25.5905
1185  17.3426 -26.0067
1186  16.7065 -26.4582
1187  16.0423 -26.8671
1188  15.3971 -27.3054
1189   14.735 -27.7177
1190  14.0897 -28.1559
1191  13.4324 -28.5758
1192 12.7961 -29.027
1193  12.1472 -29.4598
1194  11.5145 -29.9159
1195  10.8708 -30.3565
1196  10.2273 -30.7973
1197  9.56374 -31.2073
1198  8.91704 -31.6434
1199  8.26823 -32.0763
1200  7.63837 -32.5364
1201  6.98036 -32.9552
1202  6.32999 -33.3858
1203  5.66431 -33.7924
1204  5.04419 -34.2655
1205  4.39495 -34.6978
1206  3.76094 -35.1521
1207  3.10605 -35.5758
1208  2.46891 -36.0258
1209  1.80534 -36.4357
1210  1.15308 -36.8635
1211 0.491842 -37.2772
1212 -0.138818  -37.7362
1213 -0.781957  -38.1775
1214 -1.39724 -38.6569
1215 -2.04098 -39.0974
1216 -2.73326 -39.4567
1217 -3.41438 -39.0766
1218 -3.89596 -38.4631
1219 -4.26979 -37.7785
1220 -4.73595 -37.1531
1221 -5.16406 -36.5011
1222 -5.61493 -35.8646
1223 -6.03534 -35.2076
1224 -6.51591 -34.5932
1225 -6.97538 -33.9629
1226 -7.45645 -33.3489
1227  -7.9226 -32.7236
1228 -8.40485 -32.1105
1229 -8.86727 -31.4824
1230 -9.36062 -30.8782
1231 -9.84388 -30.2659
1232 -10.3396 -29.6637
1233 -10.8099 -29.0415
1234 -11.2973 -28.4325
1235 -11.7541 -27.8002
1236 -12.2849 -27.2287
1237 -12.7541 -26.6056
1238 -13.2477 -26.0016
1239 -13.6927  -25.361
1240 -14.1766 -24.7493
1241 -14.6423 -24.1236
1242 -15.1311 -23.5157
1243 -15.3273 -22.7608
1244 -14.8419 -22.1502
1245 -14.2303 -21.6661
1246 -13.6268  -21.172
1247 -13.0149 -20.6882
1248 -12.4206  -20.183
1249 -11.8046 -19.7046
1250 -11.2092 -19.2007
1251 -10.5941 -18.7211
1252 -10.0544 -18.1579
1253 -9.48169 -17.6284
1254  -8.9049 -17.1033
1255 -8.29283 -16.6198
1256 -7.72597  -16.084
1257 -7.13558 -15.5743
1258 -6.55868 -15.0493
1259 -5.97755 -14.5291
1260 -5.39271  -14.013
1261 -4.77658 -13.5346
1262 -4.19884 -13.0106
1263 -3.60716 -12.5024
1264 -3.02949 -11.9782
1265  -2.4586 -11.4467
1266 -1.90337 -10.8989
1267 -1.34154 -10.3579
1268 -0.790446  -9.80586
1269 -0.216358  -9.27782
1270 0.356877 -8.74886
1271  0.96444 -8.25971
1272   1.5471 -7.74115
1273  2.13395 -7.22733
1274 2.70331 -6.6942
1275  3.29188 -6.18235
1276  3.82824 -5.61604
1277  4.23559 -4.95085
1278  4.11482 -4.18026
1279  3.63541 -3.56498
1280  3.05902 -3.03946
1281  2.52182 -2.47394
1282  1.98178 -1.91112
1283  1.47418 -1.31889
1284 0.902386 -0.78837
1285 0.363338 -0.22461
1286 -0.184584  0.330533
1287 -0.717312  0.900271
1288 -1.26744  1.45323
1289 -1.7903 2.03203
1290 -2.34026  2.58516
1291 -2.87376  3.15417
1292 -3.42584  3.70518
1293  -3.953 4.28007
1294 -4.51311  4.82291
1295 -5.05538  5.38358
1296 -5.62837   5.9128
1297 -6.18979  6.45429
1298 -6.79131  6.95085
1299 -7.56386  6.84332
1300 -8.14754  6.32591
1301 -8.72172  5.79796
1302 -9.27546  5.24863
1303 -9.82389  4.69399
1304 -10.3623  4.12962
1305 -10.9241  3.58855
1306 -11.4878   3.0494
1307 -12.0658  2.52564
1308 -12.6169  1.97364
1309 -13.1692  1.42289
1310 -13.7024 0.853579
1311 -14.2668 0.315167
1312  -14.8262 -0.228381
1313  -15.3933 -0.763907
1314 -15.9371 -1.32303
1315 -16.513 -1.8491
1316  -17.059 -2.40613
1317  -17.623 -2.94499
1318 -18.1488 -3.52113
1319 -18.7216  -4.0505
1320 -19.2457 -4.62825
1321 -19.8091 -5.16759
1322  -20.345 -5.73435
1323 -20.9039 -6.27848
1324 -21.4589  -6.8265
1325 -22.0142 -7.37428
1326 -22.5431 -7.94764
1327 -23.0959 -8.49786
1328 -23.6122  -9.0825
1329 -24.1605 -9.63734
1330 -24.7156 -10.1852
1331 -25.2792 -10.7244
1332 -25.8025 -11.3029
1333 -26.2813 -11.9187
1334 -26.3991 -12.6897
1335 -25.9239 -13.3082
1336 -25.3452 -13.8312
1337    -24.8 -14.3891
1338 -24.2327 -14.9244
1339 -23.6829 -15.4776
1340 -23.0935 -15.9885
1341 -11.3648  -29.095
1342 -11.8599 -28.4922
1343 -12.3312 -27.8707
1344 -12.8342 -27.2746
1345 -13.3083 -26.6552
1346 -13.8227 -26.0689
1347 -14.2867 -25.4419
1348 -14.7849 -24.8417
1349 -15.2983 -24.2545
1350 -15.7659 -23.6302
1351 -15.6242 -22.8632
1352 -15.0792 -22.3052
1353 -14.4528 -21.8404
1354 -13.8695 -21.3225
1355 -13.2507 -20.8476
1356 -12.6534  -20.346
1357 -12.0391 -19.8653
1358 -11.4542 -19.3494
1359 -10.8311 -18.8801
1360  -10.268 -18.3404
1361 -9.68654 -17.8205
1362 -9.10727 -17.2981
1363 -8.50981 -16.7967
1364 -7.95853 -16.2449
1365 -7.34722 -15.7604
1366 -6.77039 -15.2354
1367 -6.16831 -14.7395
1368 -5.61061 -14.1942
1369 -4.99388 -13.7166
1370 -4.42465 -13.1834
1371 -3.81927 -12.6915
1372  -3.2493 -12.1591
1373 -2.64069 -11.6712
1374 -2.05391 -11.1573
1375 -1.44683 -10.6676
1376 -0.863398  -10.1499
1377 -0.245206  -9.67422
1378   0.3413 -9.16001
1379 0.977214 -8.70833
1380  1.57492 -8.20718
1381  2.22074 -7.76979
1382  2.81609 -7.26585
1383  3.44054 -6.79845
1384  4.01662 -6.27258
1385  4.68415 -5.86909
1386  5.39026 -6.20047
1387  5.87884 -6.80848
1388  6.37883 -7.40716
1389  6.89088 -7.99555
1390   7.4804 -8.50631
1391  8.23303 -8.30151
1392  8.79961 -7.76542
1393   9.3977 -7.26474
1394  9.94915 -6.71309
1395  10.5314 -6.19403
1396  11.1165 -5.67831
1397  11.7039 -5.16511
1398  12.2848 -4.64455
1399  12.8645 -4.12268
1400  13.3549 -3.51616
1401  13.7107 -2.82199
1402  13.3531 -2.12879
1403  12.8805 -1.50825
1404   12.3561 -0.930828
1405   11.8771 -0.315239
1406  11.3613 0.269909
1407  10.8735 0.878499
1408 10.3703 1.47448
1409  9.8914 2.09017
1410 9.37257  2.6726
1411 8.81567 3.21873
1412 8.06246  3.4214
1413 7.41671  2.9839
1414 6.84915 2.44884
1415 6.27162 1.92458
1416 5.69087 1.40388
1417  5.08381 0.914102
1418 4.47844 0.42224
1419   3.88294 -0.081518
1420   3.24142 -0.525202
1421   3.93586 -0.170018
1422  4.60542 0.230092
1423  5.28136 0.619333
1424 5.91538 1.07366
1425 -11.3883  -29.092
1426 -11.8485 -28.4622
1427 -12.3373 -27.8544
1428 -12.8406 -27.2585
1429  -13.325 -26.6471
1430 -13.8328  -26.055
1431 -14.2896 -25.4228
1432 -14.8139 -24.8453
1433 -15.3031 -24.2378
1434  -15.738 -23.5903
1435 -15.5176 -22.8421
1436 -15.0119 -22.2482
1437 -14.3967 -21.7688
1438 -13.7907 -21.2777
1439 -13.1739 -20.8002
1440 -12.5807 -20.2937
1441 -11.9698 -19.8087
1442 -11.3775 -19.3011
1443 -10.7506 -18.8371
1444 -10.1759 -18.3097
1445 -9.58361 -17.8022
1446 -9.02713 -17.2556
1447 -8.44799 -16.7331
1448 -7.89384 -16.1842
1449 -7.30299  -15.675
1450 -6.73664 -15.1387
1451 -6.13485 -14.6424
1452 -5.56551 -14.1093
1453 -4.96018 -13.6174
1454 -4.38361  -13.092
1455 -3.78116 -12.5966
1456  -3.1997 -12.0767
1457  -2.6076 -11.5689
1458 -2.03144 -11.0432
1459 -1.42106 -10.5575
1460 -0.84287  -10.034
1461 -0.238065  -9.54145
1462 0.346093 -9.02457
1463 0.962321 -8.54638
1464  1.54448 -8.02726
1465  2.15295 -7.53924
1466  2.73564 -7.02071
1467  3.33033 -6.51599
1468  3.91534 -6.00008
1469   4.6756 -5.82569
1470   5.3053 -6.28599
1471   5.7799 -6.90498
1472  6.27656 -7.50642
1473  6.76982 -8.11065
1474  7.44368 -8.50348
1475  8.12238 -8.11908
1476  8.70757 -7.60338
1477  9.29884 -7.09465
1478  9.86619 -6.55938
1479  10.4554 -6.04821
1480  11.0108 -5.50063
1481 11.6102 -5.0015
1482  12.1932 -4.48334
1483  12.7892 -3.98015
1484  13.3363 -3.42419
1485  13.6894 -2.72869
1486  13.3644 -2.01963
1487  12.9067 -1.38803
1488   12.3879 -0.805555
1489   11.9204 -0.181233
1490  11.4385 0.432111
1491 10.9656 1.05241
1492 10.4605 1.64682
1493 9.97217 2.25501
1494 9.44197 2.82711
1495 8.86486 3.35183
1496 8.09548 3.48016
1497 7.46273 3.02407
1498 6.88669 2.49816
1499 6.31262  1.9701
1500 5.74708 1.43292
1501  5.15104 0.929795
1502  4.56599 0.413927
1503    3.96863 -0.0876261
1504   3.33681 -0.545018
1505  3.10888 -1.29097
1506  3.87195 -1.12935
1507   4.54302 -0.731771
1508   5.16383 -0.259547
1509  5.78613 0.210711
1510   6.3735 0.723931
1511 -11.6206 -29.3006
1512 -12.1349 -28.7142
1513 -12.5601 -28.0603
1514 -13.0201 -27.4304
1515 -13.4716 -26.7944
1516 -13.9701 -26.1944
1517 -14.4416 -25.5731
1518 -14.9459 -24.9781
1519 -15.4326 -24.3685
1520  -15.916 -23.7564
1521 -15.6169 -23.0361
1522 -15.0453 -22.5053
1523 -14.4105  -22.052
1524 -13.8129 -21.5508
1525 -13.1917 -21.0791
1526 -12.5987 -20.5723
1527 -12.0044 -20.0672
1528 -11.4327 -19.5366
1529 -10.8483   -19.02
1530 -10.2671 -18.4998
1531  -9.6617 -18.0079
1532 -9.09275 -17.4744
1533 -8.49194 -16.9769
1534 -7.91799 -16.4487
1535 -7.32075  -15.947
1536 -6.77347 -15.3913
1537 -6.19264 -14.8707
1538 -5.60053 -14.3629
1539 -4.98867 -13.8792
1540  -4.3981 -13.3696
1541 -3.81301 -12.8538
1542 -3.22481 -12.3415
1543 -2.60388 -11.8695
1544 -2.00032 -11.3754
1545 -1.38288 -10.8988
1546 -0.79132 -10.3904
1547 -0.173602  -9.91412
1548 0.419487 -9.40752
1549  1.03956 -8.93432
1550  1.61609 -8.40895
1551  2.20774 -7.90067
1552  2.78742 -7.37879
1553  3.38124 -6.87303
1554   3.9454 -6.33441
1555  4.63084 -5.96215
1556  5.32901 -6.30995
1557  5.80813 -6.92545
1558  6.32071 -7.51338
1559  6.83063 -8.10362
1560  7.43521 -8.59645
1561  8.21505 -8.61249
1562  8.79298 -8.08866
1563  9.35163 -7.54432
1564  9.87794 -6.96865
1565  10.4213 -6.40905
1566  10.9589 -5.84393
1567  11.5313 -5.31403
1568  12.0763 -4.75598
1569  12.6498 -4.22735
1570  13.1767 -3.65226
1571  13.7089 -3.08195
1572  13.8822 -2.32145
1573  13.4332 -1.68365
1574 12.8649 -1.1494
1575    12.355 -0.559127
1576   11.8561 0.0404467
1577  11.3591 0.641652
1578 10.8481 1.23092
1579 10.3477 1.82922
1580 9.83656 2.41844
1581 9.30914 2.99309
1582 8.69388 3.47252
1583 7.94434 3.25669
1584 7.35992  2.7401
1585 6.78408 2.21398
1586 6.19655 1.70094
1587 5.59241 1.20757
1588   4.9841 0.719348
1589  4.37664 0.230065
1590   3.78061 -0.273071
1591   3.19755 -0.791183
1592   2.50253 -0.437137
1593  2.97909 0.180348
1594 3.55112 0.71062
1595 4.11635 1.24813
1596 4.65808 1.80931
1597 -11.4937 -29.1385
1598  -11.978 -28.5271
1599 -12.4381 -27.8972
1600 -12.9423 -27.3021
1601    -13.4 -26.6705
1602 -13.8724 -26.0499
1603 -14.3286 -25.4172
1604 -14.8207  -24.812
1605 -15.2828 -24.1836
1606 -15.6998 -23.5244
1607 -15.4473 -22.7864
1608 -14.9031 -22.2276
1609 -14.2691 -21.7732
1610 -13.6822 -21.2595
1611  -13.077 -20.7674
1612 -12.5143 -20.2273
1613 -11.9145 -19.7286
1614  -11.337 -19.2043
1615 -10.7259 -18.7196
1616 -10.1649 -18.1777
1617  -9.5564 -17.6897
1618 -8.95491 -17.1931
1619 -8.35408 -16.6957
1620 -7.78199 -16.1655
1621 -7.15975 -15.6951
1622 -6.57466 -15.1793
1623 -5.98978 -14.6633
1624  -5.4027 -14.1497
1625 -4.80843 -13.6445
1626 -4.24415  -13.106
1627  -3.6392 -12.6136
1628 -3.03896 -12.1155
1629 -2.42449 -11.6351
1630 -1.83245 -11.1272
1631 -1.20811 -10.6597
1632 -0.627901  -10.1384
1633 -0.00469859    -9.66933
1634 0.574557 -9.14696
1635  1.18779 -8.66494
1636  1.75953 -8.13436
1637  2.35031 -7.62507
1638  2.91157 -7.08341
1639  3.50096 -6.57252
1640  4.07293 -6.04219
1641  4.81506 -5.80211
1642  5.45187 -6.25253
1643  5.94381 -6.85784
1644  6.45448 -7.44743
1645  6.99313 -8.01157
1646  7.56678 -8.54009
1647  8.32097 -8.34113
1648  8.87612 -7.79321
1649   9.4217 -7.23577
1650   9.9681 -6.67914
1651  10.5474 -6.15678
1652  11.1047 -5.61111
1653  11.6747 -5.07869
1654  12.2236 -4.52449
1655  12.8015 -4.00057
1656  13.3352 -3.43181
1657 13.7383  -2.764
1658  13.4379 -2.04416
1659  12.9403 -1.44344
1660   12.4063 -0.874917
1661   11.8712 -0.307393
1662  11.3266 0.251012
1663  10.7944 0.821176
1664  10.266 1.39495
1665 9.76687 1.99436
1666 9.25055   2.579
1667 8.69534 3.12686
1668 7.97512 3.42632
1669 7.30331    3.03
1670 6.73787 2.49271
1671 6.15054 1.97944
1672 5.56877 1.45989
1673  4.97278 0.956696
1674  4.37946 0.450368
1675    3.79921 -0.0708956
1676   3.28209 -0.654833
1677  2.70246 -1.17678
1678   2.22265 -0.561805
1679   2.74934 0.0135207
1680  3.29319 0.572649
1681 3.82857  1.1399
1682 4.33705 1.73138
1683 -11.2406 -29.8825
1684 -11.7141 -29.2627
1685  -12.216 -28.6656
1686 -12.7517 -28.0986
1687  -13.205 -27.4639
1688 -13.7037 -26.8642
1689 -14.1468 -26.2222
1690 -14.6703  -25.644
1691 -15.1824 -25.0557
1692 -15.7385 -24.5087
1693 -15.9087 -23.7475
1694 -15.3993 -23.1569
1695 -14.8043 -22.6525
1696 -14.2183 -22.1378
1697  -13.615 -21.6434
1698 -13.0445 -21.1114
1699  -12.434 -20.6259
1700 -11.8506 -20.1082
1701 -11.2459 -19.6155
1702 -10.6605    -19.1
1703  -10.035 -18.6341
1704 -9.45396 -18.1137
1705 -8.83317 -17.6414
1706 -8.22657 -17.1511
1707 -7.58837 -16.7026
1708 -7.02484 -16.1634
1709 -6.40563  -15.689
1710 -5.82113 -15.1725
1711 -5.19777 -14.7037
1712 -4.60442 -14.1974
1713 -3.98705 -13.7207
1714 -3.45675 -13.1487
1715 -2.83021 -12.6841
1716 -2.23095 -12.1848
1717 -1.61315 -11.7087
1718 -1.07988 -11.1394
1719 -0.478673  -10.6425
1720 0.112037 -10.1331
1721 0.710722 -9.63314
1722  1.26792 -9.08731
1723 1.84659 -8.5643
1724  2.37383 -7.98947
1725  2.94279 -7.45592
1726  3.45841 -6.87065
1727 4.03165 -6.3417
1728  4.68619 -5.91745
1729 5.42567 -6.1656
1730   5.9505 -6.74261
1731  6.43741 -7.35197
1732  6.96076 -7.93034
1733  7.54171 -8.45082
1734  8.32031 -8.40414
1735  8.94018 -7.93069
1736  9.49711 -7.38458
1737 10.1024 -6.8926
1738 10.6671 -6.3546
1739  11.2689 -5.85828
1740  11.8255 -5.31183
1741  12.4038 -4.78842
1742   12.951 -4.23262
1743  13.5201 -3.69922
1744  14.0356 -3.11379
1745 14.2614 -2.3672
1746  13.7578 -1.77153
1747 13.2301 -1.1972
1748  12.6841 -0.64013
1749    12.1632 -0.0595904
1750  11.5981 0.478072
1751 11.0935 1.07288
1752 10.5322 1.61447
1753 10.0239  2.2061
1754 9.46256 2.74768
1755 8.92585 3.31367
1756 8.35424 3.84439
1757 7.83568 4.42706
1758 7.28479 4.97925
1759 6.74479  5.5421
1760 6.19886  6.0992
1761 5.52831 6.49765
1762 4.87038 6.07869
1763 4.30857 5.53761
1764 3.79536 4.95023
1765 3.23922 4.40332
1766  2.7265 3.81551
1767  2.2404 3.20551
1768 2.65747 3.86464
1769 3.19973  4.4253
1770 3.68951 5.03236
1771 -11.5315 -29.0565
1772 -11.9767 -28.4161
1773 -12.4675 -27.8098
1774 -12.9729 -27.2157
1775 -13.4421 -26.5926
1776 -13.9588 -26.0083
1777 -14.4248 -25.3827
1778 -14.9339 -24.7919
1779 -15.4118 -24.1754
1780 -15.8742 -23.5472
1781 -15.7368 -22.7794
1782 -15.1868 -22.2264
1783 -14.5692   -21.75
1784 -13.9648  -21.257
1785 -13.3374 -20.7936
1786 -12.7334 -20.2999
1787 -12.1036 -19.8398
1788 -11.4822 -19.3683
1789 -10.8581 -18.9005
1790 -10.2366 -18.4292
1791 -9.59184 -17.9902
1792 -8.98403 -17.5014
1793 -8.35664 -17.0379
1794 -7.77514  -16.518
1795 -7.14611 -16.0568
1796 -6.54024 -15.5656
1797 -5.90806 -15.1087
1798 -5.32023  -14.596
1799 -4.70663 -14.1145
1800 -4.13973 -13.5787
1801 -3.53929 -13.0808
1802 -2.97449 -12.5429
1803  -2.3721 -12.0474
1804 -1.78279 -11.5364
1805 -1.16898 -11.0551
1806 -0.607574  -10.5136
1807 -0.00443446     -10.019
1808 0.583792 -9.50675
1809  1.18554 -9.01047
1810  1.76267 -8.48576
1811  2.37958 -8.00844
1812   2.9633 -7.49108
1813   3.5523 -6.97973
1814  4.11452 -6.43907
1815  4.73977 -5.97274
1816  5.42892 -6.33808
1817  5.90204 -6.95821
1818  6.44191 -7.52118
1819  6.96623 -8.09866
1820   7.5318 -8.63582
1821  8.31068 -8.67753
1822  8.85422 -8.11809
1823  9.40836 -7.56916
1824  9.95712 -7.01484
1825  10.5296 -6.48508
1826 11.0983 -5.9512
1827 11.6599 -5.4099
1828  12.1961 -4.84341
1829  12.7427 -4.28699
1830  13.2535 -3.69755
1831  13.6892 -3.05055
1832  13.6649 -2.27092
1833  13.1432 -1.69114
1834   12.559 -1.17428
1835   12.0104 -0.619823
1836    11.4357 -0.0924315
1837   10.854 0.427241
1838  10.2472 0.917284
1839 9.68235 1.45522
1840 9.10346 1.97799
1841 8.56741  2.5446
1842 8.00679 3.08691
1843 7.47218 3.65489
1844 6.92225 4.20803
1845 6.39807 4.78565
1846 5.83304 5.32337
1847 5.24887 5.84023
1848 4.48469 5.99654
1849 3.87312 5.51241
1850 3.36365 4.92178
1851 2.83647 4.34691
1852 2.31831 3.76389
1853 1.81123 3.17122
1854  1.3297 2.55759
1855 0.820124  1.96706
1856 0.0752723   1.73555
1857 0.598524    2.314
1858 1.19111 2.82119
1859 1.74239   3.373
1860 -11.1424 -28.8367
1861 -11.6307 -28.2284
1862  -12.117 -27.6186
1863 -12.5917 -26.9997
1864 -13.0971 -26.4055
1865 -13.5994 -25.8088
1866 -14.1224 -25.2301
1867 -14.6333 -24.6407
1868 -15.1514 -24.0577
1869 -15.5499 -23.3871
1870 -15.1265 -22.7321
1871 -14.5261 -22.2342
1872 -13.9472 -21.7114
1873 -13.3291 -21.2357
1874 -12.7486 -20.7147
1875 -12.1312  -20.238
1876 -11.5348 -19.7352
1877 -10.9008  -19.281
1878  -10.292 -18.7934
1879 -9.66026 -18.3358
1880 -9.08166 -17.8127
1881 -8.47078 -17.3277
1882 -7.89161 -16.8053
1883 -7.29489  -16.303
1884 -6.72433 -15.7711
1885 -6.11841 -15.2799
1886 -5.56177 -14.7335
1887 -4.95914 -14.2383
1888 -4.38435  -13.711
1889 -3.77748  -13.221
1890  -3.1813 -12.7181
1891 -2.56226 -12.2435
1892 -1.98559 -11.7183
1893 -1.39771 -11.2057
1894 -0.84008 -10.6603
1895 -0.238688  -10.1636
1896  0.33833 -9.63874
1897 0.938734 -9.14082
1898    1.476 -8.57536
1899  2.07105 -8.07107
1900  2.62812 -7.52511
1901  3.21342 -7.00953
1902  3.74823 -6.44175
1903   4.3905 -5.99915
1904  5.12125 -6.27192
1905  5.65142 -6.84405
1906  6.19545 -7.40299
1907  6.70879 -7.99027
1908 7.30909 -8.4883
1909  8.04104 -8.75785
1910  8.64458 -8.26375
1911  9.21628 -7.73314
1912  9.75846 -7.17239
1913 10.3225 -6.6336
1914  10.8608 -6.06915
1915  11.4255 -5.53111
1916  11.9733 -4.97582
1917   12.535 -4.43459
1918  13.0627 -3.86027
1919  13.5901 -3.28551
1920   13.762 -2.52469
1921  13.3217 -1.88085
1922  12.7466 -1.35387
1923   12.2116 -0.786317
1924   11.678 -0.21737
1925  11.1634 0.368779
1926  10.6243 0.932507
1927 10.0926 1.50322
1928 9.53139 2.04493
1929 8.98937 2.60583
1930 8.43465 3.15418
1931 7.90472 3.72652
1932 7.34855  4.2734
1933 6.83061 4.85661
1934 6.25703  5.3852
1935 5.65404 5.87998
1936 4.91116 6.11772
1937 4.27431 5.66735
1938  3.7896 5.05624
1939 3.28366 4.46259
1940 2.75882 3.88558
1941 2.21708 3.32441
1942 1.71039 2.73139
1943 1.18323  2.1565
1944 0.495201  1.78905
1945 0.950376  2.42246
1946 1.43951 3.03004
1947  1.9312 3.63555
1948 2.43258 4.23306
1949 -11.0736 -28.9269
1950 -11.6129 -28.3634
1951  -12.181 -27.8289
1952 -12.7079 -27.2537
1953  -13.283 -26.7268
1954 -13.7946  -26.138
1955 -14.3487  -25.589
1956 -14.8619 -25.0016
1957 -15.4096 -24.4463
1958 -15.7562 -23.7475
1959 -15.3124  -23.106
1960 -14.6886 -22.6377
1961 -14.1231 -22.1006
1962 -13.5279 -21.5964
1963 -12.9696 -21.0517
1964 -12.3504 -20.5774
1965 -11.7783 -20.0472
1966 -11.1731 -19.5551
1967 -10.6179 -19.0073
1968 -10.0183 -18.5083
1969 -9.46714 -17.9564
1970 -8.86174 -17.4646
1971 -8.29526 -16.9284
1972 -7.69879 -16.4258
1973 -7.13878 -15.8828
1974 -6.53826 -15.3851
1975  -5.9929 -14.8274
1976 -5.40125 -14.3191
1977 -4.83976 -13.7777
1978 -4.25199  -13.265
1979 -3.70846 -12.7055
1980 -3.09939 -12.2182
1981  -2.5135 -11.7033
1982 -1.91689 -11.2009
1983 -1.34526 -10.6702
1984 -0.738375  -10.1802
1985 -0.158075  -9.65899
1986 0.454068 -9.17559
1987 0.997546 -8.61609
1988   1.5647 -8.08061
1989  2.13105 -7.54428
1990  2.71706 -7.02951
1991  3.27829 -6.48783
1992  3.90009 -6.01691
1993  4.64139 -5.77427
1994  5.30911 -6.17746
1995 5.85046  -6.739
1996  6.34619 -7.34122
1997  6.90376 -7.88666
1998  7.51412 -8.37231
1999  8.27368 -8.19489
2000   8.8333 -7.65154
2001   9.3868 -7.10197
2002  9.98753 -6.60445
2003  10.5579 -6.07241
2004  11.1399 -5.55307
2005 11.6961 -5.0062
2006 12.2986 -4.5109
2007  12.8717 -3.98174
2008  13.4642 -3.47448
2009  13.8866 -2.81873
2010   13.575 -2.10368
2011  13.0253 -1.55025
2012    12.507 -0.967324
2013   11.9748 -0.397088
2014  11.4728 0.199857
2015  10.9226 0.752757
2016 10.4131 1.34332
2017 9.87692 1.90984
2018 9.37214 2.50448
2019 8.83322 3.06836
2020 8.33167 3.66573
2021 7.79551 4.23223
2022 7.31573 4.84723
2023 6.76489 5.39947
2024 6.19643 5.93357
2025 5.50142 6.28763
2026   4.805 5.93635
2027 4.27594 5.36321
2028 3.72313 4.81293
2029 3.15923 4.27403
2030 2.56243 3.77181
2031 1.98101 3.25185
2032 1.42429 2.70554
2033 0.763352  2.29134
2034 1.25867 2.89388
2035 1.82924 3.42571
2036 2.37774 3.98029
2037 2.93665 4.52436
2038 3.47346 5.09026
2039 -10.7328 -28.6692
2040 -11.2526 -28.0876
2041 -11.7904 -27.5227
2042 -12.3647 -26.9949
2043 -12.9084 -26.4356
2044 -13.4601 -25.8842
2045  -13.984 -25.3063
2046 -14.5285 -24.7478
2047 -15.0493 -24.1672
2048 -15.5745 -23.5904
2049 -15.3987 -22.8305
2050 -14.8687 -22.2582
2051 -14.2682 -21.7604
2052 -13.6954  -21.231
2053 -13.1042 -20.7221
2054 -12.5458 -20.1776
2055 -11.9376 -19.6892
2056 -11.3715 -19.1526
2057 -10.7739 -18.6513
2058 -10.1952 -18.1284
2059 -9.59351  -17.632
2060 -9.03772 -17.0848
2061 -8.43285 -16.5923
2062 -7.87393 -16.0482
2063 -7.27991 -15.5427
2064 -6.70696 -15.0134
2065 -6.12121 -14.4984
2066 -5.55392  -13.963
2067 -4.94898 -13.4706
2068 -4.36798 -12.9502
2069 -3.79119 -12.4251
2070 -3.23903 -11.8742
2071 -2.64826 -11.3649
2072 -2.05819 -10.8548
2073  -1.4439 -10.3741
2074 -0.86241 -9.85425
2075 -0.247478   -9.3744
2076 0.357406 -8.88194
2077 0.976243 -8.40713
2078  1.57178 -7.90341
2079  2.20822 -7.45247
2080  2.80639 -6.95188
2081  3.39747 -6.44294
2082 3.94499 -5.8874
2083  4.68982 -5.65582
2084  5.28432 -6.16077
2085  5.76492 -6.77512
2086  6.24961 -7.38624
2087  6.72145 -8.00735
2088 7.32723 -8.4987
2089  8.06631 -8.24937
2090  8.66749 -7.75239
2091  9.29109 -7.28387
2092  9.87257 -6.76398
2093  10.4584 -6.24905
2094  11.0567 -5.74851
2095  11.6753 -5.27347
2096  12.2835 -4.78507
2097  12.8856 -4.28922
2098  13.4377 -3.73824
2099 13.8451 -3.0731
2100  13.5578 -2.34793
2101  13.0447 -1.76047
2102  12.5019 -1.20031
2103   11.9997 -0.603525
2104    11.4753 -0.0260845
2105  11.0043 0.595687
2106 10.4847 1.17741
2107 9.99641 1.78564
2108 9.46247 2.35424
2109  8.9616 2.95218
2110 8.44384 3.53555
2111 7.95344 4.14211
2112 7.42002  4.7112
2113 6.88954 5.28303
2114 6.37122  5.8659
2115 5.85528 6.45089
2116 5.31774 7.01609
2117 4.82455 7.62037
2118 4.30673  8.2037
2119 3.81315 8.80766
2120 3.27299 9.37036
2121  2.5078 9.52165
2122 1.89594 9.03788
2123 1.33528 8.49561
2124 0.78047 7.94736
2125 0.196437  7.43034
2126 -0.363043   6.88685
2127 -0.933278   6.35466
2128 -1.49449  5.81296
2129 -2.17603   5.4336
2130 -2.94004  5.59071
2131 -2.40337  6.15673
2132 -1.83589  6.69187
2133 -1.3038 7.26221
2134 -10.7536 -28.6458
2135 -11.2388 -28.0351
2136 -11.7311 -27.4301
2137 -12.2693 -26.8656
2138 -12.7641 -26.2626
2139 -13.2912 -25.6876
2140 -13.7842 -25.0832
2141 -14.3641 -24.5615
2142 -14.8905 -23.9859
2143 -15.3655 -23.3673
2144      -15 -22.6782
2145 -14.4346 -22.1409
2146 -13.8478  -21.627
2147 -13.2738 -21.0989
2148 -12.6716 -20.6031
2149 -12.0943 -20.0786
2150 -11.4944 -19.5801
2151 -10.8921 -19.0844
2152 -10.293 -18.585
2153 -9.72929 -18.0459
2154 -9.12415 -17.5537
2155 -8.55248 -17.0231
2156 -7.94715 -16.5312
2157 -7.37432 -16.0018
2158 -6.78024 -15.4963
2159 -6.21144 -14.9626
2160  -5.6089 -14.4673
2161 -5.06825 -13.9051
2162 -4.47491 -13.3988
2163 -3.91719 -12.8535
2164 -3.35309 -12.3148
2165 -2.78065 -11.7849
2166 -2.16623 -11.3044
2167 -1.58922 -10.7796
2168 -0.977829  -10.2952
2169 -0.400208  -9.77106
2170 0.213666 -9.28986
2171 0.800029 -8.77548
2172  1.39125 -8.26671
2173  1.96704 -7.74052
2174  2.55911 -7.23273
2175  3.08887 -6.66024
2176  3.61171 -6.08141
2177  4.30601 -5.72595
2178  4.98156 -6.11586
2179  5.53552 -6.66497
2180  6.02656 -7.27101
2181  6.55035 -7.84898
2182   7.1019 -8.40051
2183  7.87263 -8.52044
2184  8.46049 -8.00778
2185  9.05058 -7.49768
2186  9.63534 -6.98149
2187  10.208 -6.4519
2188  10.8033 -5.94787
2189  11.3765 -5.41887
2190  11.9505 -4.89077
2191  12.5415 -4.38171
2192 13.1175 -3.8558
2193 13.5424 -3.2017
2194  13.2083 -2.49688
2195  12.6811 -1.92208
2196   12.167 -1.33542
2197    11.608 -0.791466
2198   11.0762 -0.220913
2199  10.5426 0.348031
2200  10.0546 0.956529
2201 9.52566  1.5298
2202 9.02778 2.13022
2203 8.49059 2.69575
2204 7.98433 3.28914
2205 7.48442 3.88787
2206 7.00296 4.50155
2207 6.46913 5.07025
2208 5.96687 5.66702
2209 5.42187 6.22503
2210 4.89233 6.79774
2211 4.35585 7.36394
2212 3.86434  7.9696
2213 3.31226 8.52061
2214 2.65089 8.93411
2215 1.94481 8.60268
2216 1.35859 8.08814
2217 0.818032  7.52583
2218 0.251272  6.98993
2219 -0.303594   6.44173
2220 -0.883005   5.91954
2221 -1.40818  5.34283
2222 -1.94238  4.77447
2223 -2.62225  4.39215
2224 -2.12926   4.9966
2225 -1.5647 5.53481
2226 -1.05339  6.12384
2227 -0.515667   6.68887
2228 -0.0127313    7.28507
2229 -11.4381 -28.1751
2230 -11.9212 -27.5627
2231 -12.4284 -26.9701
2232 -12.9601 -26.3994
2233 -13.4306 -25.7772
2234 -13.9412 -25.1876
2235 -14.4287 -24.5787
2236 -14.9598 -24.0075
2237 -15.3256 -23.3186
2238 -15.0605  -22.585
2239 -14.4762 -22.0683
2240 -13.8858 -21.5586
2241  -13.279 -21.0684
2242 -12.7001 -20.5456
2243 -12.0867 -20.0639
2244 -11.5148 -19.5335
2245 -10.8935 -19.0619
2246 -10.3172 -18.5363
2247 -9.71462  -18.041
2248  -9.1329 -17.5214
2249 -8.52182 -17.0366
2250 -7.95297 -16.5029
2251 -7.33718 -16.0242
2252 -6.75789 -15.5019
2253  -6.1376 -15.0289
2254 -5.55029 -14.5157
2255 -4.96243  -14.003
2256 -4.39522 -13.4676
2257 -3.78713 -12.9791
2258 -3.19344 -12.4732
2259 -2.56965 -12.0049
2260 -1.98608 -11.4874
2261 -1.36202 -11.0195
2262 -0.785435  -10.4941
2263 -0.187662  -9.99307
2264 0.373053 -9.45086
2265 0.988842 -8.97211
2266  1.56852 -8.45021
2267  2.18479 -7.97209
2268  2.75411 -7.43891
2269  3.34761 -6.93278
2270  3.89127 -6.37346
2271  4.55708 -5.96715
2272  5.31488 -6.15191
2273  5.87225 -6.69756
2274  6.40569 -7.26663
2275  6.92772 -7.84619
2276  7.56838 -8.29112
2277  8.31323 -8.05961
2278  8.89458 -7.53958
2279  9.47474 -7.01822
2280 10.0432 -6.4841
2281  10.6166 -5.95537
2282  11.1575 -5.39334
2283  11.7408 -4.87552
2284  12.3201 -4.35317
2285  12.8953 -3.82643
2286  13.3727 -3.20958
2287  13.1977 -2.44946
2288   12.678 -1.86784
2289  12.1585 -1.28601
2290   11.6201 -0.721651
2291   11.1492 -0.099807
2292 10.6183 0.47159
2293 10.1134 1.06619
2294 9.57622 1.63171
2295 9.06392 2.21988
2296 8.51033 2.76938
2297 8.00685 3.36512
2298 7.46752 3.92861
2299 6.96651 4.52643
2300 6.44394 5.10549
2301 5.94615   5.706
2302 5.44356 6.30249
2303 4.97153 6.92345
2304 4.44089 7.49514
2305 3.91523  8.0714
2306 3.33652 8.59436
2307 2.62645 8.91716
2308 1.95058 8.52779
2309 1.34756 8.03304
2310 0.797077  7.48045
2311 0.223521  6.95183
2312 -0.330004   6.40228
2313 -0.889821   5.85913
2314 -1.42981  5.29627
2315 -2.05482  4.82962
2316 -2.83325  4.87893
2317 -2.35316  5.49367
2318 -1.82488  6.06754
2319 -1.31683  6.65938
2320 -0.774791   7.22027
2321 -0.260644   7.80683
2322 0.312438  8.33596
2323 0.870934  8.88046
2324  -10.595 -28.6371
2325 -11.1111 -28.0523
2326 -11.6525 -27.4908
2327 -12.2417 -26.9796
2328 -12.7501 -26.3881
2329  -13.317 -25.8524
2330 -13.8756  -25.308
2331 -14.4614  -24.793
2332 -15.0135  -24.242
2333 -15.4004 -23.5647
2334 -15.0234 -22.8819
2335 -14.5035 -22.3004
2336 -13.9359 -21.7654
2337 -13.3857 -21.2125
2338 -12.7822 -20.7184
2339 -12.2098 -20.1885
2340 -11.6301 -19.6667
2341 -11.0782 -19.1155
2342 -10.4793 -18.6157
2343 -9.91101 -18.0815
2344 -9.29368 -17.6047
2345 -8.73678 -17.0586
2346 -8.14016 -16.5561
2347 -7.54787 -16.0486
2348  -6.9581 -15.5381
2349 -6.41414 -14.9791
2350  -5.8187 -14.4753
2351 -5.25302 -13.9382
2352 -4.67588 -13.4135
2353 -4.12084 -12.8655
2354 -3.52633 -12.3606
2355 -2.95364  -11.831
2356  -2.3603 -11.3247
2357 -1.77741 -10.8064
2358 -1.17407 -10.3121
2359 -0.590648  -9.79435
2360 0.0336453  -9.32674
2361 0.620012 -8.81237
2362  1.23136 -8.32796
2363 1.82855 -7.8262
2364   2.4235 -7.32179
2365  2.98487 -6.78025
2366  3.54855 -6.24111
2367  4.18153 -5.78533
2368  4.93525 -5.98611
2369  5.48035 -6.54401
2370  5.94835 -7.16801
2371  6.45699 -7.75935
2372  6.96704 -8.34948
2373 7.65568 -8.7158
2374  8.33425 -8.33116
2375  8.92243 -7.81887
2376    9.539 -7.34113
2377  10.1348 -6.83766
2378 10.7396 -6.3452
2379  11.3184 -5.82235
2380   11.911 -5.31517
2381  12.5239 -4.83268
2382  13.1252 -4.33586
2383  13.6395 -3.74943
2384  13.7081 -2.97246
2385  13.2495 -2.34153
2386 12.7737 -1.7235
2387  12.2659 -1.13141
2388   11.7614 -0.536511
2389   11.2483 0.0509736
2390  10.7351 0.638343
2391 10.2183 1.22254
2392 9.74643 1.84364
2393 9.24258 2.43907
2394 8.77341 3.06219
2395 8.27398 3.66133
2396 7.84022  4.3096
2397 7.35764  4.9224
2398 6.91603 5.56534
2399 6.42436 6.17087
2400 5.97061 6.80531
2401 5.48662 7.41699
2402 5.00121 8.02754
2403 4.50628  8.6304
2404 4.00342 9.22667
2405 3.33099 9.62195
2406 2.63518 9.26946
2407 2.02309 8.78599
2408  1.4178 8.29404
2409 0.835725  7.77482
2410 0.240298  7.27096
2411 -0.34705  6.75772
2412 -0.922066   6.23069
2413 -1.50944  5.71747
2414 -2.25498  5.48819
2415 -2.66135  6.15397
2416 -2.24547  6.81386
2417 -1.64674  7.31377
2418 -1.00318   7.7545
2419 -0.384098   8.22898
2420 0.237555  8.70009
2421 0.83245 9.20457
2422  19.3761 -22.5124
2423   19.978 -22.0163
2424  20.5684 -21.5065
2425  21.1452 -20.9815
2426 21.7574 -20.498
2427  22.3383 -19.9775
2428  22.9391 -19.4802
2429 23.5176 -18.957
2430  24.1399 -18.4867
2431  24.7472 -17.9972
2432 25.4752 -17.717
2433  26.1658 -18.0795
2434  25.5625 -18.5739
2435  24.9214 -19.0182
2436  24.3225 -19.5179
2437   23.715 -20.0072
2438   23.123 -20.5151
2439    22.53 -21.0217
2440  21.9601 -21.5543
2441  21.3476 -22.0372
2442  20.7549 -22.5443
2443  20.1252 -23.0046
2444  19.3647 -23.1779
2445  18.8149 -22.6247
2446  18.3717 -21.9828
2447   17.956 -21.3228
2448  17.5167 -20.6783
2449    17.09 -20.0253
2450  16.6276 -19.3973
2451  16.1817 -18.7573
2452  15.6993 -18.1443
2453  15.2465 -17.5092
2454  14.7324 -16.9226
2455   14.246 -16.3128
2456  13.7251 -15.7322
2457  13.2426 -15.1194
2458  12.7131 -14.5466
2459  12.2181 -13.9438
2460  11.6846 -13.3748
2461 11.1958 -12.767
2462  10.6958 -12.1684
2463  10.2156 -11.5537
2464  9.66787 -10.9983
2465 9.14665 -10.418
2466   8.6191 -9.84351
2467  8.13311 -9.23341
2468  7.72674 -8.56763
2469    7.955 -7.82178
2470  8.55082 -7.31839
2471  9.19722 -6.88184
2472  9.79943 -6.38612
2473  10.4408 -5.94217
2474   11.045 -5.44887
2475  11.6683 -4.97993
2476 12.2534 -4.4642
2477 12.8608 -3.9748
2478  13.3796 -3.39238
2479  13.6033 -2.64515
2480  13.1922 -1.98227
2481  12.7202 -1.36129
2482    12.219 -0.763688
2483  11.7365 -0.15082
2484  11.2309 0.443094
2485  10.745 1.05333
2486 10.2371  1.6453
2487 9.74749 2.25246
2488  9.2227 2.82952
2489 8.55254 3.22863
2490 7.86438 2.86143
2491 7.26747 2.35934
2492 6.68649 1.83889
2493 6.07463 1.35513
2494  5.47039 0.861879
2495  4.86895 0.365226
2496   4.27968 -0.145815
2497     3.706 -0.674293
2498   2.95309 -0.878061
2499   3.41856 -0.252178
2500  3.98057 0.288703
2501   4.5806 0.787059
2502 5.16708  1.3013
2503 5.75432 1.81468
2504  19.9922 -19.8419
2505  20.6762 -19.4671
2506  21.3705 -19.1116
2507  22.0714 -18.7692
2508  22.7741 -18.4307
2509  23.4618 -18.0627
2510  24.1705 -17.7368
2511  24.8925 -17.4419
2512  25.6403 -17.6636
2513  25.0563 -18.1806
2514   24.387 -18.5812
2515  23.7528 -19.0353
2516  23.1101 -19.4772
2517  22.4935 -19.9549
2518  21.8579 -20.4071
2519   21.24 -20.883
2520  20.5999 -21.3288
2521  19.9796 -21.8017
2522  19.3305 -22.2342
2523  18.6003 -22.5084
2524  17.9766 -22.0398
2525  17.5194 -21.4079
2526  17.1192 -20.7384
2527   16.655 -20.1116
2528  16.2198 -19.4643
2529  15.7428 -18.8471
2530  15.3051 -18.2015
2531  14.8289 -17.5837
2532  14.3655 -16.9563
2533  13.8772 -16.3481
2534  13.4509 -15.6949
2535  12.9744 -15.0773
2536  12.5384 -14.4306
2537  12.0586 -13.8156
2538  11.6489 -13.1519
2539  11.1827 -12.5265
2540  10.7488 -11.8784
2541  10.2637 -11.2676
2542  9.80888 -10.6339
2543 9.33547 -10.014
2544 8.84079 -9.4109
2545  8.30836 -8.84088
2546  7.92868 -8.15953
2547  8.38041 -7.52365
2548  8.98577 -7.03178
2549  9.56888 -6.51372
2550  10.1863 -6.03712
2551  10.7799 -5.53108
2552   11.393 -5.04891
2553 11.9941 -4.5518
2554   12.572 -4.02794
2555  13.1386 -3.49186
2556 13.5931  -2.858
2557  13.2963 -2.13668
2558  12.8249 -1.51529
2559   12.2977 -0.940388
2560   11.8101 -0.331578
2561  11.2825 0.242884
2562  10.7771 0.837021
2563 10.2407 1.40331
2564 9.73365 1.99601
2565 9.17522 2.54058
2566 8.42384 2.74993
2567 7.77227 2.32114
2568 7.15904 1.83912
2569 6.58443 1.31164
2570 5.96896 0.83248
2571  5.37651 0.325136
2572  4.78258 -0.18048
2573   4.19699 -0.695736
2574  3.61346 -1.21332
2575  2.83883 -1.12198
2576   3.37448 -0.554993
2577  3.90108 0.020414
2578 4.46787 0.55628
2579 5.01683 1.11039
2580 5.57844 1.65168
2581 6.12174 2.21134
2582  6.6743 2.76187
2583 7.22773 3.31152
2584  19.7093 -19.6822
2585  20.3881 -19.2979
2586 21.0882 -18.954
2587  21.7929 -18.6197
2588  22.4897 -18.2692
2589 23.1741 -17.895
2590  23.8602 -17.5239
2591  24.5658 -17.1915
2592  25.2416 -16.8021
2593  25.9826 -16.5586
2594  26.4029 -17.2157
2595  25.8078 -17.7199
2596  25.1889 -18.1946
2597  24.5446 -18.6343
2598  23.9134 -19.0925
2599  23.2793 -19.5467
2600  22.6832 -20.0497
2601  22.0686 -20.5301
2602   21.458 -21.0154
2603  20.8462 -21.4992
2604  20.2717 -22.0269
2605 19.6198 -22.455
2606  18.8525 -22.5956
2607  18.2792 -22.0668
2608  17.7662 -21.4792
2609   17.302 -20.8523
2610  16.8125 -20.2451
2611  16.3482 -19.6183
2612 15.8612 -19.009
2613  15.3837 -18.3923
2614  14.8685 -17.8067
2615  14.4086 -17.1767
2616  13.9169 -16.5711
2617  13.4574 -15.9409
2618  12.9893 -15.3169
2619  12.5471 -14.6744
2620  12.0808 -14.0491
2621 11.6143 -13.424
2622   11.125 -12.8166
2623  10.6466 -12.2005
2624  10.1511 -11.5981
2625  9.71922 -10.9486
2626  9.25008 -10.3255
2627  8.77725 -9.70511
2628  8.27309 -9.10994
2629  7.84137 -8.46031
2630  8.14614 -7.74232
2631  8.73769 -7.23393
2632  9.32981 -6.72619
2633  9.95573 -6.26076
2634  10.5564 -5.76322
2635  11.1557 -5.26397
2636  11.7246 -4.73032
2637  12.3289 -4.23712
2638  12.9252 -3.73428
2639  13.4492 -3.15657
2640  13.3568 -2.38207
2641   12.905 -1.74626
2642  12.3987 -1.15293
2643   11.9224 -0.535255
2644   11.4162 0.0582026
2645 10.9312 0.66904
2646 10.4578 1.28896
2647 9.99693 1.91828
2648 9.48986 2.51096
2649 8.96449 3.08749
2650 8.21099 3.28909
2651 7.55132 2.87288
2652 6.96174  2.3622
2653 6.37468 1.84862
2654 5.76564 1.36132
2655  5.15979 0.870051
2656  4.56813 0.361779
2657   3.97679 -0.146862
2658   3.23903 -0.400054
2659 3.77895 0.16287
2660  4.34974 0.694468
2661  4.9046 1.24267
2662 5.48621 1.76241
2663  19.9185 -20.4394
2664  20.6443 -20.1539
2665  21.3736 -19.8773
2666  22.0912 -19.5716
2667  22.8287 -19.3175
2668  23.5399 -18.9973
2669  24.2474 -18.6688
2670  24.9464 -18.3227
2671   25.682 -18.0634
2672  26.4019 -18.3636
2673  25.7886 -18.8455
2674  25.1374 -19.2748
2675   24.469 -19.6769
2676  23.8182 -20.1069
2677  23.1409 -20.4936
2678  22.4941 -20.9297
2679  21.8149 -21.3132
2680  21.1687 -21.7499
2681  20.5056 -22.1608
2682  19.8565 -22.5932
2683  19.1685 -22.9608
2684  18.4076 -22.7896
2685  17.9006 -22.1968
2686  17.4199 -21.5825
2687  16.9701 -20.9453
2688  16.5084 -20.3166
2689  16.0809 -19.6642
2690  15.6214 -19.0339
2691 15.2152 -18.368
2692 14.7782 -17.722
2693   14.377 -17.0531
2694  13.9281 -16.4152
2695   13.507 -15.7586
2696  13.0626 -15.1176
2697   12.625 -14.4719
2698  12.1536 -13.8505
2699  11.7101 -13.2088
2700  11.2413 -12.5854
2701  10.7916 -11.9481
2702  10.2808 -11.3586
2703  9.80987 -10.7368
2704  9.32322 -10.1273
2705  8.85447 -9.50382
2706   8.3747 -8.88883
2707  7.96019 -8.22808
2708   8.2849 -7.51889
2709  8.89576 -7.03385
2710  9.49058 -6.52929
2711   10.102 -6.04502
2712  10.6631 -5.50318
2713 11.2581 -4.9988
2714  11.8348 -4.47356
2715  12.4677 -4.01777
2716  13.0466 -3.49501
2717  13.5862 -2.93178
2718  13.4855 -2.15831
2719  13.0202 -1.53233
2720   12.4805 -0.969164
2721   11.9708 -0.378724
2722 11.4634 0.21363
2723 11.0134 0.85079
2724 10.5257 1.45949
2725 10.0398 2.06962
2726 9.53857 2.66728
2727 8.99099 3.22276
2728 8.22978 3.39294
2729 7.61008 2.91927
2730 7.08211 2.34511
2731 6.51952 1.80485
2732 5.97358 1.24776
2733 5.42441 0.69385
2734  4.90719 0.109998
2735   4.34859 -0.434395
2736   3.79929 -0.988172
2737  3.12407 -1.37866
2738 2.55427  -0.846
2739   3.07036 -0.261142
2740  3.59042 0.320181
2741  4.07925 0.928002
2742  23.6702 -19.3324
2743   23.081 -19.8434
2744  22.4884 -20.3506
2745  21.8865 -20.8467
2746  21.268 -21.322
2747  20.6762 -21.8301
2748  20.0201 -22.2518
2749  19.2692 -22.0406
2750 18.7539 -21.455
2751  18.2431 -20.8655
2752   17.765 -20.2493
2753  17.2512 -19.6624
2754  16.7692 -19.0491
2755   16.252 -18.4653
2756   15.743 -17.8743
2757   15.206 -17.3085
2758  14.6857 -16.7274
2759  14.1673 -16.1446
2760  13.6814 -15.5345
2761  13.1553 -14.9586
2762 12.6576 -14.358
2763  12.1271 -13.7862
2764  11.6168 -13.1963
2765  11.0636 -12.6464
2766 10.5305 -12.077
2767  9.95869 -11.5465
2768  9.45618 -10.9499
2769   8.9288 -10.3752
2770 8.40978  -9.793
2771 7.87055 -9.2294
2772  7.42145 -8.59167
2773   7.7528 -7.88555
2774  8.38802 -7.43289
2775  8.98548 -6.93145
2776  9.62196 -6.48057
2777  10.2349 -5.99816
2778  10.866 -5.5398
2779  11.4645 -5.03958
2780  12.0874 -4.57016
2781  12.7028 -4.09091
2782  13.3009 -3.59027
2783  13.5896 -2.86563
2784  13.2816 -2.14901
2785  12.7804 -1.55133
2786   12.2797 -0.953235
2787   11.7905 -0.345711
2788  11.3286 0.282822
2789  10.8496 0.898369
2790    10.4 1.53579
2791  9.9321 2.15986
2792  9.4539 2.77608
2793 8.96035 3.38008
2794 8.49453  4.0057
2795 8.00783 4.61523
2796 7.56148  5.2549
2797 7.09761 5.88197
2798   6.637 6.51145
2799 6.15148 7.12192
2800  5.6993 7.75747
2801 5.20093  8.3575
2802 4.73486 8.98294
2803 4.31822 9.64234
2804  4.4413 10.4126
2805 5.01209 10.9442
2806 5.63529 11.4132
2807 6.26091 11.8791
2808 6.67268 12.5415
2809 6.25703 13.2015
2810 5.75899 13.8018
2811 5.25455 14.3968
2812 4.73534 14.9788
2813 4.22728 15.5707
2814 3.76344 16.1978
2815 3.28402 16.8131
2816 2.81196  17.434
2817 2.33418 18.0505
2818 1.90637 18.7027
2819 1.46379  19.345
2820 1.03432 19.9961
2821 0.580137  20.6303
2822 0.291004  21.3547
2823 0.973535  21.7323
2824 1.46302  21.125
2825 1.90462  20.482
2826  23.6202 -19.8297
2827  23.0275 -20.3368
2828  22.4319 -20.8404
2829 21.8287 -21.335
2830 21.2491 -21.857
2831  20.6416 -22.3462
2832  19.9035 -22.5985
2833  19.2917 -22.1146
2834   18.778 -21.5277
2835  18.3285 -20.8902
2836  17.8436 -20.2793
2837  17.3904 -19.6444
2838   16.895 -19.0419
2839  16.4325 -18.4139
2840  15.9398 -17.8092
2841 15.4913 -17.171
2842  14.9841 -16.5785
2843  14.4858 -15.9784
2844  13.9565 -15.4055
2845  13.4677 -14.7976
2846    12.94 -14.2232
2847 12.4631 -13.606
2848  11.9347 -13.0322
2849 11.4271  -12.44
2850  10.8848 -11.8794
2851  10.3535 -11.3083
2852   9.8084 -10.7504
2853 9.28503 -10.172
2854  8.70035 -9.65575
2855   8.1235 -9.13073
2856 7.75159 -8.4451
2857  8.16801 -7.78556
2858  8.73915 -7.25433
2859  9.33238 -6.74789
2860  9.90066 -6.21361
2861  10.4668 -5.67701
2862  10.9993 -5.10711
2863 11.5733  -4.579
2864  12.1421 -4.04528
2865   12.754 -3.56155
2866   13.281 -2.98653
2867  13.0857 -2.23138
2868 12.5939  -1.626
2869  12.1103 -1.01399
2870   11.6128 -0.413243
2871  11.1348 0.203101
2872  10.6552 0.818203
2873 10.2049 1.45512
2874 9.71145 2.05921
2875 9.27011 2.70233
2876 8.77515 3.30517
2877  8.2883 3.91458
2878 7.81758 4.53653
2879 7.37441 5.17841
2880 6.9434 5.8285
2881 6.50966 6.47679
2882 6.02936 7.09137
2883 5.59199 7.73721
2884 5.11895  8.3574
2885 4.67456 8.99842
2886 4.22448 9.63548
2887 4.32654 10.4088
2888   4.887 10.9513
2889 5.51357 11.4158
2890 6.13411 11.8884
2891 6.44948 12.6018
2892 6.11531 13.3066
2893 5.67524 13.9506
2894 5.21447 14.5799
2895 4.77165  15.222
2896 4.27162 15.8207
2897 3.84305 16.4724
2898 3.35533 17.0811
2899 2.88838 17.7059
2900 2.38774  18.304
2901 1.8787 18.895
2902 1.38637    19.5
2903 0.910014  20.1177
2904 0.41364 20.7193
2905 0.0692554   21.4192
2906 0.34763 22.1478
2907 0.871225  21.5697
2908 1.3818  20.98
2909 1.91513 20.4108
2910  23.4053 -19.5555
2911 22.8087 -20.058
2912  22.2414 -20.5933
2913  21.6443 -21.0952
2914   21.075 -21.6284
2915  20.4723 -22.1235
2916  19.7934 -22.5076
2917   19.113 -22.1261
2918  18.5683 -21.5679
2919   18.068 -20.9694
2920  17.5609 -20.3768
2921  17.0982 -19.7489
2922  16.5764 -19.1691
2923  16.1509 -18.5154
2924  15.6352 -17.9302
2925  15.1491 -17.3201
2926  14.6031 -16.7632
2927  14.1093 -16.1594
2928  13.6059 -15.5636
2929  13.1023 -14.9679
2930  12.5571 -14.4101
2931   12.062 -13.8074
2932  11.5406 -13.2273
2933  11.0564 -12.6157
2934  10.5333 -12.0371
2935  10.0811 -11.4016
2936  9.55053 -10.8298
2937  9.03163 -10.2475
2938  8.48742 -9.68869
2939  7.99328 -9.08518
2940  7.71933 -8.35487
2941  8.14158 -7.69905
2942   8.7278 -7.18452
2943 9.34777 -6.7112
2944   9.9256 -6.18725
2945  10.5138 -5.67499
2946  11.0889 -5.14802
2947 11.6948 -4.6569
2948  12.2986 -4.16302
2949  12.9018 -3.66858
2950 13.3741 -3.0478
2951  13.2304 -2.28115
2952  12.7298 -1.68303
2953  12.2377 -1.07781
2954   11.7344 -0.481983
2955  11.2555 0.133705
2956  10.7704 0.744511
2957 10.3152 1.37791
2958  9.8289 1.98777
2959 9.36551  2.6152
2960 8.88218 3.22741
2961 8.42267 3.85768
2962 7.94305 4.47279
2963 7.49908 5.11412
2964  7.0086 5.72061
2965 6.53462 6.34008
2966 6.01479  6.9216
2967 5.54313 7.54284
2968  5.0709 8.16364
2969 4.60293 8.78767
2970 4.14049  9.4158
2971 4.07694 10.1932
2972 4.57908 10.7901
2973 5.19719 11.2658
2974 5.84128 11.7058
2975 6.44734 12.1968
2976 6.01183 12.8439
2977 5.55885 13.4789
2978 5.09974 14.1094
2979 4.61931 14.7239
2980 4.18354 15.3708
2981 3.71084 15.9913
2982 3.25855 16.6268
2983 2.77215 17.2365
2984 2.30573 17.8617
2985 1.83324 18.4823
2986 1.35557 19.0989
2987 0.871663  19.7107
2988 0.53478 20.4142
2989 1.19524 20.8291
2990 1.73795 20.2689
2991 2.25308 19.6832
2992 2.73871 19.0728
2993 3.25364  18.487
2994  23.3617 -19.9696
2995  22.7666 -20.4739
2996  22.1665 -20.9721
2997  21.5407 -21.4378
2998  20.9444 -21.9406
2999   20.331 -22.4223
3000 19.6468 -22.797
3001 18.9015 -22.567
3002  18.4012 -21.9686
3003  17.9383 -21.3408
3004  17.4561 -20.7277
3005 17.0041 -20.092
3006  16.5066 -19.4913
3007  16.0409 -18.8656
3008  15.5214 -18.2837
3009   15.039 -17.6708
3010  14.5163 -17.0918
3011  14.0405 -16.4737
3012  13.5271 -15.8866
3013  13.0713 -15.2536
3014  12.5694 -14.6566
3015  12.0895 -14.0416
3016  11.5879 -13.4443
3017  11.1176 -12.8221
3018  10.6246 -12.2176
3019  10.1256 -11.6181
3020  9.59573 -11.0457
3021  9.07172 -10.4679
3022 8.53274 -9.9041
3023    8.025 -9.31198
3024  7.62563 -8.64198
3025  7.92881 -7.92332
3026  8.51118 -7.40443
3027 9.12378 -6.9216
3028  9.71637 -6.41441
3029 10.3145 -5.9138
3030  10.9013 -5.39987
3031  11.5169 -4.92091
3032  12.1312 -4.44026
3033  12.7444 -3.95817
3034  13.3407 -3.45534
3035  13.5297 -2.69858
3036  13.1053 -2.04415
3037  12.6918 -1.38275
3038    12.239 -0.747631
3039  11.8042 -0.10009
3040  11.3333 0.521717
3041  10.877 1.15432
3042 10.4113 1.78005
3043 9.98113 2.43072
3044 9.50749 3.05046
3045 9.05445  3.6854
3046  8.5693 4.29616
3047  8.1267 4.93843
3048 7.64207  5.5496
3049 7.19281 6.18722
3050 6.70477 6.79568
3051 6.22982 7.41441
3052  5.7378 8.01965
3053 5.24462 8.62395
3054 4.71642 9.19789
3055 4.43071 9.92368
3056 4.81073 10.6048
3057 5.37678 11.1415
3058 5.96873 11.6494
3059 6.50094 12.2196
3060 6.16906 12.9255
3061 5.66664 13.5221
3062 5.16215  14.117
3063 4.67472  14.726
3064 4.14426 15.2978
3065 3.63619 15.8897
3066  3.1405 16.4919
3067 2.67191 17.1155
3068 2.18034 17.7211
3069 1.72457  18.354
3070 1.21068 18.9408
3071 0.747292  19.5683
3072 0.25771 20.1755
3073 -0.183479   20.8187
3074 -0.198562   21.5986
3075 0.408476  21.1088
3076 0.966012  20.5633
3077 1.47963 19.9763
3078 2.03385 19.4274
3079 -9.7419 1.43953
3080 -9.15864  1.95741
3081 -8.5604 2.45792
3082 -8.01464  3.01519
3083 -7.44682  3.54996
3084 -6.93071  4.13479
3085 -6.37849  4.68566
3086 -5.83315  5.24334
3087 -5.05614  5.31159
3088 -4.46583  4.80176
3089 -3.94994  4.21673
3090 -3.40604  3.65765
3091 -2.92074  3.04701
3092 -2.39135  2.47417
3093 -1.90556  1.86392
3094 -1.38131  1.28637
3095 -0.897909   0.67422
3096 -0.372379 0.0978366
3097 0.116034 -0.51032
3098 0.664122  -1.0653
3099 1.19214 -1.6394
3100  1.73539 -2.19912
3101  2.25276 -2.78283
3102  2.80604 -3.33263
3103  3.36352 -3.87818
3104  3.92389 -4.42075
3105  4.45656 -4.99054
3106  4.99357 -5.55625
3107 5.48136 -6.1649
3108  6.00289 -6.74491
3109  6.51302 -7.33496
3110 7.08471 -7.8656
3111  7.75594 -8.26289
3112  8.44789 -7.90288
3113  9.00257 -7.35449
3114  9.51125 -6.76319
3115  10.0638 -6.21261
3116  10.5895 -5.63641
3117  11.1538 -5.09794
3118  11.6745 -4.51716
3119  12.2278 -3.96739
3120  12.7241 -3.36569
3121  13.3056 -2.84583
3122  14.0315 -3.13123
3123  14.6232 -3.63954
3124 15.2243 -4.1366
3125  15.7891 -4.67454
3126  16.3872 -5.17522
3127  16.9571 -5.70776
3128  17.5645 -6.19707
3129  18.1354 -6.72863
3130  18.7117 -7.25423
3131  19.2567 -7.81223
3132   19.831 -8.34004
3133  20.3757 -8.89835
3134  20.9477 -9.42859
3135  21.4796 -9.99917
3136  22.0187 -10.5628
3137  22.5576 -11.1268
3138  23.1403 -11.6453
3139 23.7926 -12.073
3140  24.4607 -11.6704
3141  25.0468 -11.1558
3142  25.6252 -10.6324
3143  26.2194 -10.1272
3144  26.9297 -9.80492
3145  27.5677 -10.2536
3146 28.1506 -10.772
3147   28.719 -11.3061
3148  29.2881 -11.8396
3149  29.8283 -12.4021
3150  30.3814 -12.9521
3151  30.9008 -13.5341
3152 31.4559 -14.082
3153  31.9724 -14.6666
3154  32.5092 -15.2324
3155  33.0126 -15.8283
3156  32.9621 -16.6066
3157  32.4159 -16.0498
3158  31.8641 -15.4985
3159  31.2654 -14.9986
3160  30.6837 -14.4789
3161 -10.7011   1.9146
3162 -10.0985  2.40989
3163 -9.49607  2.90537
3164 -8.87256  3.37402
3165 -8.28698  3.88928
3166 -7.65401  4.34508
3167 -7.06991  4.86202
3168 -6.45214  5.33822
3169 -5.76847  5.71371
3170 -5.13675   5.2562
3171 -4.59276   4.6972
3172 -4.08736  4.10309
3173 -3.54309  3.54436
3174 -3.03622  2.95151
3175 -2.51961  2.36711
3176 -2.03418  1.75658
3177 -1.51526  1.17423
3178 -1.01214 0.578183
3179 -0.476871 0.0108368
3180 0.0468745  -0.56717
3181 0.574999 -1.14118
3182  1.06972 -1.74421
3183  1.60772 -2.30897
3184  2.13648 -2.88239
3185  2.70087 -3.42078
3186  3.23857 -3.98583
3187  3.79508 -4.53236
3188  4.30513 -5.12249
3189 4.85166  -5.679
3190  5.37099 -6.26098
3191  5.93342 -6.80141
3192  6.47549 -7.36227
3193  7.06599 -7.87189
3194  7.76008 -8.22775
3195  8.43669 -7.83966
3196  9.00669 -7.30722
3197  9.55784 -6.75529
3198  10.0977 -6.19233
3199  10.6216 -5.61444
3200  11.1836 -5.07353
3201  11.7229 -4.51006
3202   12.293 -3.97767
3203  12.8152 -3.39831
3204  13.4168 -2.90178
3205   14.144 -3.18388
3206  14.7088 -3.72181
3207  15.2725 -4.26091
3208 15.8145 -4.8219
3209  16.4023 -5.33452
3210  16.9566 -5.88334
3211 17.5403 -6.4007
3212  18.0999 -6.94414
3213   18.673 -7.47319
3214  19.2011 -8.04725
3215  19.7602 -8.59112
3216  20.2743 -9.17767
3217  20.8515 -9.70236
3218 21.3917 -10.265
3219  21.9512 -10.8085
3220  22.4932 -11.3694
3221  23.0813 -11.8818
3222  23.7483 -12.2862
3223   24.406 -11.8669
3224   24.957 -11.3149
3225  25.4924 -10.7476
3226  26.0443 -10.1964
3227  26.7592 -9.88453
3228 27.3945 -10.337
3229  27.9833 -10.8486
3230  28.5545 -11.3798
3231  29.1473 -11.8867
3232  29.6907 -12.4463
3233  30.2562 -12.9835
3234  30.7876 -13.5545
3235  31.3645 -14.0795
3236  31.921 -14.626
3237  32.4676 -15.1825
3238  32.9961 -15.7561
3239  33.0523 -16.5341
3240  32.4033 -16.1014
3241  31.9109 -15.4965
3242  31.4159 -14.8937
3243  30.8356 -14.3725
3244 -11.0322   1.2195
3245 -10.4857  1.77611
3246 -9.93273  2.32619
3247 -9.39194  2.88828
3248 -8.81944  3.41804
3249 -8.28706   3.9881
3250 -7.71425  4.51753
3251 -7.14457  5.05032
3252 -6.38769  5.23881
3253 -5.76487  4.76924
3254 -5.21293   4.2181
3255 -4.66743  3.66058
3256 -4.14755   3.0791
3257 -3.57939  2.54468
3258 -3.05688  1.96556
3259 -2.47923  1.44142
3260 -1.95243 0.866199
3261 -1.38902 0.326782
3262 -0.844181 -0.231384
3263 -0.271678 -0.761138
3264 0.269867  -1.3225
3265 0.832584 -1.86264
3266  1.39413 -2.40399
3267   1.9828 -2.91573
3268  2.53248 -3.46912
3269  3.11085 -3.99247
3270  3.65762 -4.54874
3271  4.21826 -5.09105
3272  4.74738 -5.66413
3273  5.31186 -6.20243
3274  5.86284 -6.75454
3275  6.45305 -7.26449
3276  7.02181 -7.79826
3277  7.79004 -7.93328
3278  8.41162 -7.46208
3279  8.97469 -6.92231
3280  9.55569 -6.40188
3281  10.0992 -5.84239
3282  10.6713 -5.31222
3283  11.2219 -4.75976
3284  11.7805 -4.21531
3285  12.3159 -3.64811
3286 12.9381 -3.1778
3287  13.6374 -2.83219
3288  14.3065 -3.23301
3289  14.8323 -3.80921
3290  15.3438 -4.39804
3291  15.8851 -4.95961
3292  16.4073 -5.53904
3293  16.9696 -6.07964
3294 17.4818 -6.6679
3295  18.0288 -7.22392
3296 18.5374 -7.8153
3297  19.0834 -8.37239
3298  19.5985 -8.95805
3299 20.1223  -9.536
3300  20.6091 -10.1454
3301 21.1367  -10.72
3302  21.6358 -11.3194
3303 22.1761 -11.882
3304  22.7533 -12.4065
3305  23.3874 -12.8608
3306  24.1108 -12.5691
3307  24.6721 -12.0275
3308  25.2672 -11.5233
3309 25.8786 -11.039
3310  26.6287 -10.8248
3311 27.2255 -11.327
3312  27.7382 -11.9148
3313  28.2576 -12.4967
3314  28.7429 -13.1073
3315  29.2816 -13.6714
3316  29.7953 -14.2584
3317  30.3215 -14.8342
3318  30.8209 -15.4334
3319  31.3394 -16.0161
3320  31.8198 -16.6306
3321   32.318 -17.2307
3322  33.0885 -17.3519
3323  32.6604 -16.6999
3324  32.1458 -16.1137
3325  31.6329 -15.5261
3326 -11.0561  1.76603
3327 -10.4599    2.269
3328 -9.8781 2.78853
3329 -9.31535  3.32863
3330 -8.70244  3.81107
3331 -8.12087  4.33085
3332 -7.5215 4.83001
3333 -6.94168  5.35174
3334 -6.20882   5.6188
3335 -5.58436  5.15141
3336 -5.06737  4.56736
3337 -4.53447  3.99778
3338 -4.00327  3.42661
3339 -3.43913  2.88797
3340 -2.91878   2.3069
3341 -2.37242  1.75022
3342 -1.84554  1.17507
3343 -1.29559 0.621942
3344 -0.785911 0.0314957
3345  -0.23049 -0.516141
3346 0.308683 -1.07978
3347 0.881715 -1.60897
3348  1.39806 -2.19359
3349  1.95985 -2.73469
3350  2.47182 -3.32316
3351  3.02667 -3.87137
3352  3.56108 -4.43953
3353  4.11454 -4.98916
3354  4.61112 -5.59066
3355  5.15353 -6.15118
3356  5.66648 -6.73879
3357  6.23228 -7.27571
3358  6.76418 -7.84621
3359  7.42761 -8.25641
3360  8.09751 -7.85687
3361  8.64674 -7.30301
3362   9.1822 -6.73585
3363  9.71753 -6.16855
3364  10.2688 -5.61672
3365  10.8033 -5.04867
3366 11.3869 -4.5312
3367  11.9218 -3.96348
3368  12.4571 -3.39616
3369  13.0297 -2.86645
3370  13.8065 -2.79594
3371  14.4334 -3.25995
3372 15.0162 -3.7784
3373  15.6065 -4.28829
3374  16.1411 -4.85623
3375  16.7188 -5.38028
3376  17.2594 -5.94258
3377  17.8342 -6.46981
3378  18.3803 -7.02681
3379  18.9589 -7.54983
3380  19.4733 -8.13621
3381  20.0261 -8.68644
3382  20.5581 -9.25687
3383  21.1035 -9.81455
3384 21.6322 -10.388
3385   22.168 -10.9548
3386 22.7055  -11.52
3387  23.3101 -12.0129
3388   24.027 -12.3204
3389  24.6398 -11.8378
3390  25.2099 -11.3055
3391  25.7786 -10.7717
3392  26.4172 -10.3238
3393  27.1809 -10.1652
3394  27.7339 -10.7153
3395  28.2871 -11.2652
3396 28.8155 -11.839
3397  29.3715 -12.3861
3398  29.8922 -12.9668
3399  30.4423 -13.5198
3400  30.9952 -14.0699
3401  31.5201 -14.6469
3402  32.0215 -15.2444
3403   32.551 -15.8171
3404 33.0191 -16.441
3405  32.8206 -17.1954
3406  32.2633 -16.6496
3407  31.7515 -16.0611
