0 0 0
1 -0.604284  0.493194
2 -1.21153  0.98274
3 -1.79973  1.49501
4 -2.39502  1.99903
5 -2.97711  2.51822
6 -3.58956  3.00124
7 -4.16826  3.52422
8 -4.7464 4.04781
9 -5.31845  4.57806
10 -5.94489  5.04279
11 -6.59841  4.61699
12 -7.2045 4.12602
13 -7.80208  3.62472
14 -8.3985 3.12204
15 -9.0061 2.63294
16 -9.62153  2.15373
17 -10.2236  1.65781
18 -10.8347  1.17315
19 -11.4189 0.656315
20 -12.0299 0.171441
21  -12.6191 -0.339733
22  -13.2128 -0.845548
23 -13.787 -1.3735
24 -14.3792 -1.88111
25  -14.965 -2.39613
26 -15.5473 -2.91507
27 -16.0897 -3.47561
28 -16.6661  -4.0012
29 -17.2579 -4.50924
30 -17.8543 -5.01191
31   -18.43 -5.53821
32  -19.04 -6.0243
33 -19.6428 -6.51931
34 -20.2344 -7.02769
35 -20.8064 -7.55797
36 -21.4021 -8.06152
37  -21.956 -8.61068
38 -22.5168 -9.15287
39 -23.0914  -9.6803
40  -23.645 -10.2298
41 -24.1927 -10.7851
42 -24.7457 -11.3352
43 -25.2122 -11.9604
44 -24.7496 -12.5883
45 -24.2595 -13.1951
46 -23.7621  -13.796
47 -23.2915  -14.418
48 -22.7901 -15.0155
49 -22.2469 -15.5753
50 -21.7196   -16.15
51 -21.1931 -16.7255
52 -20.6809 -17.3138
53 -20.1581 -17.8927
54 -19.6085 -18.4461
55 -19.0892 -19.0282
56 -18.5494 -19.5912
57  -18.047 -20.1878
58 -17.5317 -20.7734
59 -17.0156 -21.3583
60 -16.4953 -21.9394
61 -15.9805 -22.5254
62 -15.4065 -23.0535
63 -14.63 -22.98
64 -13.9769 -22.5536
65  -13.384 -22.0467
66 -12.8058 -21.5232
67 -12.2385 -20.9879
68 -11.6757 -20.4479
69 -11.1324 -19.8882
70 -10.5616 -19.3566
71 -9.98203 -18.8346
72 -9.42622 -18.2873
73 -8.87878 -17.7317
74 -8.30981 -17.1982
75 -7.73859  -16.667
76 -7.16637  -16.137
77 -6.58967 -15.6118
78 -6.01167  -15.088
79 -5.43197 -14.5662
80 -4.85157 -14.0451
81 -4.24341 -13.5567
82 -3.65088 -13.0494
83 -3.03083 -12.5762
84 -2.40697  -12.108
85 -1.79422 -11.6254
86 -1.20007   -11.12
87 -0.622435  -10.5959
88 -0.025226  -10.0941
89 0.557905 -9.57609
90  1.16299 -9.08388
91  1.78615 -8.61476
92  2.36582 -8.09286
93  2.96452 -7.59291
94  3.57575 -7.10834
95  4.21049 -6.65501
96   4.7059 -7.25748
97  5.19933 -7.86158
98  5.67053 -8.48316
99  6.17497 -9.07809
100  6.67244 -9.67886
101  7.21501 -10.2392
102   7.7311 -10.8241
103  8.27538 -11.3828
104  8.79461 -11.9649
105  9.30029 -12.5587
106  9.82831 -13.1328
107  10.3257 -13.7337
108 10.8225 -14.335
109  11.3236 -14.9328
110  11.8401 -15.5172
111  12.3559 -16.1023
112  12.8592 -16.6982
113  13.3597 -17.2965
114   13.862 -17.8932
115    14.38 -18.4764
116  14.8901 -19.0664
117  15.4055 -19.6519
118  15.9157 -20.2419
119  16.303 -20.919
120  16.0771 -21.6655
121 15.5025 -22.193
122  14.8976 -22.6855
123  14.3228 -23.2127
124  13.7616 -23.7544
125  13.1986 -24.2943
126 12.6224  -24.82
127  12.0454 -25.3449
128  11.4634 -25.8641
129  10.8699 -26.3703
130  10.2766 -26.8767
131   9.6945 -27.3958
132  9.11826 -27.9215
133  8.52946 -28.4331
134  7.9375 -28.941
135  7.34656 -29.4501
136  6.7751 -29.981
137   6.1962 -30.5037
138  5.61053 -31.0189
139  5.02761 -31.5372
140  4.44944 -32.0607
141  3.87255 -32.5857
142  3.30318 -33.1188
143 2.73766 -33.656
144 2.19263 -34.214
145  1.61956 -34.7432
146  1.03131 -35.2554
147 0.464704 -35.7914
148 -0.130666  -36.2954
149 -0.72435 -36.8013
150 -1.32138 -37.3032
151 -1.93288 -37.7874
152 -2.54824 -38.2667
153 -3.04299 -37.6637
154 -3.56015 -37.0798
155 -4.09166 -36.5089
156 -4.66287 -35.9778
157 -5.24288 -35.4563
158  -5.8196 -34.9311
159 -6.34501 -34.3546
160 -6.88376 -33.7906
161 -7.45028 -33.2544
162  -8.0185 -32.7201
163   11.696 -17.3287
164  12.0863 -16.6534
165  12.4333 -15.9548
166  12.8035 -15.2683
167  13.1656 -14.5774
168  13.5454 -13.8961
169  13.9396 -13.2231
170   14.332 -12.5489
171  14.7295 -11.8778
172  15.1383 -11.2135
173  15.4154 -10.4844
174 15.1116  -9.766
175  14.4715 -9.32026
176  13.7926 -8.93618
177  13.1252 -8.53254
178  12.4654 -8.11651
179   11.819 -7.67996
180  11.1724 -7.24372
181  10.5146 -6.82461
182  9.84489 -6.42468
183 9.17406 -6.0267
184  8.50306 -5.62901
185  7.84686 -5.20734
186  7.19387 -4.78072
187  6.52505 -4.37937
188  5.86039 -3.97118
189  5.19554 -3.56329
190  4.51504 -3.18208
191  3.85101 -2.77285
192  3.18816 -2.36172
193  2.51124 -1.97419
194  1.83278 -1.58937
195  1.15623 -1.20119
196   0.47521 -0.820912
197 -0.222632 -0.472462
198  -0.905366 -0.0952701
199 -1.58224 0.292336
200 -2.23273 0.722764
201 -2.88622  1.14861
202 -3.54554  1.56538
203 -4.19127  2.00292
204 -4.83264  2.44681
205 -5.49242  2.86285
206 -6.14541  3.28947
207 -6.90608  3.46203
208 -7.66197  3.26959
209 -8.16823  2.67621
210 -8.61483  2.03672
211 -9.03588  1.38013
212 -9.46428 0.728299
213  -9.89503 0.0780318
214  -10.3206 -0.575638
215 -10.7412 -1.23251
216 -11.1777 -1.87896
217 -11.6053 -2.53131
218 -12.0438 -3.17636
219 -12.4658 -3.83233
220 -12.8981 -4.48162
221 -13.3192 -5.13817
222 -13.7366  -5.7971
223 -14.1581 -6.45338
224 -14.5948 -7.09971
225 -15.0132 -7.75799
226 -15.4315 -8.41633
227 -15.8234 -9.09073
228 -15.4003 -9.74601
229 -14.7517 -10.1793
230 -14.0919 -10.5952
231 -13.4267 -11.0027
232  -12.762 -11.4108
233 -12.1147  -11.846
234  -11.457 -12.2652
235 -10.7863 -12.6634
236 -10.1408 -13.1013
237 -9.48125 -13.5177
238 -8.83048 -13.9477
239 -8.17915 -14.3769
240 -7.53854 -14.8219
241 -6.89375 -15.2608
242 -6.22726  -15.666
243 -5.56155 -16.0725
244 -4.89586  -16.479
245 -4.24819 -16.9136
246 -3.59486 -17.3397
247 -2.96656 -17.8019
248 -2.31288 -18.2275
249 -1.67697 -18.6792
250 -1.02705 -19.1105
251 -0.373589  -19.5364
252 0.276973 -19.9667
253 0.885706 -20.4544
254   1.4976 -20.9381
255  2.10946 -21.4219
256  2.73512 -21.8876
257 3.35428 -22.362
258  3.96473 -22.8476
259  4.57787 -23.3297
260  5.17997 -23.8256
261 5.57701 -24.497
262  5.30698 -25.2287
263  4.81317 -25.8325
264  4.33614 -26.4496
265  3.83118 -27.0441
266  3.36326 -27.6682
267  2.88241 -28.2823
268  2.42714 -28.9157
269  1.94768 -29.5309
270  1.47268 -30.1496
271 0.977157  -30.752
272  0.48226 -31.3549
273 -0.0305293   -31.9426
274 -0.491467  -32.5718
275 -0.966803  -33.1903
276 -1.43583 -33.8135
277 -1.91099 -34.4321
278 -2.39752 -35.0417
279 -2.90293 -35.6358
280 -3.39005  -36.245
281 -3.86652 -36.8626
282 -4.34826  -37.476
283 -4.84779 -38.0751
284   -5.344 -38.6769
285 -5.89101 -39.2329
286 -6.66031 -39.3617
287 -7.29948 -38.9146
288 -7.91637 -38.4373
289 -8.49958 -37.9194
290 -9.1102 -37.434
291 -9.72135 -36.9494
292    -10.3 -36.4264
293 -10.8795 -35.9042
294 -11.4754 -35.4009
295 -12.0881 -34.9182
296 -12.6957 -34.4292
297 -13.2909  -33.925
298 -13.9053 -33.4445
299 -14.5621 -33.0237
300  -15.172 -32.5375
301 -15.7929 -32.0654
302 -16.3971 -31.5721
303 -17.0059 -31.0846
304 -17.6213 -30.6053
305 -18.2187 -30.1037
306 -18.8125  -29.598
307 -19.4026  -29.088
308 -20.0003 -28.5868
309 -20.5725 -28.0566
310 -21.1514 -27.5339
311 -21.7355  -27.017
312 -22.2784 -26.4569
313 -22.8186 -25.8943
314 -23.3686 -25.3412
315 -23.9019  -24.772
316 -24.4439 -24.2111
317 -24.9642   -23.63
318 -25.3895 -22.9762
319 -25.2701 -22.2054
320 -24.7259 -21.6466
321 -24.1415 -21.1299
322 -23.5569 -20.6136
323  -23.004 -20.0634
324 -22.4528 -19.5115
325 -21.9027 -18.9586
326 -21.3291   -18.43
327 -20.7506 -17.9067
328 -20.1804 -17.3745
329 -19.6108 -16.8416
330 -0.319917   -0.1138
331 -0.88179 0.427217
332 -1.40333  1.00721
333 -1.92538  1.58675
334 -2.44831   2.1655
335 -2.95848  2.75551
336 -3.4286 3.37792
337 -3.91239  3.98976
338 -4.43032  4.57298
339 -4.93137  5.17077
340 -5.5137 5.68971
341 -6.28794  5.59508
342 -6.89838  5.10953
343 -7.50018  4.61331
344 -8.11262  4.13027
345 -8.7079 3.62625
346 -9.33887   3.1677
347 -9.95134  2.68471
348 -10.5692  2.20863
349 -11.1491  1.68697
350 -11.7527   1.1929
351 -12.3526 0.694461
352 -12.9476 0.190032
353 -13.5492 -0.30644
354  -14.1471 -0.807342
355 -14.7511  -1.3009
356 -15.353  -1.797
357 -15.9443 -2.30559
358 -16.5193 -2.83271
359 -17.0984 -3.35521
360 -17.6808 -3.87411
361 -18.2965 -4.35289
362 -18.8901 -4.85889
363 -19.4925 -5.35438
364 -20.0979 -5.84625
365 -20.7117 -6.32752
366 -21.3085 -6.82974
367 -21.9112 -7.32492
368 -22.5063 -7.82913
369 -23.1105 -8.32238
370 -23.6999 -8.83334
371 -24.3131 -9.31542
372 -24.9168 -9.80927
373 -25.4939  -10.334
374 -25.0843 -10.9978
375 -24.6036 -11.6121
376 -24.1189 -12.2232
377 -23.6897 -12.8745
378 -23.2539 -13.5214
379 -22.7514  -14.118
380 -22.2692  -14.731
381 -21.7747 -15.3342
382 -21.2835 -15.9401
383 -20.7903 -16.5445
384 -20.2952 -17.1471
385 -19.8127   -17.76
386 -19.3391 -18.3798
387 -18.8526 -18.9895
388 -18.3861 -19.6146
389 -17.9252 -20.2438
390  -17.449 -20.8616
391 -16.9771 -21.4827
392 -16.4843 -22.0872
393 -15.7478 -22.3443
394 -15.0439 -22.0083
395 -14.3793 -21.6001
396 -13.7184 -21.1857
397 -13.0944 -20.7177
398 -12.4481  -20.281
399 -11.8337 -19.8005
400  -11.209 -19.3335
401 -10.5599 -18.9009
402 -9.89263  -18.497
403  -9.2531 -18.0504
404 -8.60177 -17.6213
405 -7.93847 -17.2109
406 -7.28567  -16.784
407 -6.63635 -16.3518
408 -6.00021 -15.9004
409 -5.36424 -15.4488
410 -4.74361 -14.9764
411  -4.1223 -14.5048
412 -3.50956 -14.0222
413 -2.88579 -13.5538
414 -2.25996 -13.0883
415 -1.62657 -12.6331
416 -0.999804  -12.1688
417 -0.356069  -11.7283
418 0.290104 -11.2915
419  0.94995 -10.8755
420  1.58843 -10.4275
421  2.21672 -9.96525
422  2.84053 -9.49701
423  3.47834 -9.04801
424  4.09947 -8.57621
425  4.75297 -8.15037
426  5.53142 -8.10121
427   5.9986 -8.72582
428  6.46217 -9.35312
429  6.94915 -9.96242
430  7.37203 -10.6178
431  7.88187 -11.2082
432   8.3502 -11.8319
433  8.83467 -12.4432
434  9.35913 -13.0206
435  9.84794 -13.6284
436  10.3399 -14.2337
437  10.8213 -14.8474
438  11.2923 -15.4691
439  11.7494 -16.1011
440  12.2303 -16.7153
441  12.7277 -17.3162
442 13.2064 -17.932
443  13.6837 -18.5488
444  14.1678 -19.1605
445 14.6242 -19.793
446  15.1069 -20.4057
447  15.5531 -21.0455
448  16.0172 -21.6724
449  16.4779 -22.3018
450  16.6998 -23.0496
451  16.4305 -23.7816
452  15.915 -24.367
453  15.3261 -24.8784
454  14.6872 -25.3259
455 14.0339 -25.752
456  13.3862 -26.1867
457  12.7572 -26.6479
458   12.125 -27.1048
459  11.5259 -27.6042
460  10.9059 -28.0775
461  10.2657 -28.5231
462  9.67664 -29.0344
463  9.06369 -29.5168
464  8.45224 -30.0011
465  7.83757 -30.4813
466  7.21675 -30.9535
467  6.61036 -31.4441
468  6.01044 -31.9426
469  5.37949 -32.4012
470  4.76902 -32.8867
471  4.18195 -33.4002
472  3.58787 -33.9057
473  2.96887 -34.3803
474  2.34849 -34.8531
475  1.74857 -35.3516
476  1.13212 -35.8295
477 0.519141 -36.3118
478 -0.0986441    -36.788
479 -0.744297  -37.2256
480  -1.3823 -37.6743
481 -2.01993 -38.1236
482 -2.65414 -38.5777
483 -3.30559 -39.0066
484  -4.0123 -39.3367
485 -4.76155 -39.1198
486 -5.22435  -38.492
487 -5.67291 -37.8539
488 -6.13384 -37.2246
489 -6.60564 -36.6035
490 -7.12667  -36.023
491 -7.59485 -35.3992
492 -8.07336 -34.7832
493 -8.52089 -34.1443
494 -8.9937 -33.524
495 -9.46348 -32.9013
496 -0.326621   2.83212
497 -0.921566   3.33654
498 -1.4544 3.90618
499 -2.00578  4.45788
500 -2.57208  4.99426
501 -3.13844  5.53058
502 -3.6919  6.0802
503 -4.24538   6.6298
504 -4.80171  7.17652
505 -5.38905  7.68977
506 -6.09205  8.02769
507 -6.86404  7.91616
508 -7.47977  7.43734
509   -8.02 6.87471
510 -8.57191  6.32354
511 -9.11372  5.76243
512 -9.74107  5.29893
513 -10.3301  4.78764
514 -10.9221  4.27974
515 -11.4591  3.71399
516 -12.0129  3.16473
517 -12.5326  2.58313
518 -13.0987  2.04651
519 -13.6228  1.46883
520 -14.1705 0.913469
521 -14.6931  0.33438
522  -15.2333 -0.228257
523  -15.7585 -0.804906
524 -16.2769 -1.38773
525 -16.8158 -1.95159
526 -17.3643 -2.50616
527 -17.9225 -3.05104
528 -18.4592 -3.61698
529 -19.0052 -4.17405
530 -19.5471 -4.73504
531  -20.104 -5.28119
532 -20.6449 -5.84316
533 -21.1725 -6.41769
534 -21.7319 -6.96129
535 -22.2781 -7.51807
536 -22.8201 -8.07901
537 -23.3687 -8.63342
538 -23.9092 -9.19582
539 -24.3974 -9.80415
540 -24.7267 -10.5112
541 -24.2668 -11.1412
542  -23.753 -11.7281
543 -23.2474  -12.322
544 -22.7375 -12.9124
545 -22.2402 -13.5132
546 -21.7824 -14.1447
547 -21.3034 -14.7603
548 -20.8087 -15.3634
549 -20.3077 -15.9612
550 -19.8416 -16.5866
551 -19.3994 -17.2291
552 -18.9537 -17.8693
553 -18.4611 -18.4741
554 -18.0145 -19.1136
555 -17.5713 -19.7554
556 -17.1205 -20.3919
557 -16.6711 -21.0294
558 -16.2338 -21.6753
559 -15.6405 -22.1817
560 -14.9466 -21.8255
561 -14.3163  -21.366
562  -13.701 -20.8866
563 -13.0968 -20.3933
564 -12.4707 -19.9281
565 -11.8496 -19.4562
566 -11.2246 -18.9895
567 -10.6019 -18.5199
568 -10.0075 -18.0148
569 -9.37181 -17.5628
570 -8.73177  -17.117
571 -8.06495 -16.7124
572 -7.45414 -16.2273
573 -6.80283 -15.7981
574  -6.1371 -15.3916
575 -5.49109 -14.9545
576 -4.86587 -14.4881
577 -4.24589 -14.0148
578 -3.60477 -13.5706
579 -2.97495 -13.1104
580 -2.35593 -12.6359
581 -1.72289 -12.1802
582 -1.10601 -11.7028
583 -0.472773  -11.2474
584 0.174941 -10.8128
585 0.808627  -10.358
586   1.4479 -9.91109
587  2.11576 -9.50815
588   2.7618 -9.07108
589  3.41406 -8.64335
590  4.0704 -8.2219
591 4.84587 -8.1379
592 5.53609 -8.5012
593  5.98855 -9.13656
594  6.38616 -9.80761
595  6.84063 -10.4415
596  7.27824 -11.0872
597  7.75434 -11.7051
598  8.20231 -12.3436
599  8.65952 -12.9755
600  9.10666 -13.6146
601  9.56953 -14.2425
602  10.0488 -14.8579
603  10.5869 -15.4225
604  11.0566 -16.0452
605  11.5319 -16.6637
606  11.9998 -17.2878
607  12.4895 -17.8949
608  12.9624 -18.5151
609  13.4697 -19.1076
610  13.9529 -19.7199
611   14.449 -20.3218
612  14.9094 -20.9515
613  15.4047 -21.5541
614  15.8932 -22.1621
615  16.3666 -22.7821
616  16.7905 -23.4368
617  16.7018 -24.2117
618  16.1158 -24.7265
619  15.4945 -25.1981
620   14.881 -25.6798
621  14.2524 -26.1416
622  13.6488 -26.6356
623  13.0378 -27.1204
624  12.4371 -27.6179
625  11.8045 -28.0743
626  11.1961 -28.5625
627   10.584 -29.0459
628  9.97846 -29.5375
629  9.34853 -29.9975
630  8.74744 -30.4946
631  8.13612 -30.9791
632  7.50668 -31.4397
633   6.8989 -31.9286
634  6.27435 -32.3959
635  5.65022 -32.8637
636  5.03569 -33.3441
637  4.41474 -33.8161
638 3.81685 -34.317
639  3.21177 -34.8092
640  2.5766 -35.262
641   1.9416 -35.7149
642    1.352 -36.2256
643 0.730449 -36.6968
644 0.115159 -37.1762
645 -0.508237   -37.645
646 -1.13783 -38.1055
647 -1.7483 -38.591
648 -2.37248 -39.0587
649  -3.0607 -39.4258
650 -3.84038 -39.4481
651 -4.35575 -38.8626
652  -4.8501 -38.2593
653 -5.38085 -37.6877
654 -5.93057 -37.1344
655 -6.43948 -36.5433
656 -6.97712 -35.9781
657 -7.55154 -35.4505
658  -8.0956 -34.8915
659 -8.63747 -34.3305
660 -9.18907  -33.779
661  11.1753 -16.0452
662  11.7211 -16.6024
663  12.2339 -17.1901
664  12.7602 -17.7658
665 13.2725 -18.354
666  13.8183 -18.9113
667  14.3177 -19.5104
668  14.8373 -20.0922
669   15.352 -20.6782
670  15.8822 -21.2503
671  16.3577 -21.8686
672  16.8233 -22.4944
673  16.8823 -23.2722
674   16.392 -23.8788
675  15.7772 -24.3588
676  15.1684 -24.8464
677  14.5362 -25.3032
678   13.931 -25.7954
679  13.3019 -26.2565
680  12.7012 -26.7541
681  12.0729 -27.2162
682  11.4746 -27.7166
683  10.8477 -28.1807
684  10.2546 -28.6873
685  9.63552 -29.1618
686   9.0401 -29.6657
687  8.42329 -30.1431
688  7.82726 -30.6463
689  7.21217 -31.1259
690  6.61302 -31.6253
691  5.99606 -32.1026
692  5.40414 -32.6105
693  4.78548 -33.0856
694  4.17521 -33.5714
695  3.54848 -34.0357
696  2.93509 -34.5175
697  2.32679 -35.0057
698  1.73929 -35.5188
699 1.13253 -36.009
700 0.555079 -36.5333
701 -0.0697651   -37.0002
702 -0.67256 -37.4952
703 -1.31204 -37.9418
704 -1.92098 -38.4293
705 -2.54806 -38.8931
706 -3.17919 -39.3515
707 -3.90702 -39.6319
708 -4.57219 -39.2246
709 -5.01171 -38.5802
710 -5.46892 -37.9482
711 -5.88311 -37.2873
712  -6.3536 -36.6652
713 -6.79707 -36.0235
714 -7.27736 -35.4089
715 -7.72366 -34.7692
716 -8.18991 -34.1439
717 -8.63568 -33.5038
718 -9.12141 -32.8935
719 -9.58033 -32.2628
720 -10.0668 -31.6531
721 -10.5017 -31.0056
722 -11.0063 -30.4108
723 -11.4757 -29.7879
724 -11.9451 -29.1649
725 -12.3908 -28.5248
726 -12.8796 -27.9169
727 -13.3774 -27.3164
728 -13.8929 -26.7311
729 -14.3904 -26.1304
730 -14.8912 -25.5323
731 -15.3876 -24.9307
732 -15.8365 -24.2928
733 -16.2577 -23.6363
734 -16.0987 -22.8727
735 -15.5357 -22.3328
736 -14.9392 -21.8302
737 -14.3075 -21.3727
738 -13.6799 -20.9095
739 -13.0192 -20.4949
740 -12.3904 -20.0334
741 -11.7494 -19.5889
742 -11.1382 -19.1043
743 -10.5228 -18.6251
744 -9.92004   -18.13
745 -9.29037 -17.6697
746 -8.6573 -17.214
747 -8.01237 -16.7753
748 -7.36419 -16.3414
749 -6.71235 -15.9131
750 -6.09811 -15.4323
751 -5.45712 -14.9879
752 -4.83814 -14.5133
753 -4.18853 -14.0815
754 -3.56371 -13.6146
755 -2.91709 -13.1784
756 -2.28952 -12.7152
757 -1.62209 -12.3115
758 -0.973203  -11.8787
759 -0.305307  -11.4758
760 0.324649 -11.0159
761  0.97824 -10.5902
762  1.60411 -10.1247
763  2.26146 -9.70481
764  2.90354 -9.26194
765  3.56169 -8.84333
766  4.18562 -8.37524
767  4.78028 -7.87047
768  5.22539 -7.22995
769  5.05138 -6.46961
770  4.61391 -5.82384
771  4.19868 -5.16355
772  3.74048 -4.53231
773   3.3263 -3.87136
774  2.87204 -3.23729
775  2.45244 -2.57977
776 2.01468 -1.9342
777  1.58245 -1.28491
778   1.12949 -0.649909
779   0.702896 0.00310248
780 0.233224 0.625842
781 -0.215245   1.26402
782 -0.66161  1.90368
783 -1.10906  2.54257
784 -1.55051  3.18563
785 -1.99007  3.82998
786 -2.44895  4.46072
787 -2.89245  5.10237
788 -3.37199  5.71754
789 -4.02699  6.14106
790 -4.77527  5.92087
791 -5.45302   5.5348
792 -6.10646  5.10887
793 -6.77751  4.71126
794 -7.4118 4.25731
795 -8.07199  3.84191
796 -8.71257  3.39688
797 -9.38131  2.99539
798 -10.0334  2.56745
799 -10.7102  2.17967
800 -11.3751  1.77186
801 -12.0516  1.38353
802 -12.7094  0.96446
803 -13.3786 0.563691
804 -14.0368 0.145092
805  -14.7128 -0.243939
806  -15.3808 -0.646664
807 -16.0498 -1.04774
808 -16.6857 -1.49937
809 -17.3473 -1.91264
810 -17.9887 -2.35638
811 -18.6616 -2.75097
812 -19.3244 -3.16211
813 -19.9993 -3.55308
814 -20.6691 -3.95287
815 -21.3418 -4.34776
816 -21.9991 -4.76758
817 -22.6753 -5.15639
818 -23.3375 -5.56863
819 -24.0306 -5.92639
820  -24.695 -6.33494
821 -25.3564 -6.74852
822 -26.0236 -7.15252
823 -26.6619 -7.60077
824  -27.169 -8.19344
825 -27.0268 -8.96037
826 -26.6594 -9.64845
827  -26.303 -10.3422
828 -25.8977 -11.0087
829 -25.5228 -11.6927
830 -25.1205 -12.3609
831   12.455 -15.4204
832  12.9207 -16.0461
833   13.334 -16.7076
834  13.7625 -17.3594
835  14.1858 -18.0146
836  14.6405 -18.6483
837  15.0893 -19.2862
838 15.5268 -19.932
839  15.9151 -20.6084
840  16.3582 -21.2504
841  16.7594 -21.9193
842  17.1979 -22.5643
843  17.5718 -23.2489
844  17.5031 -24.0259
845  16.9307 -24.5558
846 16.2967  -25.01
847   15.621 -25.3997
848  14.9728 -25.8337
849  14.3164 -26.2549
850  13.6941 -26.7252
851  13.0629 -27.1835
852 12.4509 -27.667
853  11.8211 -28.1273
854  11.2096 -28.6114
855  10.5744 -29.0642
856  9.96884 -29.5558
857  9.35684 -30.0394
858   8.7677 -30.5505
859  8.14077 -31.0146
860  7.52222 -31.4898
861  6.88685 -31.9422
862 6.26496 -32.413
863  5.62013 -32.8519
864  4.98629 -33.3065
865  4.34071 -33.7442
866  3.73399 -34.2344
867    3.125 -34.7218
868 2.50266 -35.192
869  1.86431 -35.6402
870  1.25735 -36.1301
871 0.631149 -36.5952
872 0.0247259  -37.0857
873 -0.598301   -37.555
874 -1.20117   -38.05
875  -1.8306 -38.5106
876  -2.4456 -38.9904
877 -3.07204 -39.4551
878 -3.79624 -39.7448
879 -4.43858 -39.3024
880 -4.93232 -38.6985
881  -5.3848 -38.0632
882   -5.864 -37.4477
883 -6.31151 -36.8089
884 -6.75366 -36.1663
885 -7.19168 -35.5209
886 -7.65396 -34.8927
887 -8.08773 -34.2444
888 -8.53498 -33.6054
889 -8.96169 -32.9524
890 -9.43865 -32.3352
891 -9.88967 -31.6989
892 -10.3655 -31.0808
893 -10.8493  -30.469
894  -11.339 -29.8618
895 -11.8067 -29.2376
896 -12.2943 -28.6289
897 -12.7722 -28.0124
898 -13.2735 -27.4148
899 -13.7393 -26.7892
900 -14.2165 -26.1722
901 -14.6853 -25.5488
902 -15.1703 -24.9379
903 -15.6427 -24.3172
904 -16.0974 -23.6834
905 -16.2182 -22.9129
906 -15.6822 -22.3463
907 -15.0564 -21.8807
908 -14.4277  -21.419
909  -13.798 -20.9586
910 -13.1962 -20.4625
911 -12.5525 -20.0219
912 -11.9238 -19.5603
913 -11.2684 -19.1374
914 -10.6511 -18.6606
915 -10.0027  -18.227
916 -9.37457 -17.7645
917 -8.72623 -17.3309
918 -8.10486 -16.8594
919 -7.46125 -16.4188
920 -6.83349 -15.9558
921 -6.19485  -15.508
922 -5.58567 -15.0209
923 -4.95455 -14.5625
924 -4.33241  -14.092
925 -3.69334 -13.6448
926 -3.07938 -13.1637
927 -2.44028 -12.7166
928 -1.82048  -12.243
929 -1.17914 -11.7991
930 -0.547919  -11.3409
931 0.0933414  -10.8968
932 0.728847 -10.4446
933  1.38204 -10.0183
934  2.03076 -9.58518
935  2.67926 -9.15178
936  3.29195 -8.66906
937 3.90311 -8.1844
938 4.47482 -7.6538
939  4.83797 -6.96349
940  4.58242 -6.22654
941   4.2006 -5.54638
942  3.74911 -4.91033
943  3.33287 -4.25068
944  2.87915 -3.61622
945  2.45545 -2.96134
946  1.98058 -2.34254
947  1.54224 -1.69737
948  1.07211 -1.07497
949  0.622212 -0.437794
950 0.149009 0.182272
951 -0.310574  0.812495
952 -0.786623   1.43038
953 -1.2684  2.0438
954 -1.75585  2.65273
955 -2.22267  3.27762
956 -2.67611  3.91227
957 -3.09962  4.56728
958 -3.56352  5.19434
959 -4.05893  5.79681
960 -4.75357  6.15159
961 -5.49585  5.91198
962 -6.15081  5.48839
963 -6.81214  5.07482
964 -7.44432  4.61793
965 -8.08197  4.16871
966 -8.71745  3.71641
967 -9.36668   3.2841
968 -10.0198  2.85773
969 -10.6742  2.43318
970 -11.2997  1.96728
971 -11.9364  1.51668
972 -12.5697  1.06131
973 -13.2377 0.658616
974 -13.8947 0.238123
975  -14.5592 -0.170284
976  -15.2057 -0.606674
977 -15.8648 -1.02383
978 -16.5021 -1.47355
979 -17.1569  -1.8974
980 -17.8094 -2.32477
981  -18.449 -2.77121
982 -19.0882 -3.21822
983  -19.746 -3.63726
984  -20.391 -4.07598
985 -21.0576 -4.48094
986 -21.7096  -4.9091
987 -22.3635 -5.33431
988  -23.017 -5.76016
989 -23.6712 -6.18492
990 -24.3153 -6.62477
991 -24.9738 -7.04283
992 -25.6131  -7.4898
993  -26.245 -7.94701
994  -26.783 -8.51182
995 -26.8067 -9.29146
996 -26.3966 -9.95495
997 -25.9825  -10.616
998  -25.538 -11.2569
999 -25.0995  -11.902
1000 -24.6174 -12.5151
1001  15.2606 -17.7174
1002  15.6684 -18.3823
1003   16.041 -19.0676
1004  16.4099 -19.7549
1005  16.7323 -20.4651
1006 17.0962 -21.155
1007  17.4389 -21.8557
1008  17.8008 -22.5466
1009  18.1312 -23.2532
1010   18.488 -23.9469
1011  18.8242 -24.6507
1012   18.912 -25.4257
1013  18.3567 -25.9735
1014  17.7159 -26.4181
1015  17.0336 -26.7961
1016  16.3765 -27.2165
1017  15.7092 -27.6203
1018  15.0614 -28.0548
1019 14.3968 -28.463
1020  13.7366 -28.8785
1021  13.0589 -29.2646
1022  12.3981 -29.6789
1023  11.7252 -30.0734
1024   11.063 -30.4857
1025  10.4013 -30.8986
1026  9.75405 -31.3339
1027  9.09177 -31.7459
1028  8.45904 -32.2021
1029  7.80749 -32.6309
1030  7.16472 -33.0728
1031  6.50752 -33.4929
1032  5.8459 -33.906
1033  5.17951 -34.3113
1034  4.54179 -34.7605
1035  3.87143 -35.1592
1036  3.22397 -35.5942
1037  2.56911 -36.0179
1038  1.92867 -36.4632
1039 1.26254 -36.869
1040 0.602681 -37.2849
1041 -0.0651047    -37.688
1042 -0.71699 -38.1163
1043 -1.36463  -38.551
1044 -1.99675 -39.0079
1045 -2.63683 -39.4537
1046 -3.29735 -39.8686
1047 -4.07687 -39.8411
1048 -4.56495 -39.2327
1049 -4.99201   -38.58
1050 -5.44938 -37.9482
1051 -5.90683 -37.3164
1052 -6.37375 -36.6916
1053 -6.82533 -36.0556
1054 -7.29639 -35.4339
1055 -7.75593 -34.8036
1056 -8.23399 -34.1873
1057 -8.6631 -33.536
1058 -9.13965 -32.9185
1059 -9.59894  -32.288
1060 -10.0705 -31.6667
1061 -10.5266  -31.034
1062 -10.9681 -30.3909
1063 -11.4143 -29.7512
1064 -11.8888 -29.1321
1065 -12.3492 -28.5024
1066 -12.8458 -27.9009
1067 -13.3082 -27.2728
1068 -13.7917 -26.6608
1069 -14.2172  -26.007
1070 -14.6927 -25.3887
1071 -15.1663  -24.769
1072 -15.6517 -24.1584
1073 -16.0145 -23.4679
1074 -15.5758 -22.8229
1075 -14.9762  -22.324
1076 -14.3861 -21.8139
1077 -13.7681  -21.338
1078 -13.1816 -20.8237
1079 -12.5871 -20.3189
1080 -11.9972 -19.8085
1081 -11.3906 -19.3182
1082 -10.7996 -18.8092
1083 -10.2159 -18.2918
1084 -9.62309 -17.7848
1085 -9.00758 -17.3057
1086 -8.39749 -16.8197
1087 -7.78881  -16.332
1088  -7.1945 -15.8268
1089 -6.56164 -15.3709
1090 -5.95486 -14.8807
1091 -5.31578 -14.4336
1092  -4.6883 -13.9702
1093 -4.05869 -13.5098
1094 -3.43816 -13.0372
1095 -2.78526 -12.6105
1096 -2.16373 -12.1392
1097  -1.5291 -11.6857
1098 -0.90892 -11.2127
1099 -0.254753  -10.7878
1100 0.375246  -10.328
1101 1.01302 -9.8789
1102  1.64695 -9.42444
1103  2.30461 -9.00506
1104  2.93575 -8.54673
1105  3.58292 -8.11134
1106  4.19746 -7.63099
1107 4.76715 -7.0982
1108  5.08439 -6.38563
1109 4.80109 -5.6589
1110  4.31393 -5.04973
1111  3.85464 -4.41929
1112  3.35171 -3.82309
1113  2.87404 -3.20646
1114  2.37252 -2.60907
1115  1.90127 -1.98752
1116  1.40366 -1.38687
1117  0.928614 -0.768214
1118  0.446964 -0.154687
1119 -0.00662001    0.479868
1120 -0.478865   1.10066
1121 -0.914239   1.74785
1122 -1.37609  2.37641
1123 -1.82621  3.01343
1124 -2.29163  3.63936
1125 -2.73833  4.27878
1126 -3.21617  4.89527
1127 -3.67726  5.52439
1128 -4.15778  6.13881
1129 -4.7764  6.6139
1130 -5.53751  6.44327
1131 -6.23158  6.08738
1132 -6.89186  5.67213
1133 -7.55709  5.26486
1134 -8.20154  4.82544
1135 -8.86236  4.41105
1136 -9.50163  3.96415
1137 -10.1394  3.51512
1138 -10.7728  3.05996
1139 -11.431 2.64135
1140 -12.0664  2.18898
1141 -12.7204  1.76394
1142 -13.3399  1.28993
1143 -13.9961 0.868342
1144 -14.6448 0.435137
1145  -15.3161 0.0380339
1146  -15.9611 -0.400566
1147  -16.6304 -0.801147
1148 -17.2845 -1.22611
1149 -17.9603 -1.61551
1150 -18.621 -2.0301
1151 -19.3012  -2.4118
1152 -19.9649  -2.8217
1153 -20.6275 -3.23321
1154 -21.2841 -3.65417
1155 -21.9515 -4.05792
1156 -22.6133 -4.47066
1157 -23.2988 -4.84295
1158 -23.9662 -5.24663
1159 -24.6217 -5.66936
1160  -25.264 -6.11196
1161 -25.9239 -6.52772
1162  -26.556 -6.98468
1163 -27.1561 -7.48301
1164 -27.6374 -8.09683
1165 -27.5483 -8.87173
1166 -27.1415 -9.53726
1167 -26.7306 -10.2002
1168 -26.3041 -10.8533
1169 -25.8944 -11.5171
1170  -25.452 -12.1594
1171  15.8834 -19.4787
1172  16.2741 -20.1537
1173  16.6142 -20.8557
1174  17.0024 -21.5323
1175  17.3554 -22.2278
1176  17.7585 -22.8955
1177  18.0917 -23.6008
1178  18.4558 -24.2906
1179  18.8196 -24.9806
1180  19.1837 -25.6704
1181   19.224 -26.4493
1182   18.633 -26.9583
1183   17.919 -27.2724
1184  17.2237 -27.6259
1185 16.5339  -27.99
1186   15.865 -28.3912
1187  15.1713 -28.7478
1188  14.4943 -29.1352
1189  13.8024 -29.4952
1190  13.1253 -29.8825
1191  12.4376 -30.2505
1192  11.7685 -30.6514
1193 11.0882 -31.033
1194  10.4222 -31.4391
1195  9.74653 -31.8287
1196  9.07105 -32.2188
1197  8.37787 -32.5764
1198  7.69953 -32.9615
1199  7.01931 -33.3432
1200  6.35591 -33.7534
1201  5.66761 -34.1204
1202  4.98603 -34.4996
1203  4.29104 -34.8537
1204  3.63634 -35.2777
1205  2.95575 -35.6588
1206 2.28865 -36.063
1207 1.60309 -36.435
1208 0.933208 -36.8346
1209 0.240051 -37.1922
1210 -0.443192  -37.5685
1211 -1.13432 -37.9301
1212 -1.79843 -38.3392
1213 -2.47363 -38.7297
1214 -3.12399 -39.1603
1215 -3.79973 -39.5499
1216 -4.51761 -39.8549
1217 -5.16745 -39.4235
1218 -5.60038 -38.7747
1219 -5.92041 -38.0634
1220 -6.33705  -37.404
1221 -6.7137 -36.721
1222 -7.11424 -36.0517
1223 -7.48284 -35.3642
1224 -7.91469 -34.7147
1225 -8.32429 -34.0509
1226 -8.75668 -33.4017
1227 -9.17331 -32.7423
1228 -9.60694  -32.094
1229 -10.0196 -31.4321
1230  -10.465 -30.7917
1231 -10.8997 -30.1441
1232 -11.3476 -29.5055
1233 -11.7686 -28.8489
1234 -12.2077 -28.2042
1235 -12.6145 -27.5387
1236 -13.0997  -26.928
1237 -13.5196 -26.2706
1238 -13.9652 -25.6305
1239 -14.3596 -24.9575
1240 -14.7949 -24.3103
1241 -15.2111 -23.6506
1242 -15.6517  -23.007
1243 -15.7892 -22.2392
1244 -15.2582 -21.6678
1245 -14.6112 -21.2322
1246 -13.9714  -20.786
1247 -13.3242 -20.3507
1248 -12.6927 -19.8928
1249 -12.0417 -19.4631
1250 -11.4093 -19.0065
1251 -10.7591 -18.5758
1252 -10.1777 -18.0558
1253  -9.5659 -17.5719
1254  -8.9504 -17.0928
1255 -8.30294 -16.6579
1256 -7.69652 -16.1673
1257 -7.06864 -15.7045
1258 -6.45305 -15.2255
1259  -5.8336 -14.7515
1260 -5.21077 -14.2819
1261 -4.55965 -13.8525
1262 -3.94329 -13.3744
1263 -3.31425 -12.9132
1264 -2.69794 -12.4352
1265 -2.08784 -11.9492
1266 -1.49209 -11.4457
1267 -0.89028 -10.9495
1268 -0.298338  -10.4416
1269  0.31469 -9.95927
1270 0.926938   -9.476
1271  1.57035 -9.03507
1272  2.19119 -8.56289
1273  2.81585 -8.09577
1274  3.42456 -7.60804
1275  4.05078 -7.14301
1276  4.62914 -6.61966
1277 5.08647 -5.9878
1278 5.02538 -5.2102
1279  4.59475 -4.55985
1280  4.06052 -3.99152
1281  3.56844 -3.38633
1282  3.07332 -2.78362
1283  2.61281 -2.15407
1284  2.08355 -1.58111
1285   1.58949 -0.977535
1286   1.08592 -0.381865
1287 0.598627 0.227187
1288 0.0926967  0.820846
1289 -0.384068   1.43818
1290 -0.88982  2.03199
1291 -1.37794  2.64038
1292 -1.88597  3.23225
1293 -2.36732  3.84601
1294 -2.88398  4.43035
1295 -3.38149  5.03109
1296 -3.91205  5.60285
1297 -4.43012  6.18594
1298 -4.99164  6.72733
1299 -5.77017  6.67958
1300 -6.39195  6.20863
1301 -7.00506  5.72645
1302 -7.59944  5.22137
1303 -8.18893  4.71058
1304 -8.76918  4.18932
1305 -9.37099  3.69311
1306 -9.97448  3.19894
1307 -10.5911  2.72122
1308 -11.183 2.21328
1309 -11.7761  1.70667
1310 -12.3515  1.18009
1311 -12.9557 0.686715
1312 -13.5553 0.187839
1313  -14.1619 -0.302448
1314  -14.7472 -0.818056
1315 -15.3619 -1.29824
1316 -15.9491 -1.81158
1317 -16.5529 -2.30544
1318 -17.1214  -2.8394
1319 -17.7333 -3.32311
1320 -18.3003 -3.85882
1321 -18.9036 -4.35318
1322 -19.4815 -4.87701
1323 -20.0806 -5.37652
1324 -20.6762 -5.88018
1325 -21.272 -6.3836
1326 -21.8434 -6.91455
1327  -22.437 -7.42059
1328 -22.9968 -7.96375
1329 -23.5861 -8.47475
1330 -24.1817 -8.97829
1331 -24.7852 -9.47251
1332 -25.3514  -10.009
1333 -25.8762 -10.5861
1334  -26.053 -11.3458
1335 -25.6268  -11.999
1336  -25.09 -12.565
1337 -24.5895 -13.1632
1338  -24.065 -13.7405
1339 -23.5594 -14.3344
1340 -23.0111 -14.8892
1341 -12.2909 -28.7753
1342 -12.7398 -28.1374
1343 -13.1636 -27.4826
1344 -13.6208 -26.8507
1345 -14.0476 -26.1978
1346  -14.517 -25.5748
1347 -14.933 -24.915
1348 -15.3852 -24.2795
1349 -15.8536 -23.6558
1350 -16.2734 -22.9984
1351 -16.0751  -22.244
1352 -15.4901 -21.7281
1353 -14.8309 -21.3112
1354 -14.2107 -20.8381
1355 -13.5583 -20.4105
1356 -12.9254 -19.9547
1357  -12.277 -19.5211
1358 -11.6553   -19.05
1359 -10.9991 -18.6284
1360 -10.3974 -18.1321
1361  -9.7789 -17.6568
1362 -9.1624 -17.179
1363 -8.52931 -16.7233
1364 -7.93852 -16.2141
1365 -7.29287 -15.7764
1366  -6.6786 -15.2957
1367 -6.04131  -14.846
1368 -5.44461 -14.3436
1369 -4.79408 -13.9133
1370 -4.18677 -13.4238
1371 -3.54649 -12.9783
1372  -2.9385 -12.4897
1373  -2.2953 -12.0485
1374 -1.67193 -11.5796
1375 -1.03012 -11.1364
1376 -0.409806  -10.6635
1377 0.242044 -10.2352
1378 0.865162 -9.76598
1379   1.5329 -9.36284
1380  2.16622 -8.90753
1381  2.84278 -8.51936
1382  3.47395 -8.06109
1383  4.13143 -7.64142
1384  4.74501 -7.15984
1385   5.4407 -6.80711
1386  6.12021 -7.19008
1387  6.56223 -7.83274
1388  7.01632 -8.46694
1389   7.4832 -9.09178
1390   8.0331 -9.64495
1391  8.79888 -9.49668
1392  9.40375 -9.00421
1393  10.0374 -8.54939
1394  10.6284 -8.04028
1395  11.2476 -7.56595
1396  11.8695 -7.09517
1397  12.4934 -6.62707
1398  13.1114 -6.15114
1399  13.7283 -5.67382
1400  14.2625 -5.10545
1401  14.6688 -4.43966
1402  14.3637 -3.72179
1403  13.9386 -3.06782
1404 13.4586  -2.453
1405 13.0267 -1.8035
1406  12.5559 -1.18162
1407   12.1146 -0.538437
1408   11.6571 0.0933085
1409  11.2254 0.742909
1410 10.7513  1.3623
1411 10.2365 1.94833
1412  9.5005 2.20645
1413   8.824 1.81818
1414 8.21823 1.32681
1415  7.60331 0.846935
1416  6.98545 0.370866
1417    6.34365 -0.0724152
1418 5.70338 -0.5179
1419   5.07207 -0.975982
1420  4.39934 -1.37074
1421  5.11826 -1.06817
1422   5.81572 -0.718958
1423   6.51873 -0.381058
1424   7.18478 0.0248703
1425  -12.312 -28.7679
1426 -12.7242 -28.1056
1427 -13.1665 -27.4632
1428 -13.6241 -26.8315
1429 -14.0618 -26.1859
1430 -14.5242 -25.5577
1431 -14.9328 -24.8934
1432 -15.4127 -24.2784
1433 -15.8555 -23.6363
1434 -16.2411 -22.9583
1435 -15.9657 -22.2285
1436 -15.4173 -21.6738
1437 -14.7681 -21.2414
1438 -14.1273 -20.7967
1439 -13.4768 -20.3663
1440 -12.8477 -19.9053
1441 -12.2024  -19.467
1442 -11.5741 -19.0049
1443 -10.9144 -18.5887
1444 -10.3021 -18.1054
1445 -9.67376 -17.6433
1446 -9.07823 -17.1396
1447 -8.46188 -16.6615
1448 -7.86848 -16.1553
1449 -7.24145 -15.6914
1450 -6.63683 -15.1986
1451 -5.99984 -14.7484
1452 -5.39247  -14.259
1453 -4.75228 -13.8134
1454 -4.13828 -13.3324
1455  -3.5007 -12.8831
1456 -2.88222 -12.4078
1457 -2.25404 -11.9454
1458 -1.64043 -11.4639
1459 -0.995657  -11.0249
1460 -0.380179  -10.5458
1461  0.25954 -10.0995
1462 0.880476 -9.62747
1463  1.53052 -9.19637
1464  2.14963 -8.72192
1465  2.79267 -8.28044
1466  3.41226 -7.80662
1467   4.0428 -7.34748
1468  4.66451 -6.87644
1469 5.43562  -6.759
1470 6.02939 -7.2648
1471  6.45671 -7.91733
1472 6.90733  -8.554
1473 7.35435 -9.1932
1474 7.99717  -9.635
1475  8.70254 -9.30206
1476  9.32442 -8.83125
1477  9.95184 -8.36785
1478  10.5574 -7.87619
1479 11.1829 -7.4102
1480  11.7775 -6.90539
1481  12.4123 -6.45216
1482  13.0322 -5.97874
1483 13.6639 -5.5212
1484  14.2508 -5.00742
1485  14.6546 -4.34006
1486  14.3831 -3.60882
1487  13.9736 -2.94497
1488  13.4995 -2.32557
1489  13.0796 -1.66825
1490 12.6446 -1.0208
1491   12.2191 -0.367092
1492  11.7596 0.263186
1493  11.3178 0.905971
1494 10.8315 1.51587
1495  10.295 2.08201
1496 9.53727 2.26713
1497 8.87238 1.85929
1498 8.25887 1.37762
1499  7.64716 0.893669
1500 7.04328 0.39998
1501    6.41152 -0.0574884
1502   5.78977 -0.528476
1503    5.1568 -0.984274
1504  4.49276 -1.39347
1505  4.21005 -2.12044
1506  4.98302 -2.01594
1507 5.68177 -1.6693
1508  6.33594 -1.24449
1509   6.99145 -0.821758
1510   7.61531 -0.353583
1511 -12.5747 -28.9587
1512 -13.0438 -28.3356
1513  -13.419 -27.6518
1514 -13.8308 -26.9893
1515 -14.2336 -26.3214
1516  -14.686 -25.6859
1517 -15.1098 -25.0311
1518 -15.5683 -24.4002
1519 -16.0082  -23.756
1520 -16.4446 -23.1095
1521 -16.0926 -22.4135
1522 -15.4829 -21.9269
1523 -14.8161 -21.5222
1524 -14.1828 -21.0669
1525 -13.5281 -20.6429
1526  -12.899 -20.1818
1527 -12.2687 -19.7223
1528  -11.659 -19.2359
1529 -11.0377 -18.7643
1530 -10.4193  -18.289
1531  -9.7789 -17.8436
1532 -9.17173  -17.354
1533 -8.53549 -16.9027
1534 -7.92374 -16.4188
1535 -7.29074 -15.9631
1536 -6.70352 -15.4497
1537 -6.08548 -14.9739
1538 -5.45715 -14.5117
1539 -4.81091 -14.0749
1540 -4.18397 -13.6108
1541 -3.56203 -13.1401
1542 -2.93726 -12.6731
1543 -2.28284 -12.2487
1544 -1.64412  -11.801
1545 -0.992845  -11.3718
1546 -0.365008   -10.909
1547 0.286516 -10.4801
1548 0.915742 -10.0191
1549  1.56938 -9.59352
1550  2.18349 -9.11262
1551  2.81141 -8.64989
1552 3.42841 -8.1727
1553   4.0583 -7.71265
1554  4.66107 -7.21761
1555  5.37237 -6.89752
1556  6.04264 -7.29642
1557  6.47452 -7.94595
1558  6.94182 -8.57048
1559  7.40628 -9.19711
1560  7.97242 -9.73366
1561  8.74889 -9.80783
1562  9.36428 -9.32857
1563  9.96198 -8.82742
1564  10.5298 -8.29261
1565  11.1134 -7.77511
1566  11.6916 -7.25166
1567  12.3019 -6.76593
1568   12.887 -6.25009
1569  13.4984 -5.76571
1570  14.0668 -5.23153
1571 14.6399 -4.7025
1572  14.8695 -3.95705
1573  14.4693 -3.28754
1574  13.9425 -2.71238
1575   13.478 -2.08572
1576 13.0252 -1.4506
1577 12.5745  -0.814
1578   12.1089 -0.188252
1579 11.6544 0.44571
1580 11.1887 1.07141
1581 10.7056 1.68381
1582 10.1278 2.20779
1583 9.36429 2.04847
1584 8.74298 1.57692
1585 8.12949 1.09522
1586  7.50533 0.627432
1587  6.86607 0.180504
1588   6.22304 -0.260984
1589   5.58078 -0.703591
1590  4.94887 -1.16087
1591  4.32879 -1.63404
1592  3.66212 -1.22914
1593   4.18341 -0.648921
1594    4.7934 -0.162796
1595 5.39715 0.33105
1596  5.97923 0.850263
1597 -12.4185 -28.8034
1598 -12.8558 -28.1575
1599 -13.2676 -27.4951
1600 -13.7261 -26.8641
1601 -14.1355 -26.2001
1602 -14.5604  -25.546
1603 -14.9681 -24.8811
1604 -15.4138 -24.2409
1605 -15.8277 -23.5798
1606 -16.1944 -22.8914
1607 -15.8877 -22.1742
1608 -15.3033 -21.6576
1609 -14.6372 -21.2517
1610 -14.0137 -20.7831
1611 -13.3734 -20.3376
1612 -12.7721 -19.8408
1613 -12.1368 -19.3882
1614 -11.5218 -18.9085
1615 -10.8763 -18.4706
1616 -10.2765  -17.972
1617 -9.63329 -17.5307
1618 -8.99647 -17.0803
1619 -8.36024 -16.6291
1620 -7.75022  -16.143
1621 -7.09466 -15.7203
1622 -6.47277 -15.2496
1623 -5.85105 -14.7785
1624 -5.22733 -14.3102
1625 -4.59706 -13.8506
1626 -3.99422 -13.3557
1627 -3.35426 -12.9097
1628 -2.71856 -12.4578
1629 -2.07001 -12.0244
1630 -1.44177 -11.5621
1631 -0.784311  -11.1424
1632 -0.16687 -10.6658
1633 0.489555 -10.2445
1634  1.10613 -9.76675
1635  1.75358 -9.33177
1636  2.36327 -8.84528
1637  2.99036 -8.38143
1638  3.59042 -7.88311
1639  4.21625 -7.41755
1640  4.82615 -6.93132
1641  5.58411 -6.74722
1642  6.18558 -7.24385
1643  6.63104 -7.88413
1644  7.09636 -8.51014
1645  7.59147 -9.11286
1646  8.12413 -9.68265
1647  8.89106 -9.54046
1648  9.48549 -9.03543
1649 10.0711 -8.5202
1650  10.6575 -8.00583
1651   11.274 -7.52809
1652  11.8705 -7.02548
1653  12.4786 -6.53702
1654  13.0673 -6.02526
1655  13.6826 -5.54586
1656  14.2572 -5.01846
1657  14.7089 -4.38254
1658   14.463 -3.64233
1659 14.0116 -3.0062
1660  13.5214 -2.39946
1661  13.0301 -1.79363
1662 12.5287 -1.1962
1663   12.0404 -0.587951
1664   11.5562 0.0236036
1665  11.1032 0.658539
1666 10.6319 1.28004
1667  10.119 1.86775
1668 9.42312 2.22005
1669 8.72364  1.8749
1670 8.11973 1.38124
1671  7.49579 0.913165
1672  6.87691 0.438413
1673    6.24508 -0.0189626
1674   5.61568 -0.479666
1675    4.9982 -0.956238
1676    4.439 -1.50001
1677  3.82208 -1.97731
1678  3.38944 -1.32829
1679   3.95754 -0.793816
1680   4.54155 -0.276773
1681  5.11771 0.248998
1682  5.66885 0.800941
1683 -12.2337 -29.5653
1684 -12.6596 -28.9119
1685 -13.1155  -28.279
1686 -13.6074 -27.6736
1687 -14.0121 -27.0068
1688 -14.4646 -26.3715
1689 -14.8585 -25.6983
1690 -15.3374 -25.0826
1691 -15.8043 -24.4578
1692 -16.3179 -23.8708
1693 -16.4309  -23.099
1694 -15.8788  -22.548
1695 -15.2478 -22.0895
1696  -14.625 -21.6199
1697 -13.9865 -21.1719
1698 -13.3779  -20.684
1699 -12.7329 -20.2455
1700 -12.1125 -19.7727
1701 -11.4726 -19.3266
1702 -10.8504 -18.8562
1703 -10.1919 -18.4382
1704 -9.57362 -17.9627
1705 -8.91932 -17.5381
1706 -8.27781 -17.0944
1707 -7.60792 -16.6948
1708 -7.00571 -16.1991
1709 -6.35282 -15.7723
1710  -5.7314 -15.3009
1711 -5.07479 -14.8799
1712  -4.4453 -14.4193
1713 -3.79408   -13.99
1714 -3.22256 -13.4591
1715  -2.5631 -13.0426
1716 -1.92824 -12.5894
1717 -1.27662 -12.1607
1718 -0.702353  -11.6329
1719 -0.0657329   -11.1822
1720 0.561348 -10.7183
1721  1.19568 -10.2645
1722  1.79207 -9.76174
1723  2.40816 -9.28337
1724 2.97683 -8.7495
1725 3.58403 -8.2599
1726  4.14189 -7.71476
1727  4.75302 -7.23007
1728  5.43739 -6.85586
1729 6.15628 -7.1585
1730  6.63659 -7.77308
1731  7.07666 -8.41708
1732  7.55538 -9.03289
1733  8.09586 -9.59529
1734  8.87577 -9.60685
1735  9.52925 -9.18098
1736  10.1254 -8.67796
1737  10.7657 -8.23253
1738   11.369 -7.73819
1739  12.0061 -7.28816
1740  12.6019 -6.78478
1741 13.2177  -6.306
1742  13.8049 -5.79259
1743  14.4123 -5.30316
1744  14.9699 -4.75783
1745  15.2509 -4.03018
1746  14.7932 -3.39858
1747  14.3097 -2.78647
1748 13.8069 -2.1902
1749 13.3307 -1.5724
1750   12.8074 -0.994061
1751   12.3486 -0.363248
1752  11.8293 0.218723
1753  11.3665 0.846648
1754 10.8472 1.42861
1755 10.3542 2.03308
1756 9.82382 2.60498
1757  9.3502 3.22473
1758 8.84206  3.8165
1759 8.34557 4.41808
1760 7.84275 5.01438
1761 7.20381 5.46176
1762 6.51644 5.09308
1763 5.91581 4.59544
1764 5.36019   4.048
1765 4.76478 3.54413
1766 4.20962 2.99623
1767 3.67934 2.42421
1768 4.14445 3.05037
1769 4.72705   3.569
1770 5.26076 4.13781
1771 -12.4633 -28.7173
1772 -12.8593 -28.0453
1773 -13.3034 -27.4041
1774 -13.7628 -26.7738
1775 -14.1841 -26.1173
1776 -14.6557  -25.496
1777 -15.0735 -24.8373
1778 -15.537  -24.21
1779 -15.9673 -23.5594
1780 -16.3815 -22.8985
1781  -16.187 -22.1431
1782 -15.5972 -21.6328
1783 -14.9456  -21.204
1784  -14.306 -20.7575
1785 -13.6456 -20.3424
1786 -13.0064 -19.8954
1787  -12.344 -19.4836
1788 -11.689  -19.06
1789 -11.0316 -18.6402
1790 -10.3766 -18.2167
1791 -9.70082 -17.8272
1792 -9.05813 -17.3852
1793 -8.3978  -16.97
1794 -7.77903 -16.4952
1795 -7.11725 -16.0823
1796 -6.47631 -15.6378
1797  -5.8117 -15.2295
1798 -5.18715 -14.7622
1799 -4.53923  -14.328
1800 -3.93383 -13.8361
1801 -3.29781 -13.3846
1802 -2.69433 -12.8904
1803 -2.05654 -12.4414
1804 -1.43064 -11.9759
1805 -0.782537  -11.5419
1806 -0.182176   -11.044
1807 0.456288 -10.5959
1808   1.0812 -10.1291
1809  1.71841 -9.67928
1810  2.33319 -9.19924
1811  2.98409 -8.76943
1812 3.60489 -8.2972
1813  4.23051 -7.83137
1814  4.83162 -7.33431
1815  5.49002 -6.91609
1816   6.1499 -7.33197
1817  6.57527 -7.98577
1818   7.0715 -8.58757
1819  7.55113 -9.20268
1820  8.07491 -9.78065
1821  8.84848 -9.88054
1822  9.43237 -9.36335
1823   10.026 -8.85744
1824  10.6147 -8.34574
1825  11.2253 -7.86031
1826  11.8323 -7.37049
1827  12.4328 -6.87274
1828  13.0099 -6.34797
1829  13.5966 -5.83402
1830  14.1502 -5.28447
1831   14.633 -4.67188
1832  14.6672 -3.89263
1833  14.1903 -3.27542
1834  13.6464 -2.71629
1835  13.1409 -2.12233
1836  12.6073 -1.55341
1837   12.0661 -0.991659
1838   11.4976 -0.457572
1839 10.9747 0.12113
1840  10.4365 0.685756
1841 9.94439  1.2909
1842 9.42593 1.87365
1843 8.93533 2.48004
1844 8.42833  3.0728
1845 7.94886 3.68802
1846 7.42566 4.26652
1847 6.88181 4.82565
1848 6.13147 5.03872
1849 5.48538 4.60172
1850 4.93314 4.05088
1851 4.36441 3.51707
1852 3.80407 2.97447
1853 3.25405 2.42141
1854 2.72795 1.84555
1855 2.1756 1.2948
1856 1.41552 1.11969
1857 1.98059 1.65736
1858 2.60947 2.11878
1859 3.20051 2.62778
1860  -12.057 -28.5298
1861 -12.4988 -27.8869
1862 -12.9384 -27.2426
1863 -13.3658 -26.5902
1864 -13.8256 -25.9601
1865 -14.2822 -25.3277
1866 -14.7608 -24.7118
1867 -15.2264  -24.086
1868 -15.6998  -23.466
1869 -16.0473 -22.7678
1870 -15.5764  -22.146
1871 -14.9406 -21.6941
1872 -14.3245 -21.2157
1873 -13.6727 -20.7873
1874 -13.0551 -20.3109
1875  -12.404 -19.8814
1876 -11.7719 -19.4244
1877 -11.1058 -19.0185
1878 -10.4625 -18.5775
1879 -9.79851 -18.1682
1880 -9.18263 -17.6895
1881 -8.53739 -17.2513
1882   -7.921 -16.7733
1883 -7.28859 -16.3167
1884 -6.68008 -15.8288
1885 -6.03933  -15.384
1886 -5.44362 -14.8804
1887 -4.80585 -14.4314
1888 -4.19346 -13.9483
1889 -3.55185 -13.5047
1890 -2.91994 -13.0475
1891 -2.26734 -12.6203
1892 -1.65322 -12.1394
1893 -1.02888 -11.6718
1894 -0.432248  -11.1694
1895 0.204399 -10.7188
1896 0.818829 -10.2383
1897  1.45458 -9.78636
1898  2.03238 -9.26239
1899  2.66327 -8.80373
1900  3.25938 -8.30067
1901  3.88138 -7.83003
1902  4.45691 -7.30356
1903   5.1303 -6.90993
1904  5.83876 -7.23626
1905 6.32494 -7.8462
1906  6.82592 -8.44404
1907  7.29419 -9.06784
1908  7.85582 -9.60911
1909   8.5657 -9.93232
1910   9.2043 -9.48445
1911  9.81386 -8.99779
1912  10.3962 -8.47889
1913  10.9987 -7.98351
1914  11.5775 -7.46064
1915  12.1807 -6.96605
1916  12.7682 -6.45301
1917  13.3685 -5.95503
1918  13.9375 -5.42152
1919  14.5061 -4.88754
1920 14.7341 -4.1416
1921  14.3429 -3.46682
1922  13.8086 -2.89856
1923  13.3172 -2.29281
1924  12.8274 -1.68577
1925 12.3577  -1.063
1926    11.862 -0.460762
1927  11.3742 0.147893
1928  10.8548 0.729815
1929  10.356 1.32945
1930 9.84358 1.91751
1931 9.35766 2.52766
1932 8.84368 3.11436
1933 8.37051 3.73445
1934  7.8378 4.30421
1935 7.27326 4.84244
1936  6.5501 5.13473
1937 5.88154 4.73294
1938 5.35275 4.15955
1939 4.80408 3.60515
1940 4.23781 3.06874
1941 3.65586 2.54938
1942 3.10649 1.99567
1943 2.53806 1.46155
1944 1.82463 1.14625
1945 2.32562 1.74408
1946 2.85856 2.31362
1947  3.3939 2.88091
1948 3.9383 3.4395
1949 -11.9881 -28.6268
1950 -12.4841 -28.0249
1951 -13.0109 -27.4496
1952 -13.4936  -26.837
1953  -14.028 -26.2687
1954 -14.4945 -25.6436
1955 -15.0062  -25.055
1956 -15.4744 -24.4311
1957 -15.9793 -23.8366
1958 -16.273 -23.114
1959 -15.7829 -22.5073
1960 -15.1261 -22.0866
1961 -14.5221 -21.5929
1962 -13.8912 -21.1344
1963  -13.294 -20.6326
1964 -12.6413 -20.2056
1965 -12.0314 -19.7194
1966 -11.3913 -19.2735
1967 -10.7969 -18.7685
1968  -10.162 -18.3155
1969 -9.57132  -17.806
1970 -8.93107 -17.3605
1971 -8.32633 -16.8678
1972 -7.69419 -16.4109
1973 -7.09539 -15.9111
1974 -6.45957 -15.4593
1975  -5.8743 -14.9436
1976 -5.24654 -14.4807
1977 -4.64639 -13.9825
1978 -4.02216 -13.5148
1979 -3.43859 -12.9973
1980 -2.79501 -12.5566
1981  -2.1725 -12.0866
1982 -1.54022 -11.6298
1983 -0.930755  -11.1431
1984 -0.289159  -10.6995
1985 0.328246 -10.2228
1986 0.974599  -9.7862
1987  1.55813 -9.26862
1988  2.16348 -8.77674
1989   2.7681 -8.28395
1990  3.39072 -7.81412
1991  3.99063 -7.31561
1992  4.64568 -6.89217
1993  5.40296 -6.70526
1994  6.03889 -7.15691
1995  6.53704 -7.75711
1996  6.98667 -8.39448
1997   7.5022 -8.97982
1998  8.07481 -9.50946
1999  8.84545 -9.38894
2000  9.44387 -8.88865
2001 10.0367 -8.3817
2002  10.6727 -7.93017
2003   11.281 -7.44196
2004  11.8999 -6.96727
2005  12.4952 -6.46321
2006  13.1329 -6.01403
2007  13.7436 -5.52889
2008  14.3722 -5.06704
2009  14.8421 -4.44447
2010  14.5844 -3.70825
2011  14.0774 -3.11553
2012  13.6039 -2.49572
2013  13.1155 -1.88754
2014  12.6592 -1.25496
2015   12.1516 -0.662723
2016    11.6873 -0.0359468
2017 11.1947 0.56882
2018 10.7355 1.19931
2019 10.2399 1.80166
2020 9.78411 2.43462
2021 9.29149 3.03938
2022 8.85871  3.6883
2023  8.3504 4.27993
2024 7.82318 4.85477
2025 7.15639 5.25947
2026 6.43581 4.96088
2027 5.86564 4.42861
2028 5.27349 3.92091
2029 4.67113 3.42537
2030 4.03868 2.96886
2031 3.42025 2.49352
2032 2.82449 1.99006
2033 2.13462 1.62609
2034 2.67332 2.19018
2035 3.28181 2.67817
2036 3.86997 3.19048
2037 4.46775 3.69155
2038  5.0451 4.21601
2039  -11.623 -28.3959
2040 -12.0983 -27.7775
2041 -12.5928 -27.1743
2042 -13.1264 -26.6053
2043 -13.6271 -26.0073
2044 -14.1364 -25.4165
2045 -14.6161 -24.8014
2046 -15.1177 -24.2041
2047 -15.5941 -23.5865
2048  -16.075 -22.9724
2049 -15.8434 -22.2276
2050 -15.2725 -21.6961
2051 -14.6368 -21.2442
2052 -14.0263 -20.7587
2053 -13.3991  -20.295
2054 -12.8018 -19.7933
2055 -12.1591 -19.3514
2056 -11.5548 -18.8582
2057 -10.9217 -18.4026
2058 -10.3058  -17.924
2059 -9.66901 -17.4736
2060 -9.07419  -16.969
2061  -8.4345 -16.5227
2062  -7.8368 -16.0215
2063 -7.20695 -15.5614
2064 -6.59636 -15.0761
2065 -5.97406 -14.6058
2066 -5.36866  -14.114
2067  -4.7289 -13.6678
2068 -4.11093 -13.1918
2069 -3.49682 -12.7109
2070 -2.90535 -12.2024
2071 -2.27847 -11.7383
2072 -1.65223 -11.2733
2073   -1.004 -10.8395
2074 -0.385589  -10.3641
2075 0.263208 -9.93115
2076  0.90292 -9.48487
2077  1.55524 -9.05723
2078  2.18646 -8.59901
2079  2.85456 -8.19647
2080  3.48818 -7.74158
2081  4.11536 -7.27784
2082 4.70253 -6.7644
2083  5.46247 -6.58865
2084  6.01792 -7.13626
2085  6.45168 -7.78453
2086  6.88976 -8.42989
2087  7.31427 -9.08425
2088  7.88198 -9.61914
2089   8.6375 -9.42526
2090 9.27385 -8.9742
2091  9.93046 -8.55317
2092  10.5489 -8.07779
2093 11.1713 -7.6077
2094  11.8049 -7.15286
2095  12.4571 -6.72496
2096  13.0998 -6.28298
2097  13.737 -5.8331
2098  14.3284 -5.32455
2099   14.784 -4.69142
2100  14.5512 -3.94695
2101   14.083 -3.32309
2102  13.5832 -2.72425
2103  13.1266 -2.09189
2104  12.6465 -1.47718
2105   12.2229 -0.822225
2106   11.7478 -0.203599
2107  11.3059 0.439143
2108 10.8155 1.04575
2109 10.3604 1.67916
2110 9.88724 2.29929
2111 9.44314 2.94052
2112 8.95335 3.54757
2113  8.4667 4.15713
2114 7.99299 4.77681
2115 7.52183 5.39842
2116 7.02764 6.00189
2117 6.58058 6.64107
2118 6.10741 7.26116
2119 5.65994 7.90003
2120 5.16296 8.50121
2121 4.41108 8.70879
2122 3.76506 8.27168
2123 3.16576 7.77245
2124 2.57185 7.26681
2125 1.95111 6.79449
2126  1.3529 6.29395
2127 0.744795  5.80547
2128 0.144983  5.30685
2129 -0.562786   4.97904
2130 -1.31306  5.19233
2131 -0.735919   5.71703
2132 -0.130348   6.20864
2133 0.442535  6.73799
2134 -11.6456 -28.3683
2135 -12.0844 -27.7234
2136 -12.5307 -27.0837
2137 -13.0257 -26.4809
2138 -13.4746  -25.843
2139 -13.9578 -25.2307
2140 -14.4048 -24.5915
2141 -14.9445 -24.0284
2142  -15.427 -23.4155
2143  -15.855 -22.7634
2144 -15.4395 -22.1033
2145 -14.8359 -21.6092
2146 -14.2128 -21.1401
2147 -13.6014 -20.6558
2148 -12.9642 -20.2059
2149 -12.3497 -19.7254
2150 -11.7146 -19.2727
2151 -11.0774 -18.8228
2152 -10.4429 -18.3691
2153 -9.84098  -17.873
2154 -9.20113 -17.4269
2155 -8.59182   -16.94
2156  -7.9518 -16.4941
2157 -7.34142 -16.0085
2158 -6.71162 -15.5483
2159 -6.10495 -15.0581
2160 -5.46746 -14.6086
2161 -4.88674 -14.0879
2162 -4.25762 -13.6268
2163 -3.66114 -13.1242
2164 -3.05877 -12.6287
2165 -2.44875 -12.1426
2166 -1.80051 -11.7088
2167 -1.18631  -11.228
2168 -0.540797  -10.7901
2169 0.073972 -10.3101
2170 0.721721 -9.87555
2171 1.34448 -9.4059
2172 1.97168 -8.9422
2173  2.58477 -8.45999
2174  3.21274 -7.99733
2175  3.78335 -7.46554
2176  4.34753 -6.92692
2177  5.06619 -6.62374
2178  5.71109 -7.06249
2179  6.22297 -7.65103
2180  6.66789 -8.29169
2181  7.14754 -8.90678
2182  7.65684 -9.49755
2183   8.4166 -9.67409
2184  9.04073 -9.20627
2185   9.6669 -8.74117
2186  10.2882 -8.26958
2187  10.8984 -7.78376
2188  11.5293 -7.32508
2189    12.14 -6.83988
2190  12.7515 -6.35563
2191  13.3785 -5.89162
2192  13.9918 -5.40972
2193 14.4639 -4.7888
2194  14.1827 -4.06122
2195  13.6994 -3.44903
2196 13.2301  -2.826
2197  12.7128 -2.24223
2198  12.2246 -1.63394
2199  11.7345 -1.02713
2200  11.2928 -0.38424
2201  10.8077 0.226539
2202  10.3555 0.862108
2203 9.86155 1.46578
2204 9.40052 2.09495
2205 8.94621 2.72898
2206 8.51141 3.37656
2207 8.02105 3.98315
2208 7.56425 4.61539
2209 7.06197 5.21214
2210 6.57619 5.82241
2211 6.08301  6.4267
2212 5.63759 7.06701
2213 5.12773 7.65731
2214 4.49872 8.11855
2215 3.77008 7.84019
2216 3.14745 7.37036
2217 2.56683 6.84953
2218 1.96202 6.35697
2219 1.36817 5.85126
2220 0.75176 5.37331
2221 0.185411  4.83698
2222 -0.389317   4.30964
2223 -1.09558  3.97859
2224 -0.559279   4.54497
2225 0.0435019      5.04
2226 0.596938  5.58964
2227 1.17493  6.1134
2228 1.72054 6.67081
2229 -12.2905 -27.8498
2230  -12.727 -27.2034
2231 -13.1888 -26.5748
2232 -13.6768 -25.9663
2233 -14.0998  -25.311
2234 -14.5653 -24.6851
2235 -15.0064 -24.0418
2236 -15.4937 -23.4328
2237 -15.8074 -22.7186
2238 -15.4887 -22.0067
2239 -14.8677 -21.5347
2240 -14.2411 -21.0702
2241 -13.5997 -20.6263
2242 -12.9837 -20.1479
2243 -12.3363 -19.7129
2244 -11.7266 -19.2263
2245 -11.0721 -18.8021
2246 -10.4584 -18.3207
2247 -9.82079 -17.8713
2248 -9.20215 -17.3963
2249 -8.55684 -16.9581
2250    -7.95 -16.4681
2251 -7.30043 -16.0363
2252 -6.68402 -15.5583
2253 -6.03039 -15.1327
2254 -5.40666 -14.6643
2255 -4.78242 -14.1966
2256  -4.1771 -13.7047
2257 -3.53448 -13.2626
2258 -2.90493 -12.8021
2259 -2.24815 -12.3814
2260 -1.62783 -11.9085
2261 -0.970812  -11.4881
2262 -0.356887   -11.007
2263 0.276374 -10.5516
2264 0.875728 -10.0524
2265   1.5253 -9.62061
2266  2.14206 -9.14311
2267  2.79207 -8.71197
2268  3.39934 -8.22244
2269  4.02871 -7.76169
2270 4.61232 -7.2442
2271  5.30641 -6.88835
2272  6.04844 -7.12875
2273  6.56385 -7.71421
2274  7.05365 -8.32125
2275 7.53129 -8.9379
2276  8.13721 -9.42908
2277  8.89717 -9.25341
2278  9.51546 -8.77789
2279  10.1327 -8.30095
2280  10.7391 -7.81042
2281  11.3502 -7.32564
2282  11.9312 -6.80524
2283  12.5513 -6.33208
2284  13.1677 -5.85409
2285  13.7804 -5.37142
2286  14.3022 -4.79164
2287   14.184 -4.02065
2288  13.7088 -3.40211
2289  13.2338 -2.78338
2290  12.7387 -2.18068
2291  12.3152 -1.52565
2292   11.8281 -0.916477
2293   11.3687 -0.286104
2294  10.8749 0.317672
2295  10.4076 0.942191
2296 9.89623  1.5312
2297 9.43828 2.16262
2298 8.94219 2.76452
2299 8.48686 3.39783
2300 8.00863 4.01402
2301 7.55671 4.64977
2302 7.09971 5.28187
2303 6.67499 5.93609
2304 6.18818 6.54554
2305 5.70667 7.15917
2306  5.1683 7.72358
2307  4.4841 8.09811
2308 3.78124 7.75989
2309 3.14322  7.3112
2310  2.5533 6.80092
2311 1.94215 6.31626
2312 1.34942 5.80924
2313 0.750889  5.30907
2314 0.170675  4.78777
2315 -0.487195   4.36872
2316 -1.25984  4.47558
2317 -0.735507   5.05305
2318 -0.166157    5.5862
2319 0.384361  6.13876
2320 0.966471  6.65794
2321 1.52267 7.20479
2322 2.13339 7.68999
2323  2.7307 8.19161
2324 -11.4857 -28.3777
2325 -11.9573 -27.7564
2326 -12.4559 -27.1566
2327 -13.0057 -26.6033
2328 -13.4692 -25.9759
2329  -13.995 -25.3998
2330  -14.512 -24.8158
2331 -15.0582  -24.259
2332 -15.5682 -23.6688
2333 -15.9042 -22.9648
2334 -15.4778 -22.3117
2335 -14.9165 -21.7701
2336  -14.311 -21.2784
2337 -13.7215 -20.7676
2338 -13.0832 -20.3193
2339 -12.4734  -19.833
2340 -11.8567 -19.3553
2341 -11.2657 -18.8463
2342 -10.6316 -18.3921
2343 -10.0255 -17.9012
2344 -9.37466 -17.4712
2345 -8.77902 -16.9676
2346 -8.14698 -16.5105
2347 -7.51889  -16.048
2348  -6.8931 -15.5824
2349 -6.30941  -15.065
2350 -5.67844 -14.6065
2351 -5.07471 -14.1126
2352 -4.46046 -13.6319
2353 -3.86653 -13.1262
2354 -3.23642 -12.6665
2355 -2.62625 -12.1806
2356  -1.9972 -11.7194
2357 -1.37769 -11.2455
2358 -0.739544   -10.797
2359 -0.119547  -10.3237
2360 0.537519 -9.90337
2361  1.16021 -9.43363
2362   1.8056 -8.99561
2363  2.43815 -8.53923
2364  3.06867 -8.08005
2365  3.66844 -7.58137
2366  4.27033 -7.08525
2367  4.93518 -6.67737
2368  5.67205 -6.93316
2369  6.17454 -7.52974
2370  6.59527 -8.18654
2371  7.05893 -8.81377
2372  7.52409 -9.43989
2373  8.18385 -9.85597
2374  8.88893 -9.52241
2375  9.51327 -9.05487
2376  10.1634 -8.62388
2377 10.7946 -8.1657
2378  11.4342 -7.71917
2379    12.05 -7.24041
2380  12.6783 -6.77829
2381 13.3251 -6.3423
2382  13.9614 -5.89115
2383  14.5175 -5.34424
2384  14.6432 -4.57444
2385  14.2324 -3.91141
2386  13.8034 -3.25999
2387  13.3406 -2.63208
2388  12.8814 -2.00161
2389  12.413 -1.3779
2390   11.9445 -0.754294
2391   11.4721 -0.133584
2392  11.0473 0.520611
2393 10.5887 1.15156
2394 10.1668 1.80757
2395 9.71288  2.4419
2396 9.32809 3.12038
2397   8.892 3.76708
2398 8.49899 4.44083
2399  8.0533 5.08096
2400 7.64756 5.74712
2401 7.20997 6.39282
2402 6.77089 7.03749
2403 6.32175  7.6752
2404 5.86421 8.30691
2405 5.22276 8.75068
2406 4.50285 8.45045
2407 3.85679 8.01342
2408 3.21687 7.56743
2409 2.59811 7.09252
2410 1.96716 6.63394
2411 1.34358 6.16538
2412 0.731272  5.68218
2413 0.107666  5.21366
2414 -0.652748   5.03996
2415 -1.00893  5.73389
2416 -0.545545   6.36132
2417 0.0884143   6.81574
2418 0.762707  7.20782
2419 1.41509 7.63538
2420 2.06978 8.05938
2421 2.70024 8.51863
2422  18.8522 -24.4935
2423  19.4893 -24.0436
2424   20.116 -23.5791
2425  20.7303 -23.0985
2426  21.3767 -22.6619
2427  21.9947 -22.1861
2428  22.6309 -21.7347
2429 23.2467 -21.256
2430  23.9023 -20.8334
2431  24.5443 -20.3904
2432  25.2911 -20.1652
2433 25.9528 -20.578
2434  25.3144 -21.0261
2435   24.642 -21.4215
2436  24.0076 -21.8753
2437 23.3655 -22.318
2438  22.7373 -22.7805
2439  22.1082 -23.2416
2440  21.5003 -23.7303
2441  20.8536 -24.1664
2442  20.2248 -24.6279
2443  19.5626 -25.0402
2444  18.7913 -25.1564
2445  18.2842 -24.5638
2446    17.89 -23.8907
2447  17.5245 -23.2016
2448  17.1344 -22.5262
2449  16.7575 -21.8433
2450   16.343 -21.1826
2451  15.9459 -20.5112
2452  15.5105 -19.8641
2453 15.1062 -19.197
2454  14.6372 -18.5738
2455  14.1975 -17.9295
2456  13.7212 -17.3118
2457  13.2857 -16.6647
2458  12.8003 -16.0542
2459  12.3515 -15.4162
2460  11.8618 -14.8091
2461  11.4195 -14.1666
2462  10.9654 -13.5324
2463  10.5322 -12.8837
2464  10.0274 -12.2892
2465  9.55077 -11.6717
2466  9.06741 -11.0595
2467 8.62817 -10.415
2468  8.27244 -9.72081
2469  8.55556 -8.99401
2470  9.18718 -8.53633
2471  9.86425 -8.14908
2472  10.5017 -7.69953
2473  11.1743 -7.30453
2474  11.8135 -6.85753
2475  12.4699 -6.43627
2476 13.0918 -5.9655
2477  13.7339 -5.52263
2478  14.2946 -4.98042
2479  14.5733 -4.25191
2480  14.2127 -3.56028
2481  13.7882 -2.90591
2482  13.3328 -2.27267
2483  12.8972 -1.62561
2484   12.4372 -0.995727
2485   11.9981 -0.351042
2486  11.5356 0.277069
2487  11.0925 0.918974
2488 10.6121 1.53347
2489 9.97349 1.98133
2490 9.25991 1.66635
2491 8.62731 1.21004
2492  8.00922 0.734262
2493  7.36307 0.297356
2494   6.72381 -0.149579
2495   6.08709 -0.600115
2496 5.46144 -1.0659
2497  4.85003 -1.55024
2498  4.08405 -1.69744
2499  4.59479 -1.10791
2500   5.19548 -0.610339
2501   5.83092 -0.158001
2502  6.45403 0.311184
2503  7.07783 0.779457
2504  19.6653 -21.8763
2505  20.3753 -21.5533
2506  21.0941 -21.2505
2507  21.8185 -20.9612
2508  22.5444 -20.6759
2509 23.2576  -20.36
2510  23.9886 -20.0878
2511  24.7306 -19.8473
2512  25.4598 -20.1241
2513   24.839 -20.5963
2514 24.1417 -20.946
2515  23.4755 -21.3516
2516  22.8017 -21.7444
2517 22.1513 -22.175
2518  21.4838 -22.5787
2519  20.8322 -23.0073
2520  20.1607 -23.4042
2521   19.507 -23.8297
2522  18.8275 -24.2126
2523  18.0789 -24.4318
2524  17.4918 -23.9182
2525 17.0829 -23.254
2526  16.7336 -22.5565
2527  16.3173 -21.8969
2528 15.9314 -21.219
2529  15.5017 -20.5681
2530  15.1132 -19.8917
2531  14.6843 -19.2402
2532  14.2689 -18.5801
2533  13.8272 -17.9372
2534  13.4506 -17.2541
2535  13.0214 -16.6028
2536  12.6347 -15.9254
2537  12.2019 -15.2765
2538  11.8427 -14.5841
2539  11.4244 -13.9258
2540  11.0398 -13.2472
2541 10.6015 -12.602
2542  10.1951 -11.9362
2543  9.76915 -11.2828
2544   9.3207 -10.6446
2545  8.83215 -10.0366
2546   8.5042 -9.32888
2547  9.00198 -8.72837
2548  9.64225 -8.28288
2549  10.2623 -7.80963
2550  10.9135 -7.38029
2551  11.543 -6.9198
2552  12.1903 -6.48457
2553  12.8267 -6.03355
2554   13.442 -5.55413
2555  14.0469 -5.06168
2556  14.5473 -4.46338
2557   14.305 -3.72199
2558   13.881 -3.06724
2559  13.3981 -2.45473
2560  12.9572 -1.81133
2561  12.4737 -1.19921
2562   12.0139 -0.569131
2563   11.5212 0.0354916
2564  11.0596 0.664266
2565 10.5432 1.24886
2566 9.80949 1.51353
2567 9.12783 1.13439
2568 8.48044 0.69932
2569  7.86819 0.216049
2570   7.21879 -0.216005
2571   6.59023 -0.677874
2572  5.96034 -1.13791
2573  5.33805 -1.60818
2574  4.71763 -2.08092
2575  3.95194 -1.93221
2576  4.52828 -1.40664
2577   5.09623 -0.872002
2578    5.7013 -0.379781
2579  6.28996 0.131964
2580  6.89028 0.629979
2581 7.47371 1.14767
2582 8.06569 1.65557
2583 8.65847 2.16254
2584  19.3951 -21.6959
2585  20.1006 -21.3632
2586  20.8243 -21.0723
2587  21.5519 -20.7913
2588  22.2729 -20.4936
2589  22.9832 -20.1715
2590   23.695 -19.8524
2591  24.4234 -19.5734
2592  25.1263 -19.2353
2593  25.8834 -19.0476
2594  26.2536 -19.7341
2595  25.6226 -20.1927
2596  24.9701 -20.6201
2597  24.2949 -21.0106
2598  23.6314 -21.4206
2599  22.9652 -21.8264
2600  22.3333 -22.2837
2601  21.6847 -22.7169
2602  21.0397 -23.1555
2603  20.3936 -23.5924
2604  19.7815 -24.0759
2605  19.0995 -24.4544
2606  18.3239 -24.5375
2607  17.7915 -23.9675
2608  17.3237 -23.3434
2609  16.9074 -22.6837
2610  16.4644 -22.0418
2611   16.048 -21.3822
2612  15.6077 -20.7383
2613  15.1774 -20.0878
2614  14.7071 -19.4655
2615 14.2954 -18.803
2616  13.8502 -18.1626
2617  13.4388 -17.4999
2618  13.0184 -16.8428
2619  12.6252 -16.1692
2620  12.2068 -15.5109
2621  11.7881 -14.8529
2622  11.3453 -14.2107
2623   10.914 -13.5608
2624  10.4647 -12.9232
2625  10.0823 -12.2433
2626 9.66086 -11.587
2627  9.23549 -10.9332
2628    8.777 -10.3022
2629   8.3948 -9.62225
2630  8.75214 -8.92892
2631  9.37987 -8.46594
2632  10.0081 -8.00366
2633  10.6669 -7.58608
2634   11.303 -7.13461
2635  11.9378 -6.68132
2636  12.5448 -6.19147
2637   13.184 -5.74459
2638 13.8161 -5.2875
2639  14.3817 -4.75038
2640  14.3472 -3.97115
2641  13.9439 -3.30349
2642  13.4831 -2.67414
2643   13.054 -2.02274
2644  12.5934 -1.39327
2645   12.1552 -0.748044
2646    11.7292 -0.0946246
2647  11.3165 0.567229
2648 10.8549 1.19599
2649 10.3739 1.81001
2650 9.63744  2.0671
2651 8.94863 1.70112
2652  8.3227 1.23571
2653  7.69906 0.767224
2654  7.05546 0.326577
2655   6.41473 -0.118256
2656    5.7869 -0.581107
2657  5.15937 -1.04435
2658  4.40481 -1.24196
2659   4.98511 -0.720758
2660   5.59387 -0.233093
2661  6.18798 0.272313
2662 6.80664 0.74735
2663  19.5473 -22.4666
2664  20.2924 -22.2358
2665  21.0402 -22.0143
2666  21.7786 -21.7629
2667  22.5329 -21.5643
2668   23.266 -21.2979
2669  23.9959 -21.0229
2670  24.7188 -20.7298
2671  25.4716 -20.5259
2672  26.1672 -20.8788
2673  25.5197 -21.3138
2674  24.8384 -21.6935
2675  24.1419 -22.0447
2676   23.461 -22.4251
2677  22.7567 -22.7604
2678  22.0794 -23.1471
2679  21.3735 -23.4791
2680  20.6965 -23.8665
2681  20.0048 -24.2269
2682  19.3253 -24.6098
2683  18.6119 -24.9253
2684  17.8658 -24.6979
2685 17.4043 -24.069
2686  16.9706 -23.4207
2687  16.5695 -22.7518
2688  16.1558 -22.0905
2689  15.7781 -21.4081
2690  15.3667 -20.7454
2691  15.0111 -20.0511
2692  14.6234 -19.3743
2693   14.273 -18.6774
2694  13.8729 -18.0079
2695  13.5018 -17.3218
2696  13.1063 -16.6496
2697   12.718 -15.9731
2698   12.294 -15.3183
2699  11.8995 -14.6455
2700  11.4785 -13.9889
2701  11.0773 -13.3199
2702  10.6118 -12.6941
2703 10.1885 -12.039
2704   9.7485 -11.3949
2705  9.32742 -10.7383
2706  8.89474 -10.0893
2707  8.53052 -9.39957
2708  8.90709 -8.71649
2709  9.55233 -8.27824
2710   10.183 -7.81933
2711  10.8288 -7.38188
2712  11.4287 -6.88328
2713  12.0595 -6.42456
2714  12.6736 -5.94367
2715  13.3388 -5.53623
2716  13.9549 -5.05798
2717  14.5349 -4.53645
2718  14.4921 -3.75763
2719  14.0746 -3.09877
2720  13.5783 -2.49702
2721 13.1139 -1.8703
2722   12.652 -1.24184
2723   12.2507 -0.572976
2724   11.8096 0.0703214
2725  11.3704 0.714905
2726 10.915 1.3482
2727 10.4103 1.94287
2728 9.66383  2.1692
2729  9.0106 1.74294
2730 8.44139 1.20965
2731  7.84017 0.712731
2732   7.2543 0.197797
2733   6.66545 -0.313727
2734   6.10623 -0.857487
2735  5.50868 -1.35882
2736 4.91971 -1.8702
2737  4.21731 -2.20938
2738  3.68872 -1.63581
2739  4.24688 -1.09096
2740   4.80874 -0.549935
2741   5.34143 0.0198394
2742  23.3743 -21.6373
2743  22.7488 -22.1032
2744  22.1203 -22.5652
2745  21.4833 -23.0153
2746  20.8313 -23.4434
2747  20.2035 -23.9063
2748  19.5178 -24.2782
2749  18.7847 -24.0119
2750  18.3142 -23.3898
2751  17.8485 -22.7641
2752  17.4174 -22.1141
2753  16.9485 -21.4907
2754  16.5132 -20.8435
2755  16.0407 -20.2229
2756  15.5769 -19.5958
2757  15.0833 -18.9918
2758  14.6075 -18.3737
2759  14.1337 -17.7541
2760  13.6943 -17.1097
2761  13.2124 -16.4963
2762  12.7605 -15.8606
2763 12.2739 -15.251
2764  11.8087 -14.6249
2765  11.2977 -14.0356
2766  10.8083 -13.4282
2767  10.2774 -12.8568
2768  9.82043 -12.2247
2769  9.33709 -11.6125
2770  8.86263 -10.9934
2771  8.36665 -10.3914
2772 7.96604 -9.7221
2773   8.3488 -9.04247
2774  9.01581 -8.63812
2775  9.64878 -8.18233
2776  10.3169 -7.77985
2777  10.9639 -7.34419
2778  11.6273 -6.93385
2779  12.2612 -6.47935
2780  12.9172 -6.05738
2781  13.5664 -5.62504
2782    14.2 -5.1701
2783  14.5415 -4.46884
2784  14.2874 -3.73137
2785  13.8319 -3.09819
2786  13.3769 -2.46464
2787  12.9341 -1.82254
2788    12.52 -1.16151
2789   12.0879 -0.512159
2790  11.6868 0.156818
2791  11.2664 0.813846
2792 10.8352 1.46381
2793 10.3878 2.10271
2794 9.96959 2.76114
2795  9.5294 3.40505
2796 9.13167 4.07603
2797 8.71554 4.73575
2798 8.30284 5.39763
2799 7.86389  6.0424
2800 7.46005 6.70971
2801 7.00751 7.34501
2802 6.58906 8.00327
2803 6.22242 8.69173
2804 6.40224 9.45072
2805 7.01085 9.93856
2806  7.6671 10.3602
2807 8.32551 10.7784
2808 8.78524 11.4085
2809 8.41963 12.0975
2810 7.96744  12.733
2811 7.50847 13.3637
2812 7.03381 13.9827
2813 6.57101 14.6105
2814 6.15491 15.2703
2815 5.72239 15.9194
2816 5.29764 16.5736
2817 4.86687 17.2238
2818 4.48855 17.9059
2819 4.09478 18.5792
2820 3.71474 19.2604
2821 3.30879 19.9264
2822 3.07413 20.6703
2823 3.78277 20.9963
2824  4.2259 20.3544
2825 4.61866 19.6805
2826  23.2864 -22.1304
2827  22.6577 -22.5921
2828  22.0264 -23.0502
2829  21.3883 -23.4987
2830  20.7716 -23.9762
2831 20.1294 -24.419
2832  19.3747 -24.6159
2833 18.8005 -24.088
2834  18.3317 -23.4646
2835  17.9307 -22.7955
2836  17.4924 -22.1503
2837  17.0876 -21.4836
2838 16.6382 -20.846
2839  16.2235 -20.1854
2840   15.777 -19.5459
2841  15.3771 -18.8762
2842  14.9152 -18.2477
2843  14.4628 -17.6123
2844  13.9774 -17.0017
2845   13.535 -16.3593
2846  13.0514 -15.7473
2847  12.6216 -15.0964
2848  12.1372 -14.4851
2849  11.6749 -13.8568
2850  11.1756 -13.2575
2851  10.6881 -12.6486
2852  10.1859 -12.0518
2853  9.70688 -11.4363
2854  9.1621 -10.878
2855  8.62577 -10.3117
2856  8.30572 -9.60036
2857  8.76991 -8.97352
2858 9.37886 -8.4861
2859   10.008 -8.02505
2860  10.6143 -7.53438
2861  11.2187 -7.04124
2862   11.792 -6.51239
2863  12.4036 -6.02831
2864  13.0104 -5.53823
2865 13.6565 -5.1012
2866  14.2247 -4.56685
2867   14.086 -3.79929
2868 13.6404 -3.1591
2869  13.2035 -2.51292
2870  12.7519 -1.87694
2871  12.3209 -1.22685
2872   11.8882 -0.577871
2873   11.4864 0.0906777
2874  11.0391 0.729694
2875 10.6467 1.40378
2876 10.1978 2.04166
2877 9.75745 2.68549
2878 9.33415 3.34064
2879 8.9398 4.0136
2880 8.55818 4.69387
2881 8.17371 5.37254
2882  7.7403 6.02104
2883 7.35203 6.69754
2884 6.92628 7.35109
2885 6.53064 8.02331
2886 6.12905 8.69198
2887 6.28817 9.45557
2888 6.88731 9.95501
2889  7.5466 10.3718
2890 8.20048 10.7971
2891 8.56788 11.4851
2892 8.28689 12.2128
2893 7.89579 12.8876
2894 7.48295 13.5494
2895 7.08897 14.2226
2896  6.6347 14.8567
2897 6.25564 15.5384
2898  5.8144 16.1816
2899 5.39506 16.8393
2900 4.94016 17.4729
2901 4.47634    18.1
2902 4.03023 18.7398
2903 3.60098 19.3911
2904 3.15059 20.0279
2905 2.85905 20.7514
2906 3.19069 21.4574
2907 3.66997  20.842
2908 4.13542 20.2161
2909 4.62508 19.6089
2910  23.0924 -21.8409
2911  22.4602 -22.2979
2912  21.8548 -22.7896
2913  21.2221 -23.2459
2914  20.6148 -23.7354
2915  19.9771 -24.1844
2916  19.2716 -24.5171
2917  18.6213 -24.0863
2918  18.1195 -23.4891
2919   17.665 -22.8552
2920  17.2032 -22.2266
2921  16.7883 -21.5661
2922  16.3109 -20.9493
2923  15.9351 -20.2658
2924 15.4642 -19.644
2925  15.0247 -18.9996
2926  14.5214 -18.4036
2927  14.0738 -17.7649
2928   13.616 -17.1334
2929  13.1579 -16.5021
2930  12.6556 -15.9053
2931  12.2066 -15.2675
2932  11.7296 -14.6504
2933  11.2921 -14.0046
2934  10.8134 -13.3888
2935  10.4095 -12.7215
2936 9.92279 -12.112
2937  9.44851 -11.4927
2938  8.94723 -10.8951
2939   8.4992 -10.2567
2940  8.28016 -9.50805
2941  8.74987 -8.88534
2942  9.37263 -8.41569
2943   10.026 -7.98965
2944  10.6411 -7.50999
2945  11.2657 -7.04276
2946  11.8782 -6.55988
2947  12.5189 -6.11505
2948  13.1576 -5.66729
2949  13.7959 -5.21895
2950  14.3129 -4.63489
2951 14.2265 -3.8597
2952  13.7715 -3.22611
2953  13.3257 -2.58606
2954  12.8679 -1.95455
2955   12.436 -1.30505
2956   11.9975 -0.659953
2957    11.5906 0.00545418
2958  11.1508 0.649695
2959 10.7353 1.30976
2960 10.2986 1.95612
2961 9.88713 2.61873
2962 9.45444 3.26771
2963 9.05926 3.94019
2964  8.6151 4.58139
2965 8.18836 5.23429
2966 7.71308 5.85277
2967 7.28878 6.50727
2968 6.86388 7.16138
2969 6.44347 7.81839
2970 6.02888 8.47908
2971 6.02315 9.25906
2972 6.56817 9.81704
2973 7.21985 10.2457
2974  7.8948 10.6366
2975 8.53559 11.0813
2976 8.14927  11.759
2977 7.74462 12.4258
2978 7.33353 13.0887
2979 6.89999 13.7371
2980 6.51339 14.4145
2981 6.08799 15.0683
2982 5.68407 15.7356
2983 5.24422 16.3797
2984 4.82545 17.0378
2985 4.40028 17.6917
2986 3.96965 18.3421
2987 3.53243  18.988
2988 3.24864 19.7146
2989 3.93806 20.0794
2990 4.43773 19.4805
2991   4.908 18.8582
2992 5.34704 18.2135
2993 5.81711  17.591
2994  23.0179 -22.2512
2995   22.387 -22.7099
2996  21.7516 -23.1622
2997   21.093 -23.5801
2998   20.461 -24.0373
2999  19.8135 -24.4722
3000  19.1035 -24.7951
3001  18.3773 -24.5105
3002  17.9227 -23.8766
3003  17.5076 -23.2162
3004 17.0723 -22.569
3005  16.6687 -21.9015
3006  16.2172 -21.2655
3007 15.7991 -20.607
3008  15.3243 -19.9882
3009  14.8886 -19.3413
3010  14.4104 -18.7251
3011  13.9817 -18.0734
3012  13.5132 -17.4498
3013  13.1057 -16.7847
3014  12.6494 -16.1521
3015  12.2165 -15.5032
3016  11.7606 -14.8703
3017  11.3377 -14.2149
3018  10.8909 -13.5756
3019  10.4378 -12.9407
3020  9.95186 -12.3305
3021  9.47216 -11.7155
3022  8.97649 -11.1132
3023  8.51408 -10.4851
3024 8.16551 -9.7873
3025  8.52118 -9.09311
3026  9.14044 -8.61886
3027  9.78717 -8.18281
3028  10.4158 -7.72098
3029  11.0494 -7.26613
3030  11.6727 -6.79714
3031  12.3221 -6.36517
3032  12.9704 -5.93142
3033  13.6177 -5.49615
3034  14.2496 -5.03894
3035  14.4942 -4.29829
3036  14.1195 -3.61418
3037  13.7563 -2.92392
3038  13.3518 -2.25697
3039  12.9662 -1.57895
3040   12.5428 -0.923919
3041   12.1346 -0.259208
3042  11.7167 0.399344
3043  11.336 1.08014
3044 10.9096  1.7333
3045 10.5049  2.4001
3046 10.0664 3.04518
3047  9.6727 3.71851
3048 9.23475 4.36395
3049 8.83402 5.03314
3050 8.39247 5.67613
3051 7.96473 6.32839
3052 7.51897 6.96846
3053 7.07198 7.60769
3054 6.58782 8.21923
3055 6.35674 8.96421
3056 6.78625 9.61531
3057 7.39054 10.1085
3058 8.01854 10.5711
3059  8.5916 11.1003
3060   8.313 11.8288
3061 7.85622 12.4611
3062 7.39725 13.0917
3063 6.95634 13.7352
3064 6.46977 14.3448
3065 6.00701 14.9727
3066 5.55736   15.61
3067 5.13632 16.2666
3068 4.69104 16.9071
3069 4.28349 17.5721
3070 3.81453 18.1954
3071 3.39898 18.8555
3072 2.95579 19.4973
3073 2.56354 20.1715
3074 2.60635 20.9504
3075 3.17538 20.4169
3076 3.69091 19.8315
3077 4.15956  19.208
3078 4.67154 18.6196
3079 -8.35707  1.55277
3080 -7.73636  2.02513
3081 -7.10203  2.47903
3082 -6.51575   2.9935
3083 -5.90917  3.48386
3084 -5.35037  4.02805
3085 -4.75813  4.53565
3086 -4.17223  5.05055
3087 -3.39229  5.05993
3088 -2.84216  4.50698
3089 -2.37192  3.88466
3090 -1.87179  3.28611
3091 -1.43399  2.64056
3092 -0.949374   2.02938
3093 -0.511048   1.38419
3094 -0.0319142   0.768695
3095 0.403881 0.121792
3096  0.884384 -0.492631
3097  1.32548 -1.13593
3098  1.83009 -1.73071
3099  2.31325 -2.34305
3100  2.81268 -2.94219
3101  3.28449 -3.56332
3102  3.79468 -4.15332
3103  4.30936 -4.73941
3104  4.82717 -5.32275
3105  5.31528 -5.93114
3106  5.80804 -6.53578
3107  6.24847 -7.17954
3108  6.72471 -7.79727
3109  7.18883 -8.42416
3110  7.71881 -8.99645
3111 8.35813 -9.4433
3112  9.07529 -9.13657
3113   9.6698 -8.63164
3114  10.2217 -8.08043
3115  10.8142 -7.57315
3116  11.3819 -7.03829
3117  11.9853 -6.54397
3118  12.5483 -6.00417
3119  13.1416 -5.49776
3120  13.6819 -4.93525
3121   14.301 -4.46079
3122 15.0033 -4.8002
3123  15.5549 -5.35173
3124  16.1167 -5.89276
3125  16.6393 -6.47182
3126  17.1979 -7.01624
3127   17.726 -7.59029
3128  18.2947 -8.12408
3129  18.8238 -8.69723
3130  19.3588 -9.26485
3131  19.8601 -9.86241
3132  20.3929 -10.4321
3133  20.8939 -11.0299
3134  21.4242 -11.6019
3135 21.9115 -12.211
3136  22.4065 -12.8137
3137  22.9012 -13.4168
3138  23.4431 -13.9778
3139  24.0612 -14.4535
3140  24.7578 -14.1026
3141  25.3812 -13.6337
3142  25.9974 -13.1555
3143  26.6281 -12.6966
3144  27.3607 -12.4288
3145   27.963 -12.9245
3146  28.5051 -13.4853
3147  29.0315 -14.0609
3148  29.5587 -14.6358
3149  30.0549 -15.2375
3150  30.5649 -15.8277
3151  31.0388 -16.4473
3152   31.551 -17.0355
3153  32.0218 -17.6574
3154  32.5144 -18.2622
3155  32.9713 -18.8943
3156  32.8622 -19.6667
3157  32.3597 -19.0702
3158  31.8511 -18.4788
3159  31.2918 -17.9351
3160  30.751 -17.373
3161 -9.30532  2.06167
3162 -8.66789  2.51122
3163 -8.03062  2.96098
3164 -7.37428  3.38242
3165 -6.75232  3.85314
3166 -6.0875 4.26107
3167 -5.4669 4.73358
3168 -4.81573  5.16296
3169 -4.10626  5.48707
3170 -3.50995  4.98426
3171 -3.00862  4.38671
3172 -2.54837  3.75697
3173 -2.04674  3.15967
3174 -1.58492  2.53108
3175 -1.11277  1.91022
3176 -0.673638   1.26558
3177 -0.199034  0.646583
3178  0.258806 0.0150918
3179  0.750828 -0.590147
3180  1.23057 -1.20517
3181  1.71497 -1.81652
3182  2.16392 -2.45436
3183  2.65885 -3.05723
3184  3.14393 -3.66804
3185  3.66712 -4.24655
3186  4.16174 -4.84968
3187  4.67647 -5.43572
3188  5.14165 -6.06183
3189   5.6457 -6.65709
3190  6.12075 -7.27574
3191  6.64183 -7.85614
3192  7.14111 -8.45541
3193  7.69246 -9.00715
3194  8.35845 -9.41317
3195   9.0618 -9.07599
3196  9.66948 -8.58699
3197  10.2598 -8.07716
3198  10.8397 -7.55551
3199  11.4047 -7.01778
3200   12.005 -6.51974
3201  12.5844 -5.99754
3202  13.1921 -5.50859
3203  13.7557 -4.96928
3204  14.3921 -4.51841
3205  15.0966 -4.85332
3206 15.6202 -5.4314
3207  16.1427 -6.01057
3208  16.6418 -6.60996
3209  17.1904 -7.16449
3210  17.7027 -7.75266
3211  18.2467 -8.31162
3212 18.7647 -8.8948
3213  19.2973 -9.46464
3214 19.7817 -10.076
3215  20.2992 -10.6596
3216  20.7687 -11.2825
3217  21.3056 -11.8482
3218   21.803 -12.4491
3219  22.3209 -13.0324
3220  22.8201 -13.6317
3221 23.3689 -14.186
3222  24.0042 -14.6385
3223   24.691 -14.2688
3224  25.2812 -13.7589
3225  25.8569 -13.2326
3226  26.4479 -12.7235
3227  27.1839 -12.4651
3228  27.7841 -12.9632
3229  28.3336 -13.5168
3230  28.8642 -14.0886
3231   29.418 -14.6379
3232  29.9187 -15.2359
3233  30.4431 -15.8133
3234   30.931 -16.4219
3235 31.4676 -16.988
3236  31.9823 -17.5741
3237  32.4865 -18.1692
3238  32.9713 -18.7802
3239    32.97 -19.5602
3240 32.3546 -19.081
3241  31.9082 -18.4414
3242  31.4589 -17.8038
3243  30.9186 -17.2412
3244 -9.76184  1.25116
3245 -9.17902  1.76955
3246 -8.59009  2.28099
3247 -8.01254  2.80523
3248 -7.40553  3.29507
3249 -6.83582  3.82783
3250 -6.22853  4.31732
3251 -5.62413  4.81037
3252 -4.85624  4.94726
3253 -4.26659  4.43665
3254 -3.75318  3.84946
3255 -3.24662  3.25633
3256 -2.76724  2.64103
3257 -2.23652  2.06942
3258 -1.75436  1.45629
3259 -1.21347 0.894304
3260 -0.726763  0.284778
3261 -0.201115 -0.291496
3262  0.304741 -0.885223
3263 0.840117 -1.45247
3264  1.34247 -2.04916
3265  1.86738 -2.62611
3266  2.39104 -3.20419
3267  2.94376 -3.75456
3268  3.45477 -4.34385
3269  3.99643 -4.90511
3270  4.50434 -5.49707
3271  5.02703 -6.07604
3272   5.5162 -6.68359
3273  6.04299 -7.25882
3274  6.55537 -7.84692
3275  7.10976 -8.39561
3276  7.64113 -8.96661
3277  8.39847 -9.15326
3278  9.05049 -8.72516
3279 9.64877 -8.2247
3280  10.2636 -7.74475
3281  10.8437 -7.22328
3282 11.4503  -6.733
3283  12.0371 -6.21903
3284  12.6311 -5.71359
3285 13.2037 -5.1839
3286  13.8563 -4.75673
3287  14.5773 -4.45919
3288  15.2178 -4.90434
3289  15.7034 -5.51476
3290   16.174 -6.13683
3291  16.6761 -6.73371
3292  17.1579 -7.34712
3293 17.6823 -7.9245
3294  18.1536 -8.54605
3295  18.6618 -9.13778
3296  19.1292 -9.76219
3297  19.6363 -10.3549
3298  20.1106 -10.9741
3299  20.5942 -11.5861
3300  21.0387 -12.2271
3301  21.5262 -12.8359
3302  21.9836 -13.4677
3303  22.4846 -14.0656
3304 23.0251 -14.628
3305   23.627 -15.1241
3306  24.3684 -14.8819
3307  24.9651 -14.3795
3308  25.5929 -13.9167
3309  26.2357 -13.4748
3310  26.9985 -13.3118
3311    27.56 -13.8533
3312  28.0318 -14.4743
3313  28.5107 -15.0901
3314  28.9536 -15.7321
3315  29.4529 -16.3313
3316  29.9257 -16.9517
3317  30.4118 -17.5618
3318  30.8695 -18.1933
3319  31.3474 -18.8097
3320  31.7852 -19.4553
3321  32.2417 -20.0878
3322  33.0023 -20.2608
3323  32.6192 -19.5814
3324  32.1454 -18.9617
3325  31.6734 -18.3407
3326 -9.71347  1.86719
3327 -9.08336  2.32693
3328 -8.46642   2.8042
3329 -7.86704  3.30335
3330 -7.22169  3.74143
3331 -6.60496  4.21897
3332 -5.97194  4.67469
3333 -5.35682  5.15431
3334 -4.60698   5.3691
3335 -4.01697  4.85891
3336 -3.54239   4.2399
3337 -3.05091  3.63422
3338 -2.56125  3.02707
3339 -2.03643  2.45004
3340 -1.55829  1.83377
3341 -1.05248  1.24001
3342  -0.5674 0.629193
3343 -0.0577609  0.0387113
3344  0.409082 -0.586156
3345 0.924566 -1.17154
3346  1.42272 -1.77175
3347  1.95707 -2.33996
3348  2.43097 -2.95949
3349 2.95327 -3.5388
3350  3.42253 -4.16186
3351  3.93741 -4.74778
3352  4.43049 -5.35215
3353  4.94387 -5.93938
3354  5.39687 -6.57436
3355  5.89847 -7.17168
3356  6.36877 -7.79395
3357  6.89536 -8.36937
3358  7.38577 -8.97591
3359  8.01868 -9.43179
3360  8.71505 -9.08041
3361 9.30191 -8.5666
3362  9.87597 -8.03855
3363  10.4499 -7.51035
3364 11.0387 -6.9987
3365 11.6119 -6.4697
3366  12.2305 -5.99461
3367   12.804 -5.46595
3368  13.3779 -4.93773
3369  13.9863 -4.44965
3370 14.7662  -4.434
3371  15.3589 -4.94101
3372  15.9037 -5.49921
3373  16.4566 -6.04939
3374    16.95 -6.65356
3375  17.4894 -7.21699
3376   17.989 -7.81596
3377  18.5253 -8.38235
3378  19.0307 -8.97641
3379  19.5711 -9.53887
3380 20.0429  -10.16
3381  20.5557 -10.7478
3382  21.0462 -11.3543
3383 21.5509 -11.949
3384  22.0379 -12.5582
3385  22.5325 -13.1614
3386 23.0289 -13.763
3387  23.5973 -14.2972
3388  24.2907 -14.6544
3389   24.936 -14.2162
3390  25.5422 -13.7254
3391  26.1471 -13.2329
3392  26.8156 -12.8311
3393  27.5886 -12.7267
3394  28.1015 -13.3144
3395  28.6146 -13.9018
3396  29.1012 -14.5114
3397  29.6173 -15.0962
3398  30.0958 -15.7122
3399  30.6056 -16.3025
3400  31.1185 -16.8902
3401  31.6014 -17.5028
3402  32.0595 -18.1341
3403  32.5474 -18.7427
3404 32.9704 -19.398
3405  32.7193 -20.1365
3406  32.2018 -19.5528
3407  31.7327 -18.9297
