10 -3.17963  4.41841 10 1
11 -3.85443  4.10714 10 1
12 -4.4818 3.73071 10 1
13 -5.10067  3.34395 10 1
14 -5.71836  2.95581 10 1
15 -6.34724  2.58124 10 1
16 -6.98395  2.21657 10 1
17 -7.60729  1.83519 10 1
18 -8.23972  1.46507 10 1
19 -8.84519  1.06277 10 1
20 -9.47745 0.692433 10 1
21 -10.0879 0.295797 10 1
22   -10.7029 -0.0954805 10 1
23  -11.2984 -0.508898 10 1
24  -11.9119 -0.901969 10 1
25 -12.5189 -1.30245 10 1
26 -13.1225 -1.70686 10 1
27 -13.6862 -2.15285 10 1
28 -14.2838 -2.56391 10 1
29  -14.897 -2.95741 10 1
30 -15.5147 -3.34554 10 1
31 -16.1116  -3.7573 10 1
32 -16.7429 -4.12886 10 1
33  -17.367 -4.50933 10 1
34 -17.9799 -4.90317 10 1
35 -18.5732 -5.31891 10 1
36 -19.1901 -5.70792 10 1
37 -19.7653 -6.14255 10 1
38 -20.3473  -6.5702 10 1
39 -20.9433 -6.98309 10 1
40 -21.5181 -7.41808 10 1
41 -22.0871 -7.85886 10 1
42 -22.6614 -8.29442 10 1
43 -23.1492 -8.80499 10 1
44 -22.8591 -9.50766 1 2
45 -22.5415 -10.1891 1 2
46 -22.2166 -10.8647 1 2
47 -21.9186 -11.5614 1 2
48 -21.5897 -12.2335 1 2
49 -21.219 -12.868 1 2
50 -20.8642 -13.5174 1 2
51 -20.5103 -14.1676 1 2
52 -20.1706 -14.8306 1 2
53 -19.8204 -15.4842 1 2
54 -19.4433 -16.1123 1 2
55 -19.0965  -16.769 1 2
56 -18.7292 -17.4067 1 2
57 -18.3993  -18.078 1 2
58 -18.0565 -18.7382 1 2
59  -17.713 -19.3978 1 2
60 -17.3652 -20.0536 1 2
61  -17.023 -20.7143 1 2
62 -16.6215 -21.3171 1 2
63 -15.7659 -21.3241 2 9
64 -15.0337 -20.9782 2 9
65 -14.3618 -20.5519 2 9
66 -13.7045 -20.1089 2 9
67 -13.0582  -19.654 2 9
68 -12.4163 -19.1946 2 9
69 -11.7939 -18.7154 2 9
70 -11.1441 -18.2643 2 9
71 -10.4854 -17.8228 2 9
72 -9.85058 -17.3561 2 9
73 -9.22408  -16.881 2 9
74 -8.57604  -16.428 2 9
75 -7.92576 -15.9773 2 9
76 -7.27448 -15.5278 2 9
77 -6.61872 -15.0831 2 9
78 -5.96166 -14.6399 2 9
79  -5.3029 -14.1985 2 9
80 -4.64343  -13.758 2 9
81 -3.95622 -13.3501 2 9
82 -3.28462 -12.9233 2 9
83 -2.58552 -12.5306 2 9
84 -1.88259  -12.143 2 9
85 -1.19078 -11.7409 2 9
86 -0.51757  -11.316 2 9
87 0.139127 -10.8724 2 9
88 0.815397 -10.4512 2 9
89  1.47759 -10.0136 2 9
90  2.16173 -9.60195 2 9
91  2.86396 -9.21335 2 9
92  3.52269 -8.77196 2 9
93  4.20045 -8.35253 2 9
94  4.89074 -7.94848 2 9
95  5.60454 -7.57567 2 9
96  5.91249 -8.26967 9 7
97 6.21845 -8.9653 9 7
98  6.50218 -9.67843 9 7
99  6.81915 -10.3649 9 7
100  7.12916 -11.0572 9 7
101  7.48427 -11.7091 9 7
102  7.81289 -12.3855 9 7
103   8.1697 -13.0357 9 7
104  8.50146 -13.7093 9 7
105  8.81967 -14.3948 9 7
106  9.16023 -15.0604 9 7
107  9.47014 -15.7528 9 7
108   9.7795 -16.4456 9 7
109  10.0931 -17.1349 9 7
110  10.4222 -17.8109 9 7
111  10.7505 -18.4876 9 7
112 11.0663 -19.175 9 7
113  11.3794 -19.8648 9 7
114  11.6942 -20.5531 9 7
115  12.0247 -21.2278 9 7
116  12.3474 -21.9093 9 7
117  12.6753 -22.5863 9 7
118  12.9981 -23.2679 9 7
119  13.1979 -24.0365 9 7
120  12.9455 -24.6332 7 4
121  12.3444 -25.0108 7 4
122   11.713 -25.3535 7 4
123  11.1117 -25.7309 7 4
124   10.524 -26.1228 7 4
125  9.93451 -26.5128 7 4
126  9.33176 -26.8886 7 4
127  8.72832 -27.2637 7 4
128   8.1198 -27.6331 7 4
129  7.49986 -27.9894 7 4
130 6.88006 -28.346 7 4
131  6.27143 -28.7153 7 4
132   5.6687 -29.0911 7 4
133   5.0534 -29.4529 7 4
134  4.43495 -29.8109 7 4
135  3.81751 -30.1702 7 4
136  3.21956 -30.5513 7 4
137  2.61417 -30.9242 7 4
138    2.002 -31.2895 7 4
139  1.39259 -31.6579 7 4
140 0.787921 -32.0316 7 4
141 0.184543 -32.4068 7 4
142 -0.411328  -32.7901 7 4
143 -1.00333 -33.1774 7 4
144 -1.57487 -33.5856 7 4
145 -2.17443 -33.9649 7 4
146 -2.78917 -34.3273 7 4
147 -3.38227 -34.7135 7 4
148 -4.00413 -35.0676 7 4
149 -4.62431 -35.4236 7 4
150 -5.24783 -35.7757 7 4
151 -5.88583 -36.1101 7 4
152 -6.52768 -36.4396 7 4
173 -3.17024  4.34509 10 1
174 -3.38254  4.29818 10 1
175 -3.93116  3.97859 10 1
176 -4.51857  3.59736 10 1
177 -5.09455  3.23567 10 1
178 -5.66286  2.88638 10 1
179 -6.21778  2.55761 10 1
180 -6.77291  2.22853 10 1
181 -7.33927  1.88232 10 1
182 -7.91747  1.51693 10 1
183 -8.49683  1.14959 10 1
184 -9.07636 0.781952 10 1
185 -9.64109 0.438299 10 1
186  -10.2026 0.0995999 10 1
187    -10.78 -0.264375 10 1
188  -11.3531 -0.621502 10 1
189  -11.9265 -0.978937 10 1
190 -12.5156 -1.36305 10 1
191 -13.0881 -1.71914 10 1
192 -13.6595 -2.07333 10 1
193 -14.2449 -2.45112 10 1
194 -14.8319 -2.83162 10 1
195  -15.417 -3.20876 10 1
196 -16.0065 -3.59381 10 1
197 -16.6129 -4.01068 10 1
198 -17.2042 -4.39881 10 1
199 -17.7896 -4.77652 10 1
200 -18.3486 -5.11142 10 1
201 -18.9106  -5.4509 10 1
202 -19.4785 -5.79944 10 1
203 -20.0327 -6.12723 10 1
204 -20.5826 -6.44865 10 1
205 -21.1509 -6.79794 10 1
206 -21.7125 -7.13664 10 1
207 -22.3817  -7.7294 10 1
208 -23.0461 -8.68716 10 1
209 -22.7872 -9.29244 1 2
210 -22.4688 -9.94382 1 2
211 -22.1247 -10.6123 1 2
212 -21.7881  -11.276 1 2
213 -21.4537 -11.9382 1 2
214 -21.1142 -12.6037 1 2
215 -20.7698 -13.2725 1 2
216 -20.4411 -13.9309 1 2
217 -20.1037 -14.5951 1 2
218 -19.7771  -15.252 1 2
219  -19.434 -15.9199 1 2
220 -19.1012 -16.5811 1 2
221 -18.7572 -17.2495 1 2
222 -18.4096 -17.9203 1 2
223  -18.066 -18.5885 1 2
224 -17.7376 -19.2467 1 2
225 -17.3909 -19.9169 1 2
226 -17.0441 -20.5871 1 2
227  -16.671 -21.2734 1 2
228 -16.2206 -21.0741 2 9
229 -15.5448 -20.6527 2 9
230 -14.8577  -20.214 2 9
231 -14.1653 -19.7667 2 9
232 -13.4734 -19.3202 2 9
233 -12.7988 -18.9007 2 9
234 -12.1138 -18.4653 2 9
235 -11.4159 -18.0088 2 9
236 -10.7431  -17.592 2 9
237 -10.0563 -17.1538 2 9
238 -9.37833 -16.7292 2 9
239 -8.69976 -16.3037 2 9
240 -8.0319 -15.894 2 9
241 -7.35986 -15.4782 2 9
242 -6.66613 -15.0288 2 9
243 -5.97317 -14.5806 2 9
244 -5.28024 -14.1325 2 9
245 -4.60532 -13.7125 2 9
246 -3.92474 -13.2839 2 9
247 -3.26919 -12.8915 2 9
248 -2.58827 -12.4624 2 9
249 -1.92511 -12.0594 2 9
250 -1.24795  -11.636 2 9
251 -0.567242  -11.2072 2 9
252 0.110566 -10.7829 2 9
253 0.746545 -10.4159 2 9
254 1.38568 -10.045 2 9
255 2.02479 -9.6741 2 9
256   2.6777 -9.28521 2 9
257  3.32411 -8.90494 2 9
258   3.9618 -8.53582 2 9
259 4.60218 -8.1633 2 9
260  5.23154 -7.80449 2 9
261  5.65582 -7.62122 2 9
262  6.17209 -8.42034 9 7
263  6.46459 -9.09147 9 7
264  6.77385 -9.77593 9 7
265  7.05519 -10.4378 9 7
266  7.37358 -11.1292 9 7
267  7.67902 -11.8107 9 7
268  8.01005 -12.5114 9 7
269  8.3169 -13.194 9 7
270 8.6282 -13.88 9 7
271  8.91898 -14.5497 9 7
272 9.21038  -15.22 9 7
273 9.48389 -15.875 9 7
274  9.80926 -16.5716 9 7
275  10.1202 -17.2574 9 7
276 10.4375 -17.948 9 7
277  10.7486 -18.6339 9 7
278  11.0484 -19.3109 9 7
279  11.3293 -19.9724 9 7
280  11.6285 -20.6489 9 7
281  11.9383 -21.3338 9 7
282  12.2429 -22.0146 9 7
283 12.5296 -22.681 9 7
284  12.8197 -23.3502 9 7
285   13.059 -23.9735 9 7
286   13.076 -24.1696 9 7
287 12.4095 -24.614 7 4
288  11.7653 -25.0281 7 4
289  11.1548 -25.4016 7 4
290  10.5168 -25.8076 7 4
291  9.87838 -26.2144 7 4
292  9.27236 -26.5828 7 4
293  8.66561 -26.9521 7 4
294  8.04237 -27.3402 7 4
295  7.40235 -27.7489 7 4
296  6.76736 -28.1513 7 4
297  6.14488 -28.5386 7 4
298  5.50315 -28.9495 7 4
299  4.81905 -29.4201 7 4
300  4.18181 -29.8253 7 4
301  3.53358 -30.2446 7 4
302  2.90205 -30.6427 7 4
303   2.2659 -31.0466 7 4
304  1.62317 -31.4588 7 4
305 0.998505 -31.8486 7 4
306 0.377371 -32.2343 7 4
307 -0.240111  -32.6157 7 4
308 -0.865115  -33.0059 7 4
309 -1.46457 -33.3672 7 4
310 -2.07083 -33.7359 7 4
311 -2.68231 -34.1104 7 4
312 -3.25249 -34.4417 7 4
313 -3.81998 -34.7704 7 4
314 -4.39734 -35.1088 7 4
315 -4.95792  -35.431 7 4
316 -5.52727 -35.7615 7 4
317 -6.07495 -36.0719 7 4
318 -6.52758 -36.3094 7 4
340 -3.17784  4.41597 10 1
341 -3.95185  4.40657 10 1
342 -4.56206  4.00625 10 1
343 -5.16363  3.59525 10 1
344 -5.77583  3.19745 10 1
345 -6.37088  2.77865 10 1
346 -7.00163  2.40533 10 1
347 -7.61387  2.00757 10 1
348 -8.23149  1.61672 10 1
349 -8.81115  1.18029 10 1
350 -9.41449 0.771452 10 1
351 -10.0142 0.358244 10 1
352   -10.6089 -0.0609557 10 1
353  -11.2103 -0.472198 10 1
354   -11.808 -0.887871 10 1
355 -12.4117  -1.2962 10 1
356 -13.0134 -1.70707 10 1
357 -13.6046 -2.13043 10 1
358 -14.1793 -2.57232 10 1
359 -14.7581 -3.00959 10 1
360 -15.3403 -3.44326 10 1
361 -15.9558 -3.83681 10 1
362 -16.5492 -4.25758 10 1
363 -17.1514 -4.66784 10 1
364 -17.7565 -5.07448 10 1
365 -18.3701 -5.47053 10 1
366 -18.9666 -5.88752 10 1
367 -19.5691 -6.29747 10 1
368  -20.164 -6.71645 10 1
369  -20.768 -7.12447 10 1
370 -21.3571  -7.5502 10 1
371   -21.97 -7.94705 10 1
372 -22.5736 -8.35567 10 1
373 -23.1504 -8.79519 10 1
374 -22.9018 -9.48451 1 2
375 -22.5821 -10.1243 1 2
376 -22.2584  -10.761 1 2
377 -21.9902 -11.4378 1 2
378 -21.7155 -12.1103 1 2
379  -21.374 -12.7324 1 2
380 -21.0528  -13.371 1 2
381 -20.7193 -13.9997 1 2
382 -20.3891 -14.6312 1 2
383 -20.057 -15.261 1 2
384 -19.7228 -15.8892 1 2
385 -19.4014 -16.5277 1 2
386 -19.0887  -17.173 1 2
387 -18.7633 -17.8082 1 2
388 -18.4578 -18.4588 1 2
389 -18.1579 -19.1136 1 2
390 -17.8427 -19.7569 1 2
391 -17.5318 -20.4035 1 2
392    -17.2 -21.0337 1 2
393 -16.6246 -21.3162 1 2
394 -15.8917 -20.9955 2 9
395 -15.1982 -20.6026 2 9
396 -14.5084 -20.2035 2 9
397 -13.8555 -19.7508 2 9
398 -13.1803 -19.3294 2 9
399 -12.5369 -18.8642 2 9
400 -11.8833 -18.4124 2 9
401 -11.2053 -17.9951 2 9
402 -10.5091 -17.6065 2 9
403 -9.84067 -17.1752 2 9
404 -9.16042 -16.7614 2 9
405  -8.4682 -16.3663 2 9
406 -7.78649 -15.9546 2 9
407 -7.10825 -15.5377 2 9
408 -6.44318 -15.1017 2 9
409  -5.7783 -14.6653 2 9
410 -5.12875 -14.2082 2 9
411 -4.47853 -13.7519 2 9
412 -3.83686 -13.2845 2 9
413 -3.18417 -12.8315 2 9
414 -2.52943 -12.3812 2 9
415 -1.86712 -11.9413 2 9
416 -1.21144 -11.4923 2 9
417 -0.538784  -11.0671 2 9
418 0.136308 -10.6455 2 9
419 0.825071 -10.2449 2 9
420  1.49247 -9.81209 2 9
421  2.14967 -9.36515 2 9
422  2.80241 -8.91219 2 9
423  3.46914 -8.47848 2 9
424  4.11919 -8.02196 2 9
425  4.8016 -7.6114 2 9
426  5.60897 -7.57752 2 9
427  5.92709 -8.26541 9 7
428  6.24161 -8.95598 9 7
429  6.57953 -9.62855 9 7
430  6.85335 -10.3472 9 7
431  7.21413 -11.0008 9 7
432  7.53341 -11.6878 9 7
433  7.86882 -12.3624 9 7
434  8.24422 -13.0031 9 7
435  8.58397 -13.6742 9 7
436  8.92683 -14.3428 9 7
437  9.25925 -15.0197 9 7
438  9.58116 -15.7047 9 7
439 9.88925   -16.4 9 7
440  10.2211 -17.0774 9 7
441  10.5694 -17.7415 9 7
442   10.899 -18.4206 9 7
443  11.2273 -19.1008 9 7
444  11.5623 -19.7757 9 7
445  11.8697 -20.4715 9 7
446  12.2033 -21.1474 9 7
447  12.5004 -21.8505 9 7
448  12.8155 -22.5407 9 7
449  13.1271 -23.2334 9 7
450     13.2 -24.0444 9 7
451  12.9594 -24.6619 7 4
452  12.4727 -25.1326 7 4
453  11.9125 -25.5295 7 4
454  11.3024 -25.8624 7 4
455  10.6778 -26.1738 7 4
456  10.0589 -26.4939 7 4
457   9.4586 -26.8405 7 4
458  8.85523 -27.1829 7 4
459   8.2848 -27.5677 7 4
460  7.69358 -27.9264 7 4
461  7.08215 -28.2574 7 4
462  6.52183 -28.6541 7 4
463  5.93764 -29.0218 7 4
464  5.35493 -29.3915 7 4
465  4.76901 -29.7571 7 4
466  4.17695 -30.1147 7 4
467  3.59931 -30.4907 7 4
468  3.02813 -30.8746 7 4
469  2.42594 -31.2186 7 4
470  1.84422 -31.5895 7 4
471   1.2859 -31.9885 7 4
472 0.720574 -32.3793 7 4
473 0.130328 -32.7393 7 4
474 -0.461308  -33.0975 7 4
475 -1.03247 -33.4814 7 4
476 -1.62018 -33.8447 7 4
477  -2.2044 -34.2125 7 4
478 -2.79343  -34.574 7 4
479 -3.41034 -34.8971 7 4
480 -4.01959 -35.2312 7 4
481 -4.62847 -35.5659 7 4
482 -5.23392 -35.9053 7 4
483 -5.85663 -36.2197 7 4
484 -6.53459 -36.4352 7 4
506 -3.18111  4.42188 10 1
507 -3.99211  4.46655 10 1
508 -4.64686  4.14392 10 1
509 -5.22611  3.73749 10 1
510 -5.81704  3.34251 10 1
511 -6.39786   2.9376 10 1
512 -7.06423   2.6303 10 1
513 -7.6923 2.27521 10 1
514 -8.32329   1.9235 10 1
515 -8.89926  1.51394 10 1
516 -9.4921 1.12089 10 1
517 -10.0509 0.695478 10 1
518  -10.656 0.315052 10 1
519 -11.2191 -0.10643 10 1
520  -11.8058 -0.505595 10 1
521  -12.3674 -0.928488 10 1
522 -12.9466 -1.33493 10 1
523 -13.5108 -1.75538 10 1
524 -14.0682 -2.18201 10 1
525 -14.6462 -2.58967 10 1
526 -15.2337 -2.98804 10 1
527 -15.8309 -3.37673 10 1
528 -16.4066 -3.78648 10 1
529 -16.9916 -4.18734 10 1
530 -17.5726 -4.59214 10 1
531 -18.1685 -4.98209 10 1
532 -18.7484 -5.38787 10 1
533 -19.315 -5.8062 10 1
534 -19.9134  -6.1936 10 1
535 -20.4986 -6.59419 10 1
536 -21.0796 -6.99893 10 1
537 -21.6673 -7.39715 10 1
538 -22.2468 -7.80335 10 1
539  -22.774 -8.25548 10 1
540 -23.1423 -8.80638 10 1
541 -22.8175 -9.48046 1 2
542  -22.439 -10.1115 1 2
543 -22.0685 -10.7495 1 2
544 -21.6939 -11.3839 1 2
545 -21.3317 -12.0289 1 2
546 -21.0091 -12.7046 1 2
547 -20.6653 -13.3643 1 2
548 -20.3058 -14.0115 1 2
549 -19.9399 -14.6534 1 2
550  -19.609 -15.3229 1 2
551  -19.302 -16.0095 1 2
552 -18.9915 -16.6938 1 2
553 -18.6341 -17.3427 1 2
554 -18.3227 -18.0263 1 2
555 -18.0146 -18.7123 1 2
556  -17.699 -19.3929 1 2
557 -17.3848 -20.0745 1 2
558 -17.0827 -20.7645 1 2
559 -16.6246  -21.315 1 2
560 -15.8761 -20.9683 2 9
561 -15.1913 -20.5183 2 9
562 -14.5215 -20.0485 2 9
563 -13.8627 -19.5646 2 9
564 -13.1821 -19.1089 2 9
565 -12.5065 -18.6466 2 9
566  -11.827 -18.1894 2 9
567 -11.1497 -17.7292 2 9
568 -10.5008 -17.2336 2 9
569 -9.81054 -16.7912 2 9
570 -9.11597 -16.3549 2 9
571  -8.3946 -15.9597 2 9
572 -7.72926 -15.4842 2 9
573 -7.02342 -15.0645 2 9
574 -6.30315 -14.6675 2 9
575  -5.6026 -14.2399 2 9
576 -4.92285 -13.7831 2 9
577 -4.24833 -13.3193 2 9
578 -3.55267 -12.8845 2 9
579 -2.86831 -12.4339 2 9
580 -2.19475 -11.9688 2 9
581 -1.50718 -11.5226 2 9
582 -0.835758  -11.0548 2 9
583 -0.147988  -10.6089 2 9
584 0.554263 -10.1838 2 9
585  1.24249 -9.73849 2 9
586  1.93629 -9.30108 2 9
587  2.65869 -8.90764 2 9
588  3.35927 -8.48008 2 9
589  4.06607 -8.06186 2 9
590  4.77694 -7.64992 2 9
591  5.60695 -7.57542 2 9
592  6.13327 -7.95428 9 7
593 6.42182 -8.6052 9 7
594  6.65552 -9.29181 9 7
595 6.94608 -9.9413 9 7
596  7.21979 -10.6025 9 7
597  7.53197 -11.2359 9 7
598 7.81603  -11.89 9 7
599  8.10934 -12.5375 9 7
600  8.39257 -13.1922 9 7
601  8.69153 -13.8356 9 7
602  9.00686 -14.4666 9 7
603  9.38112 -15.0467 9 7
604 9.68691 -15.685 9 7
605  9.99823 -16.3191 9 7
606  10.3022 -16.9587 9 7
607  10.6281 -17.5814 9 7
608  10.9371 -18.2172 9 7
609  11.2805 -18.8253 9 7
610  11.5997 -19.4532 9 7
611  11.9319 -20.0706 9 7
612  12.2285 -20.7158 9 7
613 12.5598 -21.334 9 7
614  12.8844 -21.9576 9 7
615  13.1939 -22.5931 9 7
616  13.4539 -23.2634 9 7
617  13.2013 -24.0539 9 7
618 12.6397 -24.482 7 4
619 12.0429 -24.867 7 4
620 11.4538 -25.262 7 4
621  10.8497 -25.6372 7 4
622  10.2706 -26.0447 7 4
623  9.68395 -26.4428 7 4
624  9.10768 -26.8537 7 4
625   8.4996 -27.2235 7 4
626 7.91567 -27.625 7 4
627  7.32801 -28.0218 7 4
628  6.74688 -28.4268 7 4
629  6.14141 -28.8002 7 4
630  5.56477 -29.2106 7 4
631   4.9779 -29.6085 7 4
632   4.3729 -29.9825 7 4
633  3.78958 -30.3847 7 4
634  3.18948 -30.7654 7 4
635   2.5898 -31.1466 7 4
636  1.99972 -31.5403 7 4
637  1.40322 -31.9257 7 4
638 0.829778 -32.3401 7 4
639 0.249146 -32.7456 7 4
640 -0.361572  -33.1117 7 4
641 -0.972121  -33.4781 7 4
642 -1.53728 -33.9021 7 4
643 -2.13437 -34.2867 7 4
644 -2.72521 -34.6795 7 4
645 -3.32416 -35.0617 7 4
646  -3.9293 -35.4355 7 4
647 -4.51532 -35.8344 7 4
648 -5.11505 -36.2155 7 4
649 -5.77882  -36.496 7 4
650 -6.53405 -36.4317 7 4
673 13.1817 -24.052 7 4
674  12.7233 -24.5418 7 4
675  12.1404 -24.9051 7 4
676  11.5634 -25.2758 7 4
677   10.963 -25.6158 7 4
678  10.3898 -25.9911 7 4
679   9.7925 -26.3354 7 4
680  9.22369 -26.7161 7 4
681  8.62719 -27.0614 7 4
682 8.06075 -27.445 7 4
683  7.46573 -27.7923 7 4
684  6.90447 -28.1821 7 4
685  6.31729 -28.5398 7 4
686  5.75373 -28.9268 7 4
687  5.16879 -29.2874 7 4
688  4.60462 -29.6737 7 4
689   4.0214 -30.0366 7 4
690  3.45411 -30.4191 7 4
691  2.86902 -30.7796 7 4
692  2.30896 -31.1707 7 4
693  1.72217 -31.5289 7 4
694  1.14377 -31.8979 7 4
695 0.548906 -32.2454 7 4
696 -0.032622  -32.6104 7 4
697 -0.60906 -32.9818 7 4
698 -1.1647 -33.378 7 4
699 -1.73958 -33.7513 7 4
700 -2.28517 -34.1589 7 4
701 -2.87815 -34.5089 7 4
702 -3.44908 -34.8871 7 4
703  -4.0567 -35.2169 7 4
704 -4.63377 -35.5875 7 4
705 -5.22899 -35.9345 7 4
706 -5.82825  -36.276 7 4
707 -6.52422 -36.4397 7 4
708 -7.10332 -36.0659 4 2
709 -7.45679 -35.4552 4 2
710 -7.82794 -34.8569 4 2
711 -8.15606 -34.2296 4 2
712  -8.5405 -33.6411 4 2
713  -8.8979 -33.0331 4 2
714 -9.29213 -32.4522 4 2
715 -9.65237 -31.8461 4 2
716 -10.0326 -31.2545 4 2
717 -10.3923  -30.648 4 2
718 -10.7919 -30.0714 4 2
719 -11.1648 -29.4743 4 2
720 -11.5652 -28.8983 4 2
721  -11.914 -28.2844 4 2
722 -12.3326 -27.7233 4 2
723 -12.7159  -27.134 4 2
724 -13.0992 -26.5446 4 2
725 -13.4589 -25.9382 4 2
726 -13.8616  -25.364 4 2
727 -14.2733 -24.7971 4 2
728 -14.7029 -24.2455 4 2
729 -15.1143 -23.6784 4 2
730 -15.529 -23.114 4 2
731 -15.9394  -22.546 4 2
732 -16.3022 -21.9418 4 2
733 -16.6373 -21.3189 4 2
734 -16.4562 -20.6313 2 9
735 -15.8711 -20.1675 2 9
736 -15.2526 -19.7409 2 9
737 -14.5988 -19.3595 2 9
738 -13.9492 -18.9723 2 9
739 -13.2664 -18.6339 2 9
740 -12.6156 -18.2484 2 9
741 -11.9525   -17.88 2 9
742 -11.3193 -17.4714 2 9
743 -10.6818 -17.0683 2 9
744  -10.057 -16.6493 2 9
745 -9.40527  -16.265 2 9
746 -8.75014 -15.8854 2 9
747 -8.08314 -15.5228 2 9
748 -7.41291 -15.1649 2 9
749 -6.73901 -14.8126 2 9
750 -6.10271 -14.4079 2 9
751 -5.43966 -14.0395 2 9
752 -4.79862  -13.641 2 9
753 -4.12695 -13.2853 2 9
754 -3.48007 -12.8944 2 9
755 -2.81139 -12.5343 2 9
756 -2.16176 -12.1471 2 9
757 -1.47227 -11.8195 2 9
758 -0.801327  -11.4628 2 9
759 -0.111371  -11.1359 2 9
760 0.540645 -10.7521 2 9
761   1.2163 -10.4024 2 9
762 1.86422 -10.013 2 9
763  2.54363 -9.66916 2 9
764  3.20777 -9.30236 2 9
765  3.88799 -8.95981 2 9
766  4.53398 -8.56777 2 9
767  5.15069 -8.13907 2 9
768 5.61787 -7.5746 2 9
769  5.46587 -6.87995 9 10
770  5.05042 -6.29986 9 10
771   4.6572 -5.70525 9 10
772 4.22103 -5.1397 9 10
773  3.82886 -4.54444 9 10
774  3.39662 -3.97605 9 10
775  2.99904 -3.38421 9 10
776   2.5833 -2.80432 9 10
777  2.17308 -2.22072 9 10
778  1.74214 -1.65141 9 10
779  1.33757 -1.06408 9 10
780  0.889912 -0.507025 9 10
781  0.463461 0.0654728 9 10
782 0.0391139  0.639443 9 10
783 -0.386322   1.21265 9 10
784 -0.805746   1.79003 9 10
785 -1.22329  2.36869 9 10
786 -1.66015  2.93374 9 10
787 -2.08163  3.50971 9 10
788 -2.53916   4.0592 9 10
789 -3.17214  4.41703 9 10
790 -3.82977  4.22919 10 1
791 -4.41688  3.87546 10 1
792 -4.97968  3.48187 10 1
793 -5.56008  3.11662 10 1
794 -6.10373    2.695 10 1
795 -6.67327  2.31195 10 1
796 -7.22321  1.89927 10 1
797 -7.8013 1.53013 10 1
798 -8.36278  1.13453 10 1
799 -8.94891 0.779099 10 1
800 -9.52317 0.403634 10 1
801   -10.109 0.0476453 10 1
802  -10.6762 -0.339078 10 1
803  -11.2547 -0.707501 10 1
804 -11.8222 -1.09376 10 1
805 -12.4077 -1.45044 10 1
806  -12.985 -1.82082 10 1
807 -13.5633 -2.18956 10 1
808 -14.1086 -2.60883 10 1
809 -14.6795 -2.98976 10 1
810 -15.2304 -3.40115 10 1
811 -15.8125  -3.7634 10 1
812 -16.3847  -4.1422 10 1
813  -16.969 -4.50082 10 1
814 -17.5481 -4.86826 10 1
815 -18.1301  -5.2308 10 1
816 -18.6969 -5.61828 10 1
817 -19.2824 -5.97474 10 1
818 -19.8539 -6.35464 10 1
819 -20.4564 -6.68005 10 1
820 -21.0302 -7.05626 10 1
821 -21.6009 -7.43749 10 1
822 -22.1775 -7.80915 10 1
823 -22.7252 -8.22505 10 1
824 -23.1416 -8.78538 10 1
844  13.1836 -24.0544 7 4
845  12.6579 -24.4862 7 4
846  12.0706 -24.8425 7 4
847  11.4417 -25.1342 7 4
848  10.8403 -25.4701 7 4
849  10.2306 -25.7934 7 4
850  9.65507 -26.1656 7 4
851  9.0707 -26.526 7 4
852  8.50539 -26.9115 7 4
853   7.9224 -27.2737 7 4
854   7.3576 -27.6599 7 4
855  6.76918 -28.0146 7 4
856  6.21036 -28.4082 7 4
857  5.64511 -28.7937 7 4
858  5.10273 -29.2069 7 4
859 4.52256 -29.573 7 4
860  3.95076 -29.9501 7 4
861  3.36214 -30.3046 7 4
862    2.787 -30.6774 7 4
863  2.18893 -31.0182 7 4
864  1.60184 -31.3748 7 4
865  1.00301 -31.7145 7 4
866 0.443047 -32.1067 7 4
867 -0.119193  -32.4961 7 4
868 -0.694777  -32.8683 7 4
869 -1.28637 -33.2185 7 4
870 -1.84658 -33.6104 7 4
871 -2.42603 -33.9774 7 4
872 -2.9857  -34.37 7 4
873 -3.56197 -34.7413 7 4
874 -4.11808 -35.1382 7 4
875 -4.70076 -35.5008 7 4
876 -5.26901 -35.8826 7 4
877 -5.84869 -36.2493 7 4
878 -6.52614  -36.441 7 4
879 -7.08287 -36.0618 4 2
880 -7.49099 -35.5212 4 2
881 -7.85786 -34.9491 4 2
882 -8.25145 -34.3969 4 2
883 -8.61335 -33.8213 4 2
884 -8.96988  -33.242 4 2
885 -9.32229 -32.6598 4 2
886 -9.69895 -32.0948 4 2
887 -10.0471 -31.5098 4 2
888 -10.4087  -30.934 4 2
889 -10.7498 -30.3444 4 2
890 -11.1412 -29.7904 4 2
891 -11.5066 -29.2173 4 2
892 -11.8968 -28.6625 4 2
893  -12.295 -28.1139 4 2
894 -12.699  -27.57 4 2
895 -13.0811 -27.0091 4 2
896 -13.4832 -26.4636 4 2
897 -13.8754 -25.9103 4 2
898 -14.2911  -25.376 4 2
899 -14.6713 -24.8136 4 2
900  -15.063 -24.2599 4 2
901 -15.4461 -23.6998 4 2
902 -15.8455 -23.1522 4 2
903 -16.2323 -22.5947 4 2
904 -16.6013 -22.0242 4 2
905 -16.6366 -21.3168 4 2
906 -16.0653 -20.8152 2 9
907 -15.4042 -20.4145 2 9
908 -14.7403 -20.0177 2 9
909 -14.0754 -19.6223 2 9
910 -13.4383  -19.191 2 9
911 -12.7594 -18.8154 2 9
912 -12.0954 -18.4187 2 9
913 -11.4047 -18.0607 2 9
914 -10.7522 -17.6488 2 9
915 -10.0686 -17.2801 2 9
916 -9.40519 -16.8826 2 9
917 -8.72161 -16.5138 2 9
918   -8.065 -16.1073 2 9
919 -7.38614 -15.7315 2 9
920 -6.72313 -15.3335 2 9
921 -6.04924 -14.9506 2 9
922 -5.40482 -14.5284 2 9
923 -4.73846 -14.1349 2 9
924 -4.08107 -13.7294 2 9
925 -3.40675 -13.3471 2 9
926 -2.75754 -12.9309 2 9
927 -2.08319 -12.5487 2 9
928 -1.42815   -12.14 2 9
929 -0.751562   -11.761 2 9
930 -0.0850961   -11.3677 2 9
931 0.591411 -10.9886 2 9
932  1.26216 -10.6012 2 9
933   1.9506 -10.2398 2 9
934  2.63457 -9.87167 2 9
935  3.31832 -9.50318 2 9
936  3.96625 -9.08537 2 9
937  4.61265 -8.66564 2 9
938  5.21961 -8.19994 2 9
939    5.618 -7.57455 2 9
940 5.40044 -6.8911 9 10
941   5.0566 -6.26445 9 10
942  4.64309 -5.68191 9 10
943  4.26483 -5.07577 9 10
944  3.84909 -4.49481 9 10
945  3.46336 -3.89343 9 10
946  3.02648 -3.32815 9 10
947  2.62611 -2.73648 9 10
948  2.19397 -2.16759 9 10
949  1.78205 -1.58392 9 10
950  1.34682 -1.01736 9 10
951   0.92522 -0.440641 9 10
952 0.487151 0.123734 9 10
953 0.0433496   0.68365 9 10
954 -0.40612  1.23907 9 10
955 -0.834955   1.81045 9 10
956 -1.25042  2.39161 9 10
957 -1.63595  2.99311 9 10
958 -2.06186  3.56666 9 10
959 -2.5193 4.11562 9 10
960 -3.17596   4.4169 9 10
961 -3.85743  4.22022 10 1
962 -4.45158  3.83956 10 1
963 -5.05211  3.46893 10 1
964 -5.62347  3.05497 10 1
965 -6.20032  2.64869 10 1
966 -6.77498  2.23933 10 1
967 -7.36341  1.84995 10 1
968 -7.95576  1.46652 10 1
969 -8.54928   1.0849 10 1
970 -9.11404 0.661939 10 1
971 -9.68992 0.254278 10 1
972  -10.2624 -0.158164 10 1
973  -10.8696 -0.517917 10 1
974  -11.4657 -0.895475 10 1
975 -12.0695 -1.26095 10 1
976 -12.6551  -1.6544 10 1
977 -13.2534 -2.02862 10 1
978 -13.8299  -2.4354 10 1
979 -14.4239 -2.81632 10 1
980 -15.0156 -3.20075 10 1
981 -15.5944 -3.60426 10 1
982 -16.1728 -4.00833 10 1
983 -16.7698 -4.38444 10 1
984 -17.3539 -4.78023 10 1
985 -17.9598 -5.14225 10 1
986 -18.5509 -5.52747 10 1
987 -19.1441 -5.90975 10 1
988 -19.7367 -6.29266 10 1
989 -20.3301 -6.67448 10 1
990 -20.9135  -7.0714 10 1
991 -21.5112 -7.44653 10 1
992 -22.0896 -7.85056 10 1
993 -22.6607 -8.26483 10 1
994 -23.1379 -8.78671 10 1
1012  13.1894 -24.0594 7 4
1013  12.7274 -24.5488 7 4
1014  12.1799 -24.9352 7 4
1015  11.5909 -25.2549 7 4
1016  11.0272 -25.6169 7 4
1017  10.4531 -25.9624 7 4
1018  9.89867 -26.3386 7 4
1019  9.32731 -26.6885 7 4
1020  8.76048 -27.0457 7 4
1021  8.17607 -27.3736 7 4
1022   7.6085 -27.7296 7 4
1023  7.02891 -28.0657 7 4
1024  6.46007 -28.4197 7 4
1025  5.89165 -28.7743 7 4
1026  5.33771 -29.1513 7 4
1027  4.76873 -29.5051 7 4
1028   4.2293 -29.9029 7 4
1029  3.67105 -30.2734 7 4
1030 3.12159 -30.657 7 4
1031   2.5577 -31.0188 7 4
1032  1.98938 -31.3736 7 4
1033  1.41629 -31.7206 7 4
1034 0.871882 -32.1115 7 4
1035 0.294817 -32.4519 7 4
1036 -0.25933 -32.8286 7 4
1037 -0.820892   -33.194 7 4
1038 -1.36803  -33.581 7 4
1039 -1.94085 -33.9285 7 4
1040 -2.50741 -34.2861 7 4
1041 -3.08189 -34.6309 7 4
1042 -3.64047 -35.0009 7 4
1043 -4.19481 -35.3772 7 4
1044 -4.73362 -35.7759 7 4
1045  -5.2804 -36.1634 7 4
1046 -5.84762 -36.5199 7 4
1047 -6.53383 -36.4342 7 4
1048 -6.95131 -35.8742 4 2
1049 -7.30778 -35.2698 4 2
1050 -7.69456 -34.6864 4 2
1051 -8.08141  -34.103 4 2
1052 -8.47774 -33.5266 4 2
1053 -8.85872  -32.939 4 2
1054 -9.25918 -32.3657 4 2
1055 -9.64813 -31.7838 4 2
1056 -10.0556 -31.2159 4 2
1057 -10.4141 -30.6129 4 2
1058 -10.8201 -30.0438 4 2
1059 -11.2088 -29.4618 4 2
1060 -11.6097 -28.8888 4 2
1061 -11.9953 -28.3045 4 2
1062 -12.3661 -27.7099 4 2
1063 -12.7418 -27.1185 4 2
1064 -13.1457 -26.5478 4 2
1065 -13.5354 -25.9666 4 2
1066 -13.9614 -25.4134 4 2
1067 -14.3533 -24.8337 4 2
1068 -14.7662   -24.27 4 2
1069 -15.1211 -23.6647 4 2
1070  -15.526 -23.0948 4 2
1071  -15.929 -22.5234 4 2
1072 -16.3437 -21.9612 4 2
1073 -16.6359 -21.3191 4 2
1074 -16.1642 -20.7695 2 9
1075 -15.5316 -20.3659 2 9
1076 -14.9085 -19.9511 2 9
1077 -14.2575 -19.5705 2 9
1078  -13.638 -19.1515 2 9
1079 -13.0104  -18.742 2 9
1080 -12.3875 -18.3269 2 9
1081 -11.7479 -17.9319 2 9
1082 -11.1238 -17.5183 2 9
1083 -10.5071 -17.0962 2 9
1084 -9.88131 -16.6845 2 9
1085 -9.23277 -16.3007 2 9
1086 -8.58966   -15.91 2 9
1087 -7.94795 -15.5176 2 9
1088 -7.32062 -15.1077 2 9
1089 -6.65473 -14.7471 2 9
1090 -6.01493 -14.3523 2 9
1091 -5.34283 -14.0004 2 9
1092 -4.68232 -13.6324 2 9
1093 -4.01969 -13.2673 2 9
1094 -3.36613   -12.89 2 9
1095 -2.68021 -12.5586 2 9
1096 -2.02565 -12.1826 2 9
1097   -1.358 -11.8244 2 9
1098 -0.704795  -11.4467 2 9
1099 -0.0176032   -11.1172 2 9
1100  0.64542 -10.7526 2 9
1101  1.31622 -10.3989 2 9
1102  1.98317 -10.0397 2 9
1103  2.67386 -9.71563 2 9
1104  3.33802 -9.35262 2 9
1105  4.01822 -9.01253 2 9
1106 4.66578 -8.6275 2 9
1107  5.26849 -8.19002 2 9
1108  5.61876 -7.57276 2 9
1109  5.38626 -6.89414 9 10
1110   4.9499 -6.33308 9 10
1111  4.54142 -5.75075 9 10
1112  4.08929 -5.20266 9 10
1113  3.66241 -4.63414 9 10
1114   3.2117 -4.08486 9 10
1115  2.79125 -3.51142 9 10
1116  2.34444 -2.95888 9 10
1117   1.9202 -2.38833 9 10
1118  1.48935 -1.82291 9 10
1119  1.08656 -1.23647 9 10
1120  0.665121 -0.663786 9 10
1121   0.280549 -0.0647104 9 10
1122 -0.130502  0.515744 9 10
1123 -0.529816   1.10466 9 10
1124 -0.944439   1.68247 9 10
1125 -1.34033  2.27378 9 10
1126 -1.76738  2.84216 9 10
1127 -2.17767  3.42318 9 10
1128 -2.60738  3.98949 9 10
1129 -3.1752 4.41646 9 10
1130 -3.85358  4.28891 10 1
1131 -4.46492  3.97609 10 1
1132 -5.04247  3.60391 10 1
1133 -5.62497  3.23971 10 1
1134 -6.18669  2.84337 10 1
1135 -6.76478  2.47205 10 1
1136 -7.32132  2.06822 10 1
1137 -7.87638  1.66226 10 1
1138 -8.42707  1.25017 10 1
1139  -9.0025 0.874639 10 1
1140 -9.55519 0.465342 10 1
1141  -10.1265 0.0833767 10 1
1142  -10.6632 -0.347564 10 1
1143  -11.2367 -0.726075 10 1
1144 -11.8026 -1.11621 10 1
1145 -12.3912 -1.47024 10 1
1146 -12.9535 -1.86577 10 1
1147 -13.5401 -2.22327 10 1
1148 -14.1114 -2.60517 10 1
1149 -14.7045 -2.95149 10 1
1150 -15.2825 -3.32301 10 1
1151   -15.88 -3.66163 10 1
1152 -16.4609 -4.02846 10 1
1153 -17.0407  -4.3969 10 1
1154 -17.6147 -4.77478 10 1
1155 -18.1993 -5.13546 10 1
1156 -18.7784 -5.50513 10 1
1157 -19.3811 -5.83434 10 1
1158 -19.9658 -6.19496 10 1
1159 -20.5386 -6.57461 10 1
1160 -21.0981 -6.97414 10 1
1161 -21.6753 -7.34682 10 1
1162 -22.2247 -7.76072 10 1
1163 -22.7421 -8.21597 10 1
1164 -23.1406 -8.78672 10 1
1181 13.1921 -24.063 7 4
1182  12.7155 -24.5424 7 4
1183 12.1161 -24.827 7 4
1184 11.5354 -25.151 7 4
1185  10.9602 -25.4856 7 4
1186  10.4058 -25.8573 7 4
1187  9.82669 -26.1844 7 4
1188  9.26422 -26.5423 7 4
1189  8.68687 -26.8729 7 4
1190  8.12436 -27.2306 7 4
1191  7.55121 -27.5692 7 4
1192  6.99667 -27.9405 7 4
1193  6.43094 -28.2926 7 4
1194  5.87956 -28.6692 7 4
1195  5.31843 -29.0294 7 4
1196  4.75751 -29.3899 7 4
1197   4.1789 -29.7181 7 4
1198  3.61512 -30.0736 7 4
1199  3.04947 -30.4258 7 4
1200  2.50063 -30.8065 7 4
1201  1.9269 -31.144 7 4
1202  1.35988 -31.4938 7 4
1203  0.77945 -31.8184 7 4
1204 0.239319 -32.2129 7 4
1205 -0.326713  -32.5644 7 4
1206 -0.879246  -32.9391 7 4
1207 -1.45024 -33.2816 7 4
1208 -2.00556 -33.6517 7 4
1209 -2.58415 -33.9799 7 4
1210 -3.15283 -34.3267 7 4
1211 -3.72939 -34.6587 7 4
1212 -4.27894 -35.0383 7 4
1213 -4.83958 -35.3994 7 4
1214 -5.37537 -35.8005 7 4
1215 -5.93655 -36.1606 7 4
1216 -6.53986 -36.4361 7 4
1217 -7.14611 -36.0971 4 2
1218 -7.53543 -35.5407 4 2
1219 -7.81186 -34.9218 4 2
1220  -8.1849 -34.3548 4 2
1221 -8.51796 -33.7642 4 2
1222  -8.8749 -33.1874 4 2
1223 -9.19989 -32.5924 4 2
1224 -9.58815 -32.0353 4 2
1225 -9.95414 -31.4639 4 2
1226 -10.3429 -30.9071 4 2
1227  -10.716 -30.3401 4 2
1228  -11.106 -29.7842 4 2
1229 -11.4751 -29.2148 4 2
1230 -11.8769 -28.6669 4 2
1231  -12.268 -28.1116 4 2
1232 -12.6722 -27.5655 4 2
1233 -13.0497 -27.0013 4 2
1234 -13.4451  -26.449 4 2
1235 -13.8083 -25.8759 4 2
1236   -14.25 -25.3576 4 2
1237 -14.6262 -24.7927 4 2
1238 -15.0283  -24.245 4 2
1239  -15.379 -23.6645 4 2
1240 -15.7708 -23.1097 4 2
1241 -16.1434 -22.5424 4 2
1242 -16.5404 -21.9912 4 2
1243 -16.6342 -21.3158 4 2
1244 -16.0628 -20.8182 2 9
1245 -15.3752 -20.4564 2 9
1246 -14.6949  -20.084 2 9
1247 -14.0072 -19.7225 2 9
1248 -13.3352 -19.3384 2 9
1249 -12.6437 -18.9825 2 9
1250 -11.9708 -18.5997 2 9
1251   -11.28 -18.2427 2 9
1252 -10.6581 -17.7965 2 9
1253 -10.0058 -17.3864 2 9
1254  -9.3498 -16.9811 2 9
1255 -8.66182 -16.6199 2 9
1256  -8.0149 -16.2031 2 9
1257  -7.3465 -15.8141 2 9
1258  -6.6904 -15.4089 2 9
1259 -6.03044 -15.0087 2 9
1260 -5.36709 -14.6129 2 9
1261 -4.67546 -14.2572 2 9
1262 -4.01858  -13.853 2 9
1263 -3.34902 -13.4656 2 9
1264 -2.69221 -13.0613 2 9
1265 -2.04159 -12.6491 2 9
1266 -1.40533 -12.2194 2 9
1267 -0.763004   -11.797 2 9
1268 -0.130549  -11.3628 2 9
1269 0.522993 -10.9543 2 9
1270  1.17576 -10.5448 2 9
1271  1.85968 -10.1777 2 9
1272 2.52104 -9.7793 2 9
1273  3.18621 -9.38597 2 9
1274  3.83543 -8.97202 2 9
1275  4.50216 -8.58078 2 9
1276  5.12104 -8.13122 2 9
1277  5.61889 -7.57314 2 9
1278  5.61869 -6.82978 9 10
1279  5.24896 -6.21366 9 10
1280  4.77563 -5.67958 9 10
1281  4.34444 -5.10863 9 10
1282  3.91022 -4.54016 9 10
1283  3.51061 -3.94485 9 10
1284  3.04224 -3.40613 9 10
1285  2.60908 -2.83679 9 10
1286  2.16641 -2.27537 9 10
1287  1.74002 -1.70055 9 10
1288  1.29498 -1.14113 9 10
1289  0.879118 -0.558044 9 10
1290   0.434263 0.00152963 9 10
1291 0.00703716   0.575675 9 10
1292 -0.440089   1.13331 9 10
1293 -0.860539   1.71283 9 10
1294 -1.31631  2.26293 9 10
1295 -1.75292  2.82943 9 10
1296 -2.22258  3.36695 9 10
1297 -2.67976   3.9158 9 10
1298 -3.18037  4.42295 9 10
1299 -3.92814  4.50997 10 1
1300 -4.51915   4.1738 10 1
1301 -5.10149  3.82639 10 1
1302 -5.66511  3.45609 10 1
1303 -6.22383  3.08008 10 1
1304 -6.77331   2.6936 10 1
1305 -7.34435  2.33216 10 1
1306 -7.91707  1.97277 10 1
1307 -8.50289  1.62982 10 1
1308 -9.06407  1.25666 10 1
1309 -9.62639 0.884829 10 1
1310  -10.171 0.493026 10 1
1311 -10.7444 0.134427 10 1
1312  -11.3132 -0.229672 10 1
1313  -11.8891 -0.585183 10 1
1314  -12.4436 -0.966015 10 1
1315 -13.0275 -1.31142 10 1
1316  -13.584 -1.68999 10 1
1317  -14.157 -2.04907 10 1
1318 -14.6948 -2.44826 10 1
1319  -15.276 -2.79718 10 1
1320 -15.8121 -3.19812 10 1
1321 -16.3847 -3.55771 10 1
1322 -16.9319 -3.94676 10 1
1323 -17.5002 -4.31149 10 1
1324  -18.065 -4.68037 10 1
1325   -18.63 -5.04902 10 1
1326 -19.1706 -5.44519 10 1
1327 -19.7334 -5.81645 10 1
1328 -20.2625 -6.22484 10 1
1329  -20.821 -6.60106 10 1
1330 -21.3859 -6.96983 10 1
1331 -21.9586 -7.32927 10 1
1332  -22.494 -7.73098 10 1
1333  -22.988 -8.17327 10 1
1334 -23.1341 -8.79819 10 1
1350 -16.6333 -21.3203 2 9
1351 -16.4196 -20.6357 2 9
1352 -15.8191 -20.1896 2 9
1353 -15.1445 -19.8425 2 9
1354 -14.5089 -19.4392 2 9
1355 -13.8411 -19.0814 2 9
1356 -13.1927 -18.6954 2 9
1357  -12.529 -18.3315 2 9
1358 -11.8918 -17.9303 2 9
1359 -11.2202 -17.5785 2 9
1360 -10.6031  -17.152 2 9
1361 -9.96916 -16.7465 2 9
1362 -9.33724 -16.3385 2 9
1363 -8.68872 -15.9526 2 9
1364 -8.08251 -15.5132 2 9
1365 -7.42145 -15.1453 2 9
1366 -6.79176 -14.7344 2 9
1367 -6.13904 -14.3545 2 9
1368 -5.52692 -13.9219 2 9
1369 -4.86097 -13.5614 2 9
1370 -4.23824 -13.1417 2 9
1371 -3.58253  -12.766 2 9
1372 -2.95912 -12.3472 2 9
1373  -2.3005 -11.9758 2 9
1374 -1.66171 -11.5767 2 9
1375 -1.00448 -11.2033 2 9
1376 -0.368744  -10.8002 2 9
1377 0.298527 -10.4417 2 9
1378 0.937066 -10.0423 2 9
1379  1.62023 -9.70895 2 9
1380  2.26897 -9.32343 2 9
1381  2.96094 -9.00507 2 9
1382 3.60754 -8.6166 2 9
1383  4.28044 -8.26673 2 9
1384  4.90944 -7.85495 2 9
1385  5.62055 -7.57202 2 9
1386  6.36919 -7.96286 9 37
1387  6.88034 -8.61341 9 37
1388  7.40355 -9.25548 9 37
1389  7.93956 -9.88819 9 37
1390  8.55859 -10.4492 9 37
1391  9.29459 -10.3055 37 64
1392  9.86968 -9.81753 37 64
1393  10.4736 -9.36722 37 64
1394  11.0347 -8.86262 37 64
1395 11.6241 -8.3928 37 64
1396  12.2162 -7.92653 37 64
1397  12.8104 -7.46295 37 64
1398  13.3986 -6.99153 37 64
1399  13.9857 -6.51872 37 64
1400  14.4901 -5.95487 37 64
1401  14.8667 -5.29358 37 64
1402  14.5847 -4.59284 64 88
1403 14.1827  -3.956 64 88
1404  13.7258 -3.35831 64 88
1405  13.3169 -2.72593 64 88
1406  12.8692 -2.12117 64 88
1407  12.4511 -1.49512 64 88
1408   12.0166 -0.880498 64 88
1409    11.608 -0.248023 64 88
1410   11.157 0.354242 64 88
1411  10.6653 0.923149 64 88
1412 9.95237 1.16414 64 88
1413  9.20937 0.757863 88 89
1414   8.5371 0.248481 88 89
1415   7.85567 -0.249397 88 89
1416    7.1713 -0.743474 88 89
1417  6.46301 -1.20476 88 89
1418  5.75623 -1.66825 88 89
1419  5.05841 -2.14434 88 89
1420 4.31917 -2.5571 88 89
1434 -16.6332 -21.3203 2 9
1435 -16.3413 -20.6605 2 9
1436 -15.7765 -20.1758 2 9
1437 -15.1108 -19.8134 2 9
1438 -14.4535 -19.4387 2 9
1439 -13.7865 -19.0784 2 9
1440 -13.1408 -18.6874 2 9
1441 -12.4791 -18.3191 2 9
1442 -11.8343  -17.927 2 9
1443 -11.1581 -17.5808 2 9
1444 -10.5293 -17.1676 2 9
1445 -9.88447 -16.7755 2 9
1446 -9.27244 -16.3418 2 9
1447  -8.6396 -15.9338 2 9
1448 -8.02971 -15.4975 2 9
1449 -7.38617 -15.1036 2 9
1450 -6.76506 -14.6809 2 9
1451 -6.11158 -14.3007 2 9
1452 -5.48771 -13.8814 2 9
1453 -4.83102 -13.5058 2 9
1454 -4.20053 -13.0948 2 9
1455 -3.54645 -12.7155 2 9
1456 -2.91148 -12.3102 2 9
1457 -2.26681 -11.9178 2 9
1458  -1.6367 -11.5063 2 9
1459 -0.975431  -11.1374 2 9
1460 -0.343457  -10.7283 2 9
1461 0.312757  -10.352 2 9
1462 0.950189 -9.94998 2 9
1463 1.61673 -9.5889 2 9
1464  2.25233 -9.18447 2 9
1465  2.91187 -8.81301 2 9
1466  3.54795 -8.40921 2 9
1467  4.19499 -8.02008 2 9
1468   4.8332 -7.61906 2 9
1469   5.6208 -7.57164 2 9
1470  6.28975 -8.07789 9 37
1471  6.79226 -8.73088 9 37
1472 7.31805  -9.368 9 37
1473  7.84026 -10.0076 9 37
1474  8.55826 -10.4499 9 37
1475   9.2319 -10.1295 37 64
1476  9.82204 -9.67126 37 64
1477  10.4177 -9.22041 37 64
1478  10.9915 -8.74131 37 64
1479  11.5853 -8.28787 37 64
1480  12.1482 -7.79562 37 64
1481  12.7512 -7.35494 37 64
1482  13.3394 -6.89407 37 64
1483  13.9394 -6.44909 37 64
1484  14.4945 -5.94786 37 64
1485  14.8666 -5.29306 37 64
1486   14.614 -4.57449 64 88
1487 14.2233 -3.9233 64 88
1488  13.7681 -3.31657 64 88
1489  13.3671 -2.67192 64 88
1490   12.951 -2.03714 64 88
1491 12.5443 -1.3961 64 88
1492   12.1037 -0.778488 64 88
1493   11.6807 -0.148371 64 88
1494  11.2134 0.448858 64 88
1495 10.6957 1.00233 64 88
1496 9.95684 1.17478 64 88
1497  9.25703 0.838556 88 89
1498  8.60858 0.428493 88 89
1499   7.96194 0.0161477 88 89
1500   7.32313 -0.405933 88 89
1501   6.65643 -0.791792 88 89
1502  5.99975 -1.19117 88 89
1503  5.33185 -1.57536 88 89
1504  4.63287 -1.91295 88 89
1505  4.31523 -2.56831 88 89
1520 -16.6334 -21.3203 2 9
1521 -16.2691 -20.6946 2 9
1522 -15.6472 -20.2784 2 9
1523 -14.9681 -19.9441 2 9
1524 -14.3225 -19.5592 2 9
1525 -13.6555 -19.2055 2 9
1526 -13.0141 -18.8148 2 9
1527 -12.3715 -18.4257 2 9
1528 -11.7495 -18.0097 2 9
1529 -11.1159 -17.6084 2 9
1530 -10.4852 -17.2034 2 9
1531 -9.83253 -16.8285 2 9
1532 -9.21307 -16.4092 2 9
1533 -8.56454 -16.0284 2 9
1534  -7.9405 -15.6148 2 9
1535 -7.29521 -15.2294 2 9
1536  -6.6957 -14.7864 2 9
1537 -6.06536  -14.381 2 9
1538 -5.42474 -13.9892 2 9
1539 -4.76621 -13.6228 2 9
1540 -4.12698 -13.2291 2 9
1541 -3.49275 -12.8287 2 9
1542 -2.85569 -12.4321 2 9
1543 -2.18898 -12.0781 2 9
1544 -1.53796 -11.7008 2 9
1545 -0.874401  -11.3419 2 9
1546 -0.234272  -10.9494 2 9
1547 0.429542 -10.5909 2 9
1548  1.07106 -10.2004 2 9
1549  1.73699 -9.84512 2 9
1550  2.36339 -9.43459 2 9
1551   3.0036 -9.04223 2 9
1552  3.63289 -8.63541 2 9
1553  4.27507 -8.24574 2 9
1554  4.89013 -7.82107 2 9
1555  5.61372 -7.57136 2 9
1556  6.21335 -7.96535 9 37
1557  6.57457 -8.60996 9 37
1558  6.97121 -9.22958 9 37
1559 7.36503 -9.8513 9 37
1560  7.86051 -10.3829 9 37
1561  8.56633 -10.4522 9 37
1562  9.19774 -10.0355 37 64
1563  9.81146 -9.59685 37 64
1564  10.3953 -9.12458 37 64
1565 10.9949 -8.6696 37 64
1566  11.5892 -8.20869 37 64
1567  12.2155 -7.78549 37 64
1568  12.8166 -7.33218 37 64
1569   13.444 -6.91034 37 64
1570  14.0284 -6.43869 37 64
1571  14.6176 -5.97219 37 64
1572  14.8632 -5.28928 37 64
1573  14.4484 -4.59159 64 88
1574  13.9069 -3.98826 64 88
1575  13.4278 -3.33343 64 88
1576  12.9604 -2.67014 64 88
1577  12.4951 -2.00537 64 88
1578  12.0148 -1.35146 64 88
1579   11.5458 -0.689324 64 88
1580    11.0654 -0.0354498 64 88
1581  10.5677 0.605112 64 88
1582 9.97529 1.15727 64 88
1583  9.29088 0.970324 88 89
1584   8.7487 0.471148 88 89
1585    8.21435 -0.0381771 88 89
1586   7.66933 -0.533588 88 89
1587  7.10921 -1.00814 88 89
1588  6.54532 -1.47725 88 89
1589   5.9822 -1.94748 88 89
1590  5.42944 -2.43238 88 89
1591   4.8885 -2.93318 88 89
1592 4.30097 -2.5559 88 89
1606 -16.6334 -21.3202 2 9
1607 -16.3131 -20.6715 2 9
1608 -15.7151 -20.2232 2 9
1609 -15.0354 -19.8858 2 9
1610 -14.3983 -19.4856 2 9
1611 -13.7444 -19.1085 2 9
1612 -13.1295 -18.6802 2 9
1613 -12.4806  -18.296 2 9
1614  -11.852 -17.8847 2 9
1615 -11.1929 -17.5153 2 9
1616 -10.5795 -17.0851 2 9
1617 -9.92268 -16.7123 2 9
1618 -9.27225 -16.3303 2 9
1619 -8.62242 -15.9475 2 9
1620  -7.9988 -15.5298 2 9
1621 -7.32964 -15.1756 2 9
1622 -6.69414 -14.7733 2 9
1623 -6.05882 -14.3707 2 9
1624  -5.4215 -13.9707 2 9
1625 -4.77763 -13.5796 2 9
1626 -4.16119 -13.1531 2 9
1627 -3.50763 -12.7756 2 9
1628 -2.85833 -12.3921 2 9
1629 -2.19617 -12.0272 2 9
1630 -1.55433 -11.6333 2 9
1631 -0.883276   -11.282 2 9
1632 -0.252235  -10.8738 2 9
1633 0.417792  -10.521 2 9
1634  1.04797 -10.1116 2 9
1635  1.70902 -9.74509 2 9
1636  2.33231 -9.32703 2 9
1637    2.973 -8.93162 2 9
1638  3.58666 -8.50172 2 9
1639 4.22609 -8.1046 2 9
1640  4.8496 -7.6868 2 9
1641  5.62116 -7.57114 2 9
1642  6.30207 -8.05653 9 37
1643  6.82696 -8.68558 9 37
1644  7.37171 -9.30035 9 37
1645  7.94626 -9.89183 9 37
1646  8.55836 -10.4504 9 37
1647  9.30018 -10.3212 37 64
1648   9.8695 -9.82913 37 64
1649    10.43 -9.32687 37 64
1650  10.9913 -8.82548 37 64
1651  11.5827 -8.36072 37 64
1652  12.1541 -7.87108 37 64
1653 12.7371 -7.3956 37 64
1654  13.3006 -6.89682 37 64
1655 13.8908 -6.4304 37 64
1656  14.4404 -5.91598 37 64
1657  14.8669 -5.29304 37 64
1658  14.6553 -4.56531 64 88
1659  14.2383 -3.94166 64 88
1660  13.7824 -3.34741 64 88
1661  13.3254 -2.75408 64 88
1662  12.8583 -2.16913 64 88
1663  12.4043 -1.57337 64 88
1664   11.9545 -0.974306 64 88
1665   11.5357 -0.351859 64 88
1666  11.0987 0.257154 64 88
1667  10.6202 0.832374 64 88
1668 9.95864 1.17219 64 88
1669  9.25404 0.878081 88 89
1670  8.64501 0.435472 88 89
1671  8.01594 0.018447 88 89
1672   7.39194 -0.405256 88 89
1673   6.75499 -0.811583 88 89
1674  6.12047 -1.22124 88 89
1675  5.49787 -1.64676 88 89
1676  4.93354 -2.13949 88 89
1677   4.3115 -2.56574 88 89
1693 -16.6335 -21.3203 2 9
1694 -16.0704 -20.8406 2 9
1695 -15.4284 -20.4535 2 9
1696 -14.7946 -20.0552 2 9
1697 -14.1451 -19.6785 2 9
1698 -13.5255 -19.2619 2 9
1699 -12.8694 -18.8946 2 9
1700  -12.238 -18.4932 2 9
1701 -11.5872 -18.1184 2 9
1702  -10.954 -17.7193 2 9
1703 -10.2844 -17.3726 2 9
1704 -9.65514 -16.9684 2 9
1705 -8.98983 -16.6151 2 9
1706 -8.33731 -16.2427 2 9
1707 -7.65641 -15.9144 2 9
1708 -7.04319   -15.49 2 9
1709 -6.37929 -15.1345 2 9
1710 -5.74687 -14.7344 2 9
1711 -5.07924 -14.3847 2 9
1712 -4.43874 -13.9954 2 9
1713 -3.77651 -13.6374 2 9
1714 -3.19399 -13.1779 2 9
1715 -2.52351 -12.8327 2 9
1716 -1.87764 -12.4508 2 9
1717 -1.21501 -12.0934 2 9
1718 -0.629736  -11.6369 2 9
1719 0.0178946  -11.2575 2 9
1720 0.655986  -10.865 2 9
1721  1.30133 -10.4824 2 9
1722 1.90873 -10.051 2 9
1723  2.53583 -9.64391 2 9
1724   3.1155 -9.18135 2 9
1725  3.73371 -8.76305 2 9
1726  4.30259 -8.28921 2 9
1727  4.92472 -7.87583 2 9
1728  5.62011 -7.57293 2 9
1729  6.39478 -7.90303 9 37
1730  6.93086 -8.54507 9 37
1731  7.42671 -9.21653 9 37
1732  7.9612 -9.8598 9 37
1733  8.55746 -10.4497 9 37
1734  9.26692 -10.4952 37 64
1735  9.84996 -10.1033 37 64
1736  10.3756 -9.63421 37 64
1737  10.9455 -9.22274 37 64
1738  11.4784 -8.76235 37 64
1739   12.045 -8.34629 37 64
1740  12.5704 -7.87686 37 64
1741  13.1157 -7.43204 37 64
1742  13.6325 -6.95259 37 64
1743  14.1694 -6.49712 37 64
1744  14.6566 -5.98574 37 64
1745  14.8671 -5.29206 37 64
1746  14.4031 -4.67044 64 86
1747  13.9133 -4.06831 64 86
1748  13.4041 -3.48202 64 86
1749 12.9217 -2.8742 64 86
1750  12.3919 -2.30584 64 86
1751 11.9268  -1.685 64 86
1752  11.4012 -1.11301 64 86
1753   10.9321 -0.495068 64 86
1754   10.4064 0.0769176 64 86
1755  9.90714 0.671405 64 86
1756  9.3704 1.23333 64 86
1757 8.89045 1.84309 64 86
1758 8.37597 2.42489 64 86
1759 7.87315 3.01649 64 86
1760   7.364 3.60281 64 86
1761 6.71873 4.04021 64 86
1762 5.89221 3.58444 86 87
1763 5.15243 2.99973 86 87
1764 4.45767 2.36521 86 87
1765 3.72311 1.77426 86 87
1766  3.0288 1.13928 86 87
1767  2.35938 0.480177 86 87
1780 -16.6335   -21.32 2 9
1781 -16.4283 -20.6284 2 9
1782 -15.8277 -20.1819 2 9
1783 -15.1654 -19.8169 2 9
1784 -14.5151 -19.4343 2 9
1785 -13.844 -19.083 2 9
1786  -13.194 -18.6997 2 9
1787 -12.5208 -18.3518 2 9
1788 -11.8551  -17.992 2 9
1789  -11.187 -17.6361 2 9
1790 -10.5212 -17.2764 2 9
1791  -9.8347 -16.9507 2 9
1792 -9.18127 -16.5725 2 9
1793  -8.5102 -16.2212 2 9
1794 -7.88069 -15.8101 2 9
1795 -7.20816 -15.4611 2 9
1796 -6.55648 -15.0804 2 9
1797 -5.88113 -14.7359 2 9
1798 -5.24584 -14.3325 2 9
1799 -4.58718  -13.962 2 9
1800 -3.97103  -13.534 2 9
1801 -3.32427 -13.1463 2 9
1802 -2.71005 -12.7159 2 9
1803 -2.06152 -12.3307 2 9
1804 -1.42487 -11.9291 2 9
1805 -0.766027  -11.5589 2 9
1806 -0.154923  -11.1248 2 9
1807 0.494284 -10.7405 2 9
1808  1.12994 -10.3376 2 9
1809  1.77789 -9.95152 2 9
1810 2.40341 -9.5353 2 9
1811  3.06505 -9.16931 2 9
1812  3.6966 -8.7609 2 9
1813  4.33296 -8.35889 2 9
1814  4.94481 -7.92564 2 9
1815  5.61395 -7.57124 2 9
1816  6.20632 -7.97336 9 37
1817  6.56418 -8.61339 9 37
1818  6.99289 -9.20142 9 37
1819  7.40501 -9.80276 9 37
1820 7.86127 -10.367 9 37
1821  8.56734 -10.4531 9 37
1822  9.19465 -10.0108 37 64
1823  9.83175 -9.57974 37 64
1824  10.4639 -9.14292 37 64
1825  11.1178 -8.73237 37 64
1826  11.7683 -8.31743 37 64
1827  12.4123 -7.89455 37 64
1828  13.0328 -7.44467 37 64
1829 13.6629 -7.0056 37 64
1830  14.2599 -6.53092 37 64
1831  14.7861 -5.99321 37 64
1832  14.8638 -5.28884 37 64
1833  14.4135 -4.64539 64 86
1834  13.8962 -4.06001 64 86
1835 13.4173 -3.4398 64 86
1836  12.9103 -2.84463 64 86
1837  12.3958 -2.25663 64 86
1838 11.8539 -1.6963 64 86
1839  11.3576 -1.09135 64 86
1840    10.846 -0.500478 64 86
1841  10.3805 0.130911 64 86
1842  9.88869 0.739909 64 86
1843 9.42471 1.37255 64 86
1844 8.94434 1.99155 64 86
1845 8.49148 2.63302 64 86
1846  7.9949 3.23777 64 86
1847 7.47767 3.82315 64 86
1848 6.75396 4.06246 64 86
1849 6.14261 3.66365 86 87
1850  5.6251 3.15098 86 87
1851 5.09111 2.65535 86 87
1852 4.56551 2.15093 86 87
1853 4.05023 1.63604 86 87
1854 3.55886 1.09836 86 87
1855  3.04126 0.585798 86 87
1856   2.3159 0.448863 86 87
1869 -16.6325 -21.3199 2 9
1870 -16.1301 -20.7601 2 9
1871  -15.463 -20.3702 2 9
1872 -14.8155 -19.9539 2 9
1873 -14.1323 -19.5875 2 9
1874 -13.4834 -19.1731 2 9
1875 -12.8009 -18.8056 2 9
1876 -12.1374 -18.4106 2 9
1877 -11.4399 -18.0668 2 9
1878 -10.7652 -17.6878 2 9
1879 -10.0698 -17.3405 2 9
1880 -9.42255 -16.9239 2 9
1881 -8.74592 -16.5477 2 9
1882 -8.09814 -16.1317 2 9
1883 -7.43435 -15.7372 2 9
1884 -6.79445 -15.3112 2 9
1885 -6.12231 -14.9284 2 9
1886 -5.49521  -14.487 2 9
1887 -4.82606 -14.0999 2 9
1888 -4.18228 -13.6789 2 9
1889 -3.50929 -13.2973 2 9
1890 -2.84598 -12.9021 2 9
1891 -2.16199 -12.5369 2 9
1892 -1.51649  -12.118 2 9
1893 -0.860759  -11.7125 2 9
1894 -0.232745  -11.2721 2 9
1895 0.435289 -10.8835 2 9
1896 1.08111 -10.465 2 9
1897  1.74824 -10.0751 2 9
1898  2.35744 -9.61319 2 9
1899  3.01971 -9.21655 2 9
1900   3.6472 -8.77552 2 9
1901  4.3006 -8.3669 2 9
1902  4.90751 -7.90246 2 9
1903  5.61229 -7.57085 2 9
1904  6.24055 -7.87376 9 37
1905  6.64654 -8.46029 9 37
1906  7.06734 -9.03471 9 37
1907  7.45541 -9.63509 9 37
1908  7.93685 -10.1529 9 37
1909  8.56655 -10.4527 9 37
1910 9.21689 -10.062 37 64
1911   9.8382 -9.63247 37 64
1912 10.4323 -9.1707 37 64
1913  11.0466 -8.73246 37 64
1914  11.6371 -8.26671 37 64
1915   12.252 -7.82925 37 64
1916  12.8513 -7.37334 37 64
1917  13.4634 -6.93249 37 64
1918  14.0441 -6.45611 37 64
1919  14.6244 -5.97926 37 64
1920  14.8642 -5.29046 37 64
1921  14.4779 -4.61044 64 86
1922  13.9486 -4.03694 64 86
1923  13.4621 -3.42596 64 86
1924 12.9773 -2.8137 64 86
1925  12.5126 -2.18569 64 86
1926  12.0219 -1.57822 64 86
1927    11.539 -0.964331 64 86
1928   11.0246 -0.377177 64 86
1929  10.5307 0.227688 64 86
1930  10.0232 0.820984 64 86
1931 9.54227 1.43636 64 86
1932 9.03325  2.0283 64 86
1933 8.56504 2.65363 64 86
1934 8.03728 3.22861 64 86
1935  7.4777 3.77208 64 86
1936  6.7595 4.06961 64 86
1937 6.12616 3.71355 86 87
1938 5.63259 3.18589 86 87
1939 5.11914 2.67721 86 87
1940 4.58808 2.18654 86 87
1941 4.04136 1.71291 86 87
1942 3.52721 1.20493 86 87
1943   2.994 0.71654 86 87
1944  2.31578 0.446975 86 87
1958 -16.6332 -21.3206 2 9
1959 -16.1266 -20.7898 2 9
1960 -15.4533 -20.4451 2 9
1961 -14.8329 -20.0275 2 9
1962 -14.1854 -19.6449 2 9
1963 -13.5718 -19.2191 2 9
1964 -12.9025 -18.8682 2 9
1965 -12.2762  -18.458 2 9
1966 -11.6197 -18.0881 2 9
1967 -11.0087 -17.6591 2 9
1968 -10.3573 -17.2821 2 9
1969 -9.75019 -16.8486 2 9
1970 -9.09345 -16.4791 2 9
1971 -8.47223 -16.0625 2 9
1972  -7.8236 -15.6816 2 9
1973 -7.20832 -15.2577 2 9
1974 -6.55601 -14.8819 2 9
1975 -5.95426 -14.4423 2 9
1976 -5.31001 -14.0554 2 9
1977 -4.69338 -13.6332 2 9
1978 -4.05267 -13.2415 2 9
1979 -3.45261 -12.7999 2 9
1980 -2.79255 -12.4353 2 9
1981 -2.15355 -12.0413 2 9
1982 -1.50479 -11.6605 2 9
1983 -0.87884 -11.2498 2 9
1984 -0.220759  -10.8822 2 9
1985  0.41313 -10.4815 2 9
1986  1.07597 -10.1209 2 9
1987  1.67598 -9.67936 2 9
1988  2.29782 -9.26349 2 9
1989  2.91892 -8.84671 2 9
1990  3.55802 -8.45288 2 9
1991  4.17442 -8.03038 2 9
1992  4.84596 -7.68295 2 9
1993  5.61972 -7.57204 2 9
1994  6.30908 -8.03814 9 37
1995  6.86067 -8.65278 9 37
1996  7.36374 -9.30458 9 37
1997   7.9327 -9.90437 9 37
1998  8.55874 -10.4484 9 37
1999  9.28748 -10.3198 37 64
2000  9.84401 -9.81142 37 64
2001  10.3949 -9.29637 37 64
2002   10.989 -8.83673 37 64
2003  11.5554 -8.34042 37 64
2004  12.1325 -7.85762 37 64
2005  12.6858 -7.34546 37 64
2006  13.2816 -6.88817 37 64
2007  13.8505 -6.39492 37 64
2008  14.4371 -5.92496 37 64
2009  14.8652 -5.29429 37 64
2010  14.5823 -4.57957 64 86
2011    14.05 -4.00835 64 86
2012  13.5512 -3.41004 64 86
2013  13.0376 -2.82336 64 86
2014   12.556 -2.21228 64 86
2015  12.0232 -1.64154 64 86
2016  11.5336 -1.03627 64 86
2017   11.0158 -0.453001 64 86
2018  10.5313 0.155986 64 86
2019  10.0105 0.736836 64 86
2020 9.52948  1.3483 64 86
2021 9.01162 1.93156 64 86
2022 8.55359 2.55898 64 86
2023 8.02004 3.12911 64 86
2024 7.46758 3.68245 64 86
2025 6.77554 4.06565 64 86
2026 6.12414 3.77023 86 87
2027 5.62317 3.24113 86 87
2028 5.10021 2.73659 86 87
2029 4.56704 2.24423 86 87
2030 4.00378 1.79088 86 87
2031 3.45454 1.31871 86 87
2032 2.92797 0.81842 86 87
2033  2.30729 0.457615 86 87
2048  -16.633 -21.3205 2 9
2049 -16.3809 -20.6509 2 9
2050 -15.7895 -20.1947 2 9
2051 -15.1333  -19.818 2 9
2052 -14.5023 -19.4078 2 9
2053 -13.8546 -19.0193 2 9
2054 -13.2368 -18.5928 2 9
2055 -12.5736 -18.2261 2 9
2056 -11.9488 -17.8082 2 9
2057 -11.2952 -17.4278 2 9
2058 -10.6588 -17.0244 2 9
2059 -10.0015 -16.6492 2 9
2060  -9.3862 -16.2199 2 9
2061   -8.726 -15.8488 2 9
2062  -8.1078 -15.4229 2 9
2063 -7.45745  -15.038 2 9
2064 -6.82636 -14.6279 2 9
2065 -6.18356 -14.2328 2 9
2066 -5.55766 -13.8163 2 9
2067  -4.8974 -13.4453 2 9
2068 -4.25893 -13.0446 2 9
2069 -3.62432 -12.6389 2 9
2070 -3.01234 -12.2056 2 9
2071 -2.36496 -11.8167 2 9
2072 -1.71822  -11.427 2 9
2073 -1.04949 -11.0684 2 9
2074 -0.41058 -10.6682 2 9
2075 0.258718 -10.3105 2 9
2076  0.91893 -9.93945 2 9
2077  1.59175 -9.58704 2 9
2078  2.24347 -9.20406 2 9
2079  2.93208 -8.87675 2 9
2080   3.5862 -8.49709 2 9
2081  4.23387 -8.10858 2 9
2082  4.84155 -7.67037 2 9
2083  5.62199 -7.56985 2 9
2084  6.28037 -8.08735 9 37
2085  6.81707 -8.70551 9 37
2086  7.35809 -9.32075 9 37
2087 7.88554  -9.945 9 37
2088  8.55619 -10.4498 9 37
2089  9.25817 -10.2352 37 64
2090  9.84098 -9.76341 37 64
2091   10.444 -9.32167 37 64
2092  11.0089 -8.82557 37 64
2093  11.5778 -8.33476 37 64
2094 12.1579 -7.8592 37 64
2095  12.7565 -7.41059 37 64
2096  13.3457 -6.94789 37 64
2097 13.9293 -6.4773 37 64
2098  14.4672 -5.94803 37 64
2099  14.8692 -5.29419 37 64
2100   14.697 -4.55613 64 73
2101  14.2893 -3.93867 64 73
2102    13.85 -3.34623 64 73
2103  13.4539 -2.72027 64 73
2104  13.0343 -2.11197 64 73
2105  12.6712 -1.46341 64 73
2106   12.2566 -0.851192 64 73
2107   11.8753 -0.214853 64 73
2108  11.4454 0.385346 64 73
2109 11.0508 1.01236 64 73
2110 10.6382 1.62608 64 73
2111 10.2546 2.26091 64 73
2112 9.82532 2.86155 64 73
2113 9.39918 3.46471 64 73
2114 8.98599 4.07799 64 73
2115 8.57534  4.6932 64 73
2116 8.14167 5.29027 64 73
2117 7.75513 5.92304 64 73
2118 7.34248 6.53672 64 73
2119 6.95552  7.1692 64 73
2120 6.51905 7.76397 64 73
2121  5.8277 7.96514 64 73
2122 5.18085 7.50323 73 85
2123 4.58071  6.9792 73 85
2124 3.98597 6.44875 73 85
2125 3.36441 5.95163 73 85
2126 2.76536 5.42629 73 85
2127 2.15643   4.913 73 85
2128 1.55579 4.38958 73 85
2129 0.847187  4.03696 73 85
2130 0.0960853   4.22544 73 85
2143 -16.6321 -21.3203 2 9
2144 -16.1777 -20.7304 2 9
2145 -15.5352 -20.3066 2 9
2146 -14.8732 -19.9078 2 9
2147 -14.2228 -19.4937 2 9
2148 -13.5467 -19.1142 2 9
2149 -12.8933  -18.704 2 9
2150 -12.2192 -18.3215 2 9
2151 -11.5431 -17.9419 2 9
2152 -10.8697 -17.5584 2 9
2153 -10.2288 -17.1327 2 9
2154 -9.55006 -16.7569 2 9
2155 -8.90182 -16.3402 2 9
2156 -8.22288 -15.9646 2 9
2157 -7.57357 -15.5493 2 9
2158 -6.90484 -15.1594 2 9
2159 -6.25923 -14.7394 2 9
2160 -5.58282 -14.3603 2 9
2161 -4.96317 -13.9098 2 9
2162 -4.29512  -13.519 2 9
2163 -3.65971 -13.0867 2 9
2164 -3.01842 -12.6614 2 9
2165 -2.36947 -12.2456 2 9
2166  -1.6823 -11.8821 2 9
2167 -1.02917 -11.4716 2 9
2168 -0.344729   -11.104 2 9
2169 0.308969 -10.6943 2 9
2170 0.995646   -10.33 2 9
2171  1.65734 -9.93065 2 9
2172  2.32347 -9.53723 2 9
2173 2.97548 -9.1253 2 9
2174  3.64238 -8.73293 2 9
2175  4.25192 -8.27142 2 9
2176  4.85502 -7.80308 2 9
2177  5.61262 -7.57018 2 9
2178  6.19143 -7.98042 9 37
2179  6.63722 -8.54044 9 37
2180  7.01606 -9.15259 9 37
2181  7.42963 -9.73916 9 37
2182  7.87284 -10.3014 9 37
2183  8.56652 -10.4494 9 37
2184   9.2158 -9.95456 37 64
2185   9.8671 -9.46239 37 64
2186  10.5135 -8.96373 37 64
2187  11.1489 -8.45084 37 64
2188 11.8049 -7.9651 37 64
2189  12.4408 -7.45282 37 64
2190  13.0774 -6.94151 37 64
2191  13.7296 -6.45044 37 64
2192   14.368 -5.94146 37 64
2193  14.8653 -5.29348 37 64
2194  14.6283 -4.54891 64 73
2195  14.1891 -3.91974 64 73
2196  13.7641 -3.27972 64 73
2197  13.2909 -2.67896 64 73
2198  12.8469 -2.05369 64 73
2199   12.401 -1.42989 64 73
2200   12.0035 -0.770017 64 73
2201   11.5625 -0.142252 64 73
2202  11.1545 0.510303 64 73
2203 10.7048 1.13096 64 73
2204 10.2879 1.77712 64 73
2205 9.87781 2.42814 64 73
2206 9.48719 3.09269 64 73
2207 9.04102 3.71627 64 73
2208 8.62841  4.3655 64 73
2209 8.17031 4.97924 64 73
2210 7.72872 5.60649 64 73
2211 7.27972 6.22777 64 73
2212 6.87848 6.88507 64 73
2213 6.41281 7.49235 64 73
2214 5.82798 7.97057 64 73
2215 5.08444 7.73423 73 85
2216 4.44692 7.30642 73 85
2217 3.85139 6.82759 73 85
2218 3.23169 6.37705 73 85
2219 2.62294 5.91336 73 85
2220 1.99164 5.47741 73 85
2221 1.41039  4.9831 73 85
2222 0.820762  4.49777 73 85
2223 0.0996021   4.20874 73 85
2237 -16.6324 -21.3198 2 9
2238 -16.2802 -20.6693 2 9
2239 -15.6259 -20.2586 2 9
2240 -14.9659 -19.8554 2 9
2241 -14.2911 -19.4729 2 9
2242 -13.6416 -19.0558 2 9
2243 -12.9608 -18.6822 2 9
2244 -12.3177  -18.257 2 9
2245 -11.6298 -17.8941 2 9
2246 -10.9827  -17.474 2 9
2247 -10.3117  -17.086 2 9
2248 -9.65963 -16.6723 2 9
2249 -8.98091 -16.2955 2 9
2250 -8.34066 -15.8668 2 9
2251 -7.65768 -15.4963 2 9
2252 -7.00787 -15.0797 2 9
2253 -6.32083 -14.7154 2 9
2254 -5.66368 -14.3084 2 9
2255 -5.00604 -13.9021 2 9
2256 -4.36731 -13.4715 2 9
2257 -3.69128 -13.0908 2 9
2258 -3.02832 -12.6916 2 9
2259 -2.33813 -12.3322 2 9
2260 -1.68441 -11.9207 2 9
2261 -0.993976  -11.5616 2 9
2262 -0.346643  -11.1418 2 9
2263 0.320027 -10.7478 2 9
2264 0.95279  -10.31 2 9
2265  1.63577 -9.93952 2 9
2266  2.28594 -9.52337 2 9
2267  2.96936 -9.15357 2 9
2268  3.61004 -8.72539 2 9
2269  4.27281 -8.32599 2 9
2270  4.88984 -7.86984 2 9
2271  5.61734 -7.57534 2 9
2272  6.38221 -7.88143 9 37
2273  6.92045 -8.53258 9 37
2274  7.43309 -9.20531 9 37
2275  7.93358 -9.88764 9 37
2276  8.56234 -10.4445 9 37
2277  9.33611 -10.2176 37 64
2278 9.96822 -9.6908 37 64
2279 10.5992 -9.1626 37 64
2280  11.2195 -8.62081 37 64
2281  11.8444 -8.08477 37 64
2282 12.4392 -7.5131 37 64
2283  13.0731 -6.98868 37 64
2284  13.7033 -6.45943 37 64
2285 14.3298 -5.9255 37 64
2286  14.8654 -5.29446 37 64
2287  14.7845 -4.50593 64 73
2288  14.3467 -3.86985 64 73
2289   13.909 -3.23358 64 73
2290  13.4512 -2.61334 64 73
2291   13.065 -1.94077 64 73
2292  12.6152 -1.31406 64 73
2293   12.1931 -0.666151 64 73
2294    11.7366 -0.0448354 64 73
2295  11.3066 0.597222 64 73
2296 10.8326 1.20377 64 73
2297 10.4119 1.85272 64 73
2298 9.95315 2.47217 64 73
2299 9.53513 3.12301 64 73
2300  9.0942 3.75675 64 73
2301 8.67959 4.41003 64 73
2302  8.2599 5.05967 64 73
2303 7.87248 5.73143 64 73
2304 7.42298 6.35841 64 73
2305 6.97878 6.98959 64 73
2306 6.47772 7.57154 64 73
2307 5.83083  7.9636 64 73
2308 5.12894 7.61222 73 85
2309 4.49189 7.15035 73 85
2310 3.90294  6.6269 73 85
2311 3.29276 6.12907 73 85
2312   2.701 5.60888 73 85
2313 2.10345 5.09554 73 85
2314  1.5242 4.56107 73 85
2315 0.867306  4.12884 73 85
2316 0.0956346   4.22254 73 85
2333  -16.632 -21.3205 2 9
2334 -16.1642 -20.7419 2 9
2335 -15.5616 -20.2749 2 9
2336 -14.9147 -19.8578 2 9
2337 -14.2839 -19.4216 2 9
2338 -13.6043 -19.0479 2 9
2339 -12.9531 -18.6361 2 9
2340 -12.2951 -18.2331 2 9
2341 -11.6627 -17.7987 2 9
2342 -10.9873  -17.419 2 9
2343 -10.3398 -17.0027 2 9
2344 -9.64762 -16.6473 2 9
2345 -9.01062 -16.2183 2 9
2346 -8.33723 -15.8358 2 9
2347 -7.66779 -15.4479 2 9
2348 -7.00064 -15.0569 2 9
2349 -6.3756 -14.614 2 9
2350 -5.70328 -14.2301 2 9
2351  -5.0582 -13.8108 2 9
2352  -4.4026 -13.4046 2 9
2353 -3.76732 -12.9736 2 9
2354 -3.09585 -12.5885 2 9
2355 -2.44433 -12.1772 2 9
2356 -1.77394 -11.7905 2 9
2357 -1.11307 -11.3912 2 9
2358 -0.433574  -11.0173 2 9
2359 0.227775 -10.6186 2 9
2360 0.926193 -10.2728 2 9
2361  1.59023 -9.87767 2 9
2362  2.27698 -9.51423 2 9
2363  2.95088 -9.13244 2 9
2364  3.62275 -8.74785 2 9
2365  4.26387 -8.32375 2 9
2366  4.90711 -7.90222 2 9
2367  5.61332 -7.56893 2 9
2368  6.30055 -7.77545 9 37
2369  6.75341 -8.32275 9 37
2370  7.12451 -8.93028 9 37
2371  7.53854 -9.50824 9 37
2372  7.95406 -10.0851 9 37
2373  8.56419 -10.4519 9 37
2374  9.25493 -10.1295 37 64
2375  9.86493 -9.67305 37 64
2376  10.5007 -9.25319 37 64
2377  11.1176 -8.80613 37 64
2378  11.7428 -8.37072 37 64
2379  12.3443 -7.90308 37 64
2380  12.9583 -7.45209 37 64
2381  13.5907 -7.02722 37 64
2382  14.2127 -6.58719 37 64
2383 14.7545 -6.0514 37 64
2384  14.8658 -5.29272 37 64
2385 14.4735 -4.6328 64 73
2386  14.0631 -3.98447 64 73
2387  13.6189 -3.35966 64 73
2388  13.1782 -2.73229 64 73
2389  12.7283 -2.11168 64 73
2390  12.2784 -1.49117 64 73
2391   11.8246 -0.873561 64 73
2392   11.4183 -0.222465 64 73
2393  10.9783 0.405386 64 73
2394 10.5749  1.0583 64 73
2395 10.1395 1.68953 64 73
2396 9.77329 2.36491 64 73
2397 9.35575 3.00851 64 73
2398 8.98128 3.67917 64 73
2399 8.55414 4.31619 64 73
2400 8.16695 4.97925 64 73
2401 7.74792 5.62185 64 73
2402 7.32738 6.26343 64 73
2403 6.89679 6.89804 64 73
2404  6.4578 7.52665 64 73
2405 5.83489 7.96733 64 73
2406 5.12975 7.66306 73 85
2407 4.49844 7.22198 73 85
2408 3.87328 6.77195 73 85
2409 3.26927 6.29301 73 85
2410 2.65308 5.83038 73 85
2411 2.04425 5.35779 73 85
2412  1.4467 4.87055 73 85
2413 0.837848  4.39799 73 85
2414 0.0921888   4.22025 73 85
2433  26.6242 -21.0907 42 41
2434  25.9564 -21.5255 42 41
2435  25.2546 -21.9076 42 41
2436  24.5909 -22.3481 42 41
2437  23.9193 -22.7776 42 41
2438  23.2618 -23.2267 42 41
2439  22.6034 -23.6746 42 41
2440 21.9661  -24.15 42 41
2441    21.29 -24.5728 42 41
2442 20.6318 -25.021 42 41
2443 19.9403  -25.42 42 41
2444  19.1397 -25.5229 42 41
2445  18.6301 -24.9454 41 37
2446  18.2335 -24.2875 41 37
2447  17.8656 -23.6135 41 37
2448   17.473 -22.9532 41 37
2449  17.0937 -22.2854 41 37
2450  16.6768 -21.6398 41 37
2451  16.2773 -20.9835 41 37
2452  15.8395 -20.3515 41 37
2453  15.4328 -19.6995 41 37
2454  14.9613 -19.0914 41 37
2455  14.5192 -18.4622 41 37
2456  14.0406 -17.8596 41 37
2457  13.6026 -17.2277 41 37
2458  13.1148 -16.6322 41 37
2459  12.6636 -16.0094 41 37
2460  12.1714 -15.4174 41 37
2461 11.7268  -14.79 41 37
2462  11.2702 -14.1709 41 37
2463  10.8347 -13.5373 41 37
2464  10.3274 -12.9579 41 37
2465  9.84838 -12.3555 41 37
2466  9.36261 -11.7584 41 37
2467 8.92095 -11.129 41 37
2468  8.56281 -10.4499 41 37
2469 8.84589 -9.7513 37 64
2470  9.47746 -9.32181 37 64
2471  10.1545 -8.96273 37 64
2472  10.7919 -8.54136 37 64
2473  11.4644 -8.17453 37 64
2474  12.1036 -7.75571 37 64
2475    12.76 -7.36262 37 64
2476  13.3819 -6.92003 37 64
2477  14.0239 -6.50534 37 64
2478  14.5846 -5.99131 37 64
2479  14.8632 -5.29097 37 64
2480  14.4733 -4.57748 64 88
2481  14.0195 -3.90124 64 88
2482  13.5348 -3.24613 64 88
2483 13.0699 -2.5772 64 88
2484  12.5806 -1.92545 64 88
2485 12.1122 -1.2589 64 88
2486  11.6204 -0.60892 64 88
2487    11.148 0.0548523 64 88
2488  10.6383 0.691218 64 88
2489 9.97038 1.16094 64 88
2490  9.28201 0.841407 88 89
2491   8.6746 0.380552 88 89
2492    8.08171 -0.0997791 88 89
2493   7.46075 -0.541237 88 89
2494   6.84669 -0.992724 88 89
2495  6.23517 -1.44781 88 89
2496  5.63471 -1.91815 88 89
2497   5.0485 -2.40704 88 89
2498  4.30771 -2.55879 88 89
2512  26.6289 -21.0966 42 41
2513  25.9975 -21.5791 42 41
2514  25.2898 -21.9391 42 41
2515   24.613 -22.3552 42 41
2516  23.9286 -22.7584 42 41
2517  23.2677 -23.1993 42 41
2518  22.5898 -23.6133 42 41
2519  21.9276 -24.0523 42 41
2520  21.2456 -24.4596 42 41
2521  20.5814 -24.8955 42 41
2522  19.8913 -25.2888 42 41
2523  19.1322 -25.5183 42 41
2524  18.5021 -25.0061 41 37
2525    18.05 -24.3433 41 37
2526  17.6576 -23.6473 41 37
2527  17.1982 -22.9891 41 37
2528  16.7691 -22.3127 41 37
2529  16.2963 -21.6631 41 37
2530  15.8647 -20.9882 41 37
2531  15.3926 -20.3381 41 37
2532   14.934 -19.6794 41 37
2533  14.4492 -19.0379 41 37
2534  14.0295 -18.3563 41 37
2535  13.5572 -17.7064 41 37
2536  13.1274 -17.0304 41 37
2537  12.6515 -16.3829 41 37
2538 12.2492 -15.692 41 37
2539  11.7877 -15.0351 41 37
2540    11.36 -14.3579 41 37
2541  10.8786 -13.7141 41 37
2542   10.429 -13.0498 41 37
2543   9.9599 -12.3978 41 37
2544 9.46833 -11.761 41 37
2545  8.93665 -11.1544 41 37
2546  8.56557 -10.4481 41 37
2547  9.08876 -9.81858 37 64
2548  9.75444 -9.34406 37 64
2549  10.3999 -8.84178 37 64
2550 11.0765 -8.3834 37 64
2551  11.7315 -7.89389 37 64
2552  12.4041 -7.42962 37 64
2553  13.0659 -6.94957 37 64
2554  13.7066 -6.44112 37 64
2555  14.3369 -5.91964 37 64
2556  14.8628 -5.29231 37 64
2557 14.6047 -4.5039 64 88
2558  14.1651 -3.80215 64 88
2559  13.6666 -3.14262 64 88
2560  13.2099 -2.45222 64 88
2561  12.7108 -1.79309 64 88
2562 12.2354  -1.116 64 88
2563   11.7269 -0.464368 64 88
2564  11.2497 0.211416 64 88
2565  10.7177 0.843021 64 88
2566 9.96827 1.15469 64 88
2567  9.30855 0.746152 88 89
2568 8.68309 0.28168 88 89
2569   8.09277 -0.230994 88 89
2570    7.4653 -0.692452 88 89
2571  6.85868 -1.18372 88 89
2572  6.25072 -1.67316 88 89
2573  5.65036 -2.17284 88 89
2574  5.05188 -2.67498 88 89
2575  4.30812 -2.55568 88 89
2594  26.6402 -21.0863 42 41
2595  26.0441 -21.5143 42 41
2596 25.4264 -21.911 42 41
2597   24.786 -22.2709 42 41
2598  24.1573 -22.6503 42 41
2599   23.526 -23.0255 42 41
2600  22.9289 -23.4522 42 41
2601  22.3152 -23.8548 42 41
2602   21.705 -24.2628 42 41
2603  21.0937 -24.6691 42 41
2604 20.5164 -25.122 42 41
2605  19.8692 -25.4698 42 41
2606  19.1285 -25.5223 42 41
2607  18.5685 -24.9455 41 37
2608  18.0731 -24.3144 41 37
2609  17.6292 -23.6479 41 37
2610 17.1586 -22.999 41 37
2611  16.7147 -22.3325 41 37
2612  16.2468 -21.6818 41 37
2613  15.7889 -21.0244 41 37
2614  15.2911 -20.3952 41 37
2615  14.8518 -19.7258 41 37
2616   14.379 -19.0784 41 37
2617    13.94 -18.4089 41 37
2618  13.4921 -17.7449 41 37
2619  13.0713 -17.0644 41 37
2620  12.6253 -16.3993 41 37
2621   12.179 -15.7343 41 37
2622  11.7087 -15.0852 41 37
2623  11.2498 -14.4284 41 37
2624  10.7729 -13.7839 41 37
2625   10.363 -13.0972 41 37
2626 9.91394 -12.434 41 37
2627  9.46099 -11.7733 41 37
2628  8.97493 -11.1353 41 37
2629  8.56516 -10.4485 41 37
2630  8.95355 -9.72707 37 64
2631  9.61233 -9.23598 37 64
2632 10.2716 -8.7456 37 64
2633  10.9615 -8.29992 37 64
2634  11.6286 -7.82034 37 64
2635  12.2944 -7.33894 37 64
2636  12.9325 -6.82099 37 64
2637  13.6028 -6.34601 37 64
2638  14.2659 -5.86081 37 64
2639  14.8626 -5.29559 37 64
2640  14.8135 -4.54907 64 88
2641  14.3958 -3.91414 64 88
2642 13.9205 -3.3175 64 88
2643   13.477 -2.69882 64 88
2644  13.0019 -2.10207 64 88
2645  12.5491 -1.48956 64 88
2646   12.1087 -0.868861 64 88
2647   11.6815 -0.239726 64 88
2648  11.2054 0.356318 64 88
2649  10.7099 0.937617 64 88
2650 9.95899 1.16199 64 88
2651  9.21904 0.745266 88 89
2652 8.54197 0.22911 88 89
2653   7.86719 -0.290116 88 89
2654   7.17245 -0.781505 88 89
2655  6.48059 -1.27708 88 89
2656  5.80162 -1.79068 88 89
2657  5.12295 -2.30466 88 89
2658  4.31725 -2.55301 88 89
2672  26.6328 -21.1024 42 41
2673  25.9904 -21.5708 42 41
2674  25.3141 -21.9841 42 41
2675  24.6227 -22.3688 42 41
2676  23.9468 -22.7827 42 41
2677  23.2476 -23.1515 42 41
2678  22.5753 -23.5718 42 41
2679  21.8745 -23.9373 42 41
2680  21.2026 -24.3582 42 41
2681  20.5159 -24.7521 42 41
2682  19.8414 -25.1686 42 41
2683  19.1331 -25.5176 42 41
2684  18.3667 -25.3091 41 37
2685   17.885 -24.6993 41 37
2686   17.431 -24.0699 41 37
2687 17.0095  -23.42 41 37
2688  16.5756 -22.7777 41 37
2689  16.1776 -22.1142 41 37
2690  15.7458 -21.4705 41 37
2691    15.37 -20.7953 41 37
2692   14.962 -20.1374 41 37
2693  14.5914 -19.4595 41 37
2694 14.1709 -18.809 41 37
2695  13.7795 -18.1419 41 37
2696  13.3637 -17.4886 41 37
2697  12.9551 -16.8311 41 37
2698  12.5109 -16.1953 41 37
2699  12.0961 -15.5415 41 37
2700  11.6548 -14.9038 41 37
2701  11.2333 -14.2539 41 37
2702 10.7475 -13.647 41 37
2703  10.3039 -13.0109 41 37
2704  9.84364 -12.3858 41 37
2705  9.40227 -11.7482 41 37
2706  8.94929 -11.1182 41 37
2707  8.56478 -10.4474 41 37
2708 8.97075 -9.7354 37 64
2709  9.64538 -9.26825 37 64
2710  10.3055 -8.78042 37 64
2711  10.9807 -8.31406 37 64
2712  11.6099 -7.78656 37 64
2713  12.2701 -7.29892 37 64
2714  12.9137 -6.78913 37 64
2715  13.6082 -6.35278 37 64
2716  14.2537 -5.84562 37 64
2717  14.8631 -5.29518 37 64
2718  14.8181 -4.53841 64 88
2719 14.3984 -3.9016 64 88
2720  13.8999 -3.32189 64 88
2721  13.4333 -2.71722 64 88
2722 12.9691 -2.1108 64 88
2723  12.5656 -1.46399 64 88
2724   12.1223 -0.842735 64 88
2725   11.6809 -0.220198 64 88
2726  11.2234 0.391047 64 88
2727 10.7164 0.96367 64 88
2728 9.96777 1.16796 64 88
2729  9.34598 0.749371 88 89
2730  8.80819 0.223755 88 89
2731  8.23839 -0.26549 88 89
2732   7.68395 -0.772751 88 89
2733 7.12653 -1.2766 88 89
2734  6.59874 -1.81269 88 89
2735  6.03262 -2.30635 88 89
2736  5.47507 -2.81005 88 89
2737   4.8041 -3.14156 88 89
2738  4.30693 -2.56032 88 89
2748  19.1413 -25.5167 41 37
2749  18.4486 -25.2292 41 37
2750  18.0186 -24.5858 41 37
2751  17.5933 -23.9388 41 37
2752  17.2026 -23.2676 41 37
2753 16.7742 -22.623 41 37
2754  16.3793 -21.9545 41 37
2755  15.9473 -21.3126 41 37
2756  15.5239 -20.6643 41 37
2757  15.0707 -20.0391 41 37
2758  14.6354 -19.3997 41 37
2759   14.202 -18.7589 41 37
2760   13.803 -18.0932 41 37
2761  13.3615 -17.4586 41 37
2762  12.9501 -16.8016 41 37
2763  12.5039 -16.1708 41 37
2764  12.0792 -15.5234 41 37
2765  11.6086 -14.9129 41 37
2766  11.1596 -14.2842 41 37
2767  10.6691 -13.6916 41 37
2768  10.2527 -13.0382 41 37
2769  9.80975 -12.4047 41 37
2770  9.37572 -11.7644 41 37
2771  8.92018 -11.1411 41 37
2772     8.56 -10.4506 41 37
2773  8.91809 -9.77965 37 64
2774  9.56043 -9.38396 37 64
2775  10.1687 -8.93681 37 64
2776  10.8122 -8.54298 37 64
2777  11.4345 -8.11597 37 64
2778  12.0732 -7.71428 37 64
2779  12.6824 -7.26842 37 64
2780 13.3137 -6.8551 37 64
2781  13.9383 -6.43142 37 64
2782  14.5472 -5.98512 37 64
2783   14.864 -5.29251 37 64
2784  14.5746 -4.55055 64 73
2785  14.0836 -3.91288 64 73
2786  13.5932 -3.27484 64 73
2787   13.115 -2.62824 64 73
2788  12.6655 -1.96272 64 73
2789   12.198 -1.30888 64 73
2790   11.7615 -0.635409 64 73
2791   11.3057 0.0261113 64 73
2792  10.8391 0.680562 64 73
2793 10.3562 1.32396 64 73
2794 9.90264 1.98688 64 73
2795 9.42704 2.63528 64 73
2796  8.9939 3.31076 64 73
2797 8.54236 3.97497 64 73
2798 8.09424 4.64134 64 73
2799 7.61989  5.2906 64 73
2800 7.18064  5.9624 64 73
2801 6.69269  6.6022 64 73
2802 6.23883 7.26494 64 73
2803 5.83678  7.9579 64 73
2804 5.99252   8.645 73 74
2805 6.57705 9.06096 73 74
2806 7.20921 9.41067 73 74
2807 7.84355 9.75698 73 74
2808 8.27919 10.3152 73 74
2809 7.92212 11.0124 74 82
2810 7.47848 11.6561 74 82
2811 7.02806 12.2949 74 82
2812 6.56195  12.922 74 82
2813 6.10769  13.558 74 82
2814 5.70013 14.2259 74 82
2815 5.27616 14.8831 74 82
2816 4.85995 15.5455 74 82
2817 4.43773 16.2039 74 82
2818 4.06796 16.8941 74 82
2819 3.68273 17.5756 74 82
2820 3.31123 18.2649 74 82
2821 2.91383 18.9391 74 82
2822 2.68772 19.6911 74 82
2832  19.1389 -25.5191 41 37
2833  18.5852 -24.9889 41 37
2834   18.137 -24.3632 41 37
2835  17.7566 -23.6919 41 37
2836  17.3389 -23.0444 41 37
2837  16.9546 -22.3754 41 37
2838  16.5258 -21.7356 41 37
2839  16.1317 -21.0727 41 37
2840  15.7057 -20.4309 41 37
2841  15.3264 -19.7589 41 37
2842   14.885 -19.1281 41 37
2843  14.4531 -18.4905 41 37
2844  13.9884 -17.8776 41 37
2845  13.5665 -17.2329 41 37
2846  13.1035 -16.6187 41 37
2847  12.6942 -15.9655 41 37
2848  12.2304 -15.3519 41 37
2849  11.7886 -14.7214 41 37
2850    11.31 -14.1198 41 37
2851   10.843 -13.5086 41 37
2852  10.3614 -12.9095 41 37
2853   9.9029 -12.2917 41 37
2854  9.37868 -11.7312 41 37
2855  8.86291 -11.1626 41 37
2856 8.56344 -10.449 41 37
2857  9.06547 -9.80994 37 64
2858  9.71227 -9.31033 37 64
2859 10.3793 -8.8371 37 64
2860  11.0235 -8.33424 37 64
2861  11.6656 -7.82891 37 64
2862  12.2768 -7.28787 37 64
2863 12.9263 -6.7916 37 64
2864   13.571 -6.28934 37 64
2865  14.2549 -5.84012 37 64
2866   14.861 -5.29358 37 64
2867   14.676 -4.52646 64 73
2868  14.1842 -3.88672 64 73
2869  13.7011 -3.24097 64 73
2870  13.2033 -2.60543 64 73
2871   12.726 -1.95578 64 73
2872  12.2471 -1.30724 64 73
2873   11.7991 -0.639132 64 73
2874      11.3056 -0.000556255 64 73
2875  10.8669 0.673086 64 73
2876 10.3718 1.31053 64 73
2877 9.88526 1.95392 64 73
2878 9.41574 2.60863 64 73
2879 8.97516 3.28115 64 73
2880 8.54732 3.96098 64 73
2881 8.11663 4.63921 64 73
2882   7.637 5.28727 64 73
2883 7.20251 5.96333 64 73
2884 6.73053 6.61644 64 73
2885 6.28868 7.28822 64 73
2886 5.84086 7.95645 64 73
2887  5.9977 8.63166 73 74
2888 6.59456 9.04272 73 74
2889 7.25158 9.37115 73 74
2890 7.90318 9.70802 73 74
2891  8.2683 10.3077 73 74
2892 7.97412 10.9968 74 82
2893 7.56982 11.6332 74 82
2894 7.14378 12.2565 74 82
2895 6.73661 12.8912 74 82
2896 6.26914 13.4868 74 82
2897 5.87688 14.1301 74 82
2898 5.42244 14.7348 74 82
2899 4.98991  15.354 74 82
2900  4.5218 15.9491 74 82
2901 4.04479 16.5377 74 82
2902 3.58549 17.1391 74 82
2903 3.14304 17.7519 74 82
2904 2.67945 18.3502 74 82
2905 2.37471 19.0352 74 82
2906 2.69315 19.7027 74 82
2916  19.1385 -25.5191 41 37
2917  18.5056 -25.0857 41 37
2918 18.0211 -24.486 41 37
2919  17.5839 -23.8495 41 37
2920  17.1394 -23.2183 41 37
2921  16.7419 -22.5553 41 37
2922  16.2819 -21.9358 41 37
2923  15.9234 -21.2498 41 37
2924  15.4698 -20.6254 41 37
2925  15.0476 -19.9784 41 37
2926  14.5617 -19.3799 41 37
2927  14.1314 -18.7386 41 37
2928  13.6909 -18.1045 41 37
2929  13.2502 -17.4706 41 37
2930  12.7652 -16.8713 41 37
2931 12.3335 -16.231 41 37
2932  11.8738 -15.6112 41 37
2933  11.4537 -14.9629 41 37
2934  10.9923 -14.3445 41 37
2935  10.6057 -13.6747 41 37
2936  10.1364 -13.0625 41 37
2937  9.67945 -12.4407 41 37
2938  9.19551 -11.8406 41 37
2939  8.76481 -11.1995 41 37
2940   8.5631 -10.4483 41 37
2941  9.05942 -9.79765 37 64
2942  9.70879 -9.30003 37 64
2943  10.3888 -8.84601 37 64
2944  11.0305 -8.33838 37 64
2945  11.6816 -7.84317 37 64
2946  12.3208 -7.33232 37 64
2947  12.9881 -6.85951 37 64
2948  13.6534 -6.38378 37 64
2949  14.3183 -5.90746 37 64
2950  14.8619 -5.29544 37 64
2951  14.7405 -4.54941 64 73
2952 14.2506  -3.945 64 73
2953  13.7698 -3.33412 64 73
2954  13.2769 -2.73179 64 73
2955    12.81 -2.11146 64 73
2956  12.3366 -1.49554 64 73
2957  11.8946 -0.85931 64 73
2958   11.4199 -0.244244 64 73
2959 10.9693 0.38665 64 73
2960 10.4977 1.00383 64 73
2961 10.0512 1.63727 64 73
2962 9.58351 2.25708 64 73
2963 9.15333 2.90038 64 73
2964 8.67418  3.5124 64 73
2965 8.21244 4.13613 64 73
2966 7.70217 4.72543 64 73
2967 7.24288 5.35076 64 73
2968 6.78298 5.97569 64 73
2969 6.32758 6.60353 64 73
2970 5.87799 7.23504 64 73
2971 5.83727 7.98585 64 73
2972 6.36247  8.6619 73 74
2973 6.99434 9.20859 73 74
2974 7.64947 9.71761 73 74
2975 8.27045 10.2804 73 74
2976 7.86196 11.0168 74 82
2977 7.43515 11.7425 74 82
2978 7.00189 12.4642 74 82
2979  6.5462 13.1715 74 82
2980 6.13743 13.9077 74 82
2981 5.68988 14.6204 74 82
2982 5.26379 15.3464 74 82
2983 4.80178 16.0494 74 82
2984 4.36085 16.7663 74 82
2985 3.91352 17.4791 74 82
2986 3.46072 18.1883 74 82
2987 3.00135  18.893 74 82
2988  2.6954 19.6784 74 82
3000  19.1382 -25.5191 41 37
3001   18.427 -25.2319 41 37
3002  17.9875 -24.5955 41 37
3003  17.5875 -23.9326 41 37
3004  17.1672 -23.2829 41 37
3005  16.7788 -22.6129 41 37
3006  16.3423 -21.9744 41 37
3007  15.9394 -21.3133 41 37
3008 15.4795 -20.692 41 37
3009  15.0589 -20.0425 41 37
3010  14.5958 -19.4238 41 37
3011  14.1822 -18.7696 41 37
3012  13.7288 -18.1434 41 37
3013  13.3363 -17.4759 41 37
3014  12.8951 -16.8407 41 37
3015  12.4773 -16.1893 41 37
3016  12.0365 -15.5539 41 37
3017 11.6287 -14.896 41 37
3018  11.1969 -14.2541 41 37
3019  10.7589 -13.6168 41 37
3020   10.288 -13.0041 41 37
3021   9.8234 -12.3865 41 37
3022  9.34281 -11.7817 41 37
3023 8.89548 -11.151 41 37
3024  8.56198 -10.4507 41 37
3025   8.9151 -9.78656 37 64
3026  9.53182 -9.34231 37 64
3027   10.176 -8.93627 37 64
3028  10.8021 -8.50445 37 64
3029 11.4332 -8.0796 37 64
3030  12.0539 -7.64062 37 64
3031  12.7008 -7.23866 37 64
3032  13.3465 -6.83491 37 64
3033  13.9913 -6.42965 37 64
3034  14.6207 -6.00245 37 64
3035 14.8627 -5.2918 37 64
3036  14.4441 -4.60759 64 73
3037  14.0369 -3.91723 64 73
3038  13.5886 -3.25018 64 73
3039   13.159 -2.57206 64 73
3040  12.6916 -1.91693 64 73
3041  12.2396 -1.25212 64 73
3042   11.7777 -0.593466 64 73
3043    11.353 0.0874289 64 73
3044  10.8828 0.740692 64 73
3045 10.4341 1.40759 64 73
3046 9.95171 2.05277 64 73
3047 9.51405  2.7262 64 73
3048 9.03216 3.37174 64 73
3049  8.5875 4.04103 64 73
3050 8.10202 4.68412 64 73
3051 7.63035 5.33648 64 73
3052 7.14065 5.97665 64 73
3053 6.64974 6.61598 64 73
3054 6.12164 7.22762 64 73
3055 5.84663  7.9727 64 73
3056 6.32231   8.666 73 74
3057 6.97279 9.20137 73 74
3058 7.64696 9.70619 73 74
3059 8.26619 10.2775 73 74
3060  8.0144 10.9776 74 82
3061 7.58445 11.5814 74 82
3062 7.15228 12.1835 74 82
3063 6.73819 12.7985 74 82
3064 6.27843 13.3796 74 82
3065 5.84248  13.979 74 82
3066 5.41965 14.5879 74 82
3067 5.02542  15.216 74 82
3068 4.60696 15.8279 74 82
3069 4.22622 16.4645 74 82
3070 3.78408 17.0592 74 82
3071 3.39533 17.6908 74 82
3072 2.97896 18.3042 74 82
3073 2.61352 18.9499 74 82
3074 2.68315 19.7002 74 82
3087 -3.17789  4.40764 10 37
3088 -2.62811     3.84 10 37
3089 -2.15822    3.203 10 37
3090 -1.65843  2.58976 10 37
3091 -1.22098  1.92952 10 37
3092 -0.736708   1.30365 10 37
3093 -0.298729  0.643776 10 37
3094  0.180058 0.0135992 10 37
3095  0.615507 -0.647989 10 37
3096 1.09566 -1.2771 10 37
3097  1.53641 -1.93509 10 37
3098  2.04068 -2.54455 10 37
3099  2.52349 -3.17158 10 37
3100  3.02257 -3.78541 10 37
3101  3.49404 -4.42121 10 37
3102  4.00388 -5.02591 10 37
3103  4.51822 -5.62668 10 37
3104 5.03567 -6.2247 10 37
3105  5.52344 -6.84779 10 37
3106  6.01585 -7.46711 10 37
3107  6.45594 -8.12555 10 37
3108  6.93183 -8.75797 10 37
3109  7.39561 -9.39955 10 37
3110  7.92524 -9.98653 10 37
3111  8.56421 -10.4481 10 37
3112  9.31689 -10.1242 37 64
3113  9.94692 -9.60216 37 64
3114  10.5343 -9.03383 37 64
3115  11.1624 -8.50943 37 64
3116  11.7656 -7.95745 37 64
3117  12.4045 -7.44602 37 64
3118 13.0031 -6.8891 37 64
3119  13.6318 -6.36556 37 64
3120  14.2077 -5.78594 37 64
3121  14.8624 -5.29436 37 64
3122  15.5497 -5.64793 64 71
3123  16.0863 -6.21363 64 71
3124  16.6333 -6.76882 64 71
3125  17.1409 -7.36205 64 71
3126  17.6846 -7.92062 64 71
3127  18.1977 -8.50884 64 71
3128  18.7515 -9.05679 64 71
3129  19.2656 -9.64411 64 71
3130  19.7857 -10.2259 64 71
3131  20.2721 -10.8376 64 71
3132    20.79 -11.4215 64 71
3133   21.276 -12.0335 64 71
3134  21.7914 -12.6196 64 71
3135  22.2637 -13.2428 64 71
3136  22.7439 -13.8598 64 71
3137 23.2236 -14.477 64 71
3138  23.7506 -15.0521 64 71
3139 24.3538 -15.542 64 71
3140  25.0478 -15.1988 71 75
3141  25.6687 -14.7377 71 75
3142  26.2823 -14.2672 71 75
3143 26.9105 -13.816 71 75
3144 27.6405 -13.556 71 75
3145  28.2511 -14.0466 75 83
3146  28.8014 -14.6024 75 83
3147  29.3362 -15.1729 75 83
3148  29.8716 -15.7427 75 83
3149  30.3761 -16.3395 75 83
3150  30.8944 -16.9246 75 83
3151  31.3765 -17.5391 75 83
3152   31.897 -18.1223 75 83
3153  32.3761 -18.7392 75 83
3154  32.8769 -19.3389 75 83
3155 33.3421 -19.966 75 83
3156  33.2413 -20.7333 75 83
3169 -3.18026  4.40901 10 37
3170 -2.61273  3.90791 10 37
3171 -2.14018  3.31207 10 37
3172 -1.7087 2.68405 10 37
3173 -1.23585  2.08846 10 37
3174 -0.802811   1.46159 10 37
3175 -0.359435  0.842438 10 37
3176 0.0509201  0.199511 10 37
3177  0.496746 -0.417768 10 37
3178 0.925809 -1.04754 10 37
3179  1.38905 -1.65107 10 37
3180  1.84002 -2.26438 10 37
3181  2.29564 -2.87402 10 37
3182  2.71582 -3.51014 10 37
3183  3.18197 -4.11129 10 37
3184  3.63827 -4.72039 10 37
3185  4.13269 -5.29719 10 37
3186 4.59852 -5.8986 10 37
3187  5.08447 -6.48293 10 37
3188  5.52088 -7.10732 10 37
3189  5.99615 -7.70087 10 37
3190 6.44242 -8.3178 10 37
3191  6.93473 -8.89649 10 37
3192  7.40523 -9.49405 10 37
3193   7.9278 -10.0441 10 37
3194  8.56502 -10.4484 10 37
3195  9.29481 -10.0853 37 64
3196  9.92893 -9.57036 37 64
3197  10.5457 -9.03461 37 64
3198   11.152 -8.48705 37 64
3199 11.7435 -7.9234 37 64
3200  12.3702 -7.39944 37 64
3201  12.9761 -6.85133 37 64
3202  13.6102 -6.33646 37 64
3203  14.2002 -5.77123 37 64
3204  14.8631 -5.29445 37 64
3205   15.561 -5.63691 64 71
3206  16.0781 -6.22254 64 71
3207   16.594 -6.80926 64 71
3208  17.0865 -7.41621 64 71
3209 17.6285 -7.9783 64 71
3210  18.1343 -8.57401 64 71
3211  18.6717 -9.14053 64 71
3212  19.1831 -9.73127 64 71
3213  19.7092 -10.3087 64 71
3214   20.187 -10.9276 64 71
3215  20.6979 -11.5187 64 71
3216  21.1609 -12.1491 64 71
3217  21.6913 -12.7225 64 71
3218  22.1821 -13.3309 64 71
3219  22.6934 -13.9217 64 71
3220   23.186 -14.5286 64 71
3221  23.7283 -15.0904 64 71
3222   24.357 -15.5505 64 71
3223  25.0624 -15.2158 71 75
3224  25.6712 -14.7409 71 75
3225  26.2655 -14.2496 71 75
3226  26.8751 -13.7755 71 75
3227  27.6297 -13.5521 71 75
3228  28.2159 -14.0571 75 83
3229  28.7513 -14.6176 75 83
3230  29.2677 -15.1964 75 83
3231  29.8075 -15.7526 75 83
3232  30.2941 -16.3576 75 83
3233  30.8044 -16.9419 75 83
3234  31.2783 -17.5574 75 83
3235  31.8008 -18.1304 75 83
3236  32.3014 -18.7234 75 83
3237  32.7915 -19.3255 75 83
3238  33.2623 -19.9434 75 83
3239  33.2469 -20.7303 75 83
3252 -3.18288  4.40636 10 37
3253 -2.65348  3.86567 10 37
3254 -2.2003 3.24839 10 37
3255 -1.75399  2.62518 10 37
3256 -1.33486  1.97979 10 37
3257 -0.864378   1.37811 10 37
3258 -0.442466  0.734897 10 37
3259 0.0381849  0.142825 10 37
3260  0.464643 -0.496783 10 37
3261 0.930047 -1.10314 10 37
3262  1.37566 -1.72695 10 37
3263  1.85079 -2.32428 10 37
3264   2.2929 -2.95106 10 37
3265  2.75757 -3.55809 10 37
3266  3.22098 -4.16625 10 37
3267 3.71346 -4.7467 10 37
3268  4.16423 -5.36607 10 37
3269  4.64564 -5.95741 10 37
3270  5.09331 -6.57946 10 37
3271  5.55575 -7.18851 10 37
3272  5.98467 -7.82614 10 37
3273  6.45122 -8.43145 10 37
3274  6.90336 -9.04963 10 37
3275  7.3975 -9.6284 10 37
3276  7.86863 -10.2295 10 37
3277  8.56573 -10.4462 10 37
3278  9.22978 -9.97231 37 64
3279   9.8401 -9.42603 37 64
3280   10.467 -8.90027 37 64
3281  11.0591 -8.33298 37 64
3282  11.6778 -7.79689 37 64
3283  12.2765 -7.23711 37 64
3284  12.8826 -6.68585 37 64
3285  13.4672 -6.11034 37 64
3286  14.1319 -5.63736 37 64
3287 14.8649  -5.294 37 64
3288  15.5291 -5.71596 64 71
3289 16.0384 -6.3032 64 71
3290  16.5326 -6.90209 64 71
3291  17.0584 -7.47579 64 71
3292  17.5639 -8.06601 64 71
3293  18.112 -8.6202 64 71
3294   18.607 -9.21857 64 71
3295  19.1388 -9.78711 64 71
3296    19.63 -10.3883 64 71
3297  20.1607 -10.9579 64 71
3298  20.6588 -11.5539 64 71
3299   21.166 -12.1427 64 71
3300  21.6341 -12.7605 64 71
3301  22.1453 -13.3462 64 71
3302  22.6264 -13.9548 64 71
3303  23.1511 -14.5294 64 71
3304  23.7153 -15.0686 64 71
3305  24.3409 -15.5416 64 71
3306  25.0666 -15.2678 71 75
3307  25.6475 -14.7338 71 75
3308  26.2596 -14.2394 71 75
3309 26.8867 -13.766 71 75
3310  27.6337 -13.5714 71 75
3311   28.163 -14.1301 75 83
3312  28.6027 -14.7685 75 83
3313  29.0494 -15.4015 75 83
3314  29.4602 -16.0608 75 83
3315  29.9273 -16.6773 75 83
3316   30.368 -17.3149 75 83
3317  30.8218 -17.9423 75 83
3318  31.2474 -18.5911 75 83
3319  31.6931 -19.2248 75 83
3320  32.0987 -19.8877 75 83
3321   32.523 -20.5375 75 83
3322  33.2514 -20.7277 75 83
3334 -3.1808 4.40868 10 37
3335 -2.62609  3.89623 10 37
3336 -2.1868 3.27496 10 37
3337 -1.73062  2.66702 10 37
3338 -1.27625  2.05761 10 37
3339 -0.786722   1.47832 10 37
3340 -0.343877  0.859796 10 37
3341 0.126641 0.263774 10 37
3342  0.576423 -0.349304 10 37
3343   1.05077 -0.942045 10 37
3344  1.48232 -1.56917 10 37
3345  1.96251 -2.15681 10 37
3346  2.42536 -2.75928 10 37
3347  2.92442 -3.32975 10 37
3348  3.36303 -3.95154 10 37
3349  3.85003 -4.53312 10 37
3350    4.284 -5.15843 10 37
3351 4.76359 -5.7466 10 37
3352  5.22137 -6.35324 10 37
3353  5.69946 -6.94273 10 37
3354  6.11716 -7.57996 10 37
3355  6.58347 -8.17954 10 37
3356  7.01848 -8.80407 10 37
3357  7.50977 -9.38175 10 37
3358  7.96489 -9.99055 10 37
3359   8.5625 -10.4487 10 37
3360 9.21851 -10.083 37 64
3361  9.76501 -9.55493 37 64
3362  10.2987 -9.01258 37 64
3363  10.8323 -8.47009 37 64
3364  11.3807 -7.94415 37 64
3365  11.9135 -7.40086 37 64
3366  12.4918 -6.91148 37 64
3367  13.0249 -6.36853 37 64
3368  13.5585 -5.82602 37 64
3369  14.1266 -5.32365 37 64
3370  14.8661 -5.29371 37 64
3371  15.4566 -5.80219 64 71
3372  15.9992 -6.36185 64 71
3373 16.5499 -6.9135 64 71
3374  17.0411 -7.51914 64 71
3375  17.5783 -8.08403 64 71
3376  18.0757 -8.68447 64 71
3377  18.6098 -9.25233 64 71
3378  19.1131 -9.84785 64 71
3379  19.6513 -10.4118 64 71
3380  20.1209 -11.0344 64 71
3381  20.6315 -11.6237 64 71
3382  21.1198 -12.2316 64 71
3383  21.6223 -12.8277 64 71
3384  22.1072 -13.4385 64 71
3385  22.5996 -14.0431 64 71
3386  23.0938 -14.6462 64 71
3387    23.66 -15.1818 64 71
3388  24.3512 -15.5405 64 71
3389  24.9962 -15.0912 71 75
3390   25.602 -14.5892 71 75
3391  26.2066 -14.0856 71 75
3392  26.8748 -13.6726 71 75
3393  27.6474 -13.5572 71 75
3394  28.1983 -14.1256 75 83
3395  28.7494 -14.6939 75 83
3396   29.274 -15.2843 75 83
3397 29.8281  -15.85 75 83
3398  30.3446 -16.4468 75 83
3399 30.8924 -17.018 75 83
3400  31.4432 -17.5865 75 83
3401  31.9641 -18.1799 75 83
3402 32.4602 -18.792 75 83
3403   32.986 -19.3814 75 83
3404   33.447 -20.0176 75 83
3405  33.2339 -20.7369 75 83
3406  32.7164 -20.1533 44 63
3407  32.2473 -19.5301 44 63
