10 -6.02374  5.70515 10 1
11 -6.69075  5.25486 10 1
12 -7.31033  4.73941 10 1
13 -7.92141  4.21363 10 1
14 -8.53131  3.68646 10 1
15 -9.15241  3.17288 10 1
16 -9.78133  2.66918 10 1
17 -10.3969  2.14878 10 1
18 -11.0215  1.63964 10 1
19 -11.6192  1.09832 10 1
20 -12.2437 0.588959 10 1
21  -12.8463 0.0533011 10 1
22  -13.4536 -0.476998 10 1
23 -14.0412 -1.02944 10 1
24 -14.6469 -1.56153 10 1
25 -15.2462 -2.10103 10 1
26  -15.842 -2.64446 10 1
27 -16.3979 -3.22948 10 1
28 -16.9877 -3.77956 10 1
29 -17.5931 -4.31208 10 1
30  -18.203 -4.83923 10 1
31 -18.7922 -5.39001 10 1
32 -19.4157 -5.90059 10 1
33  -20.032 -6.42008 10 1
34  -20.637 -6.95295 10 1
35 -21.2225 -7.50771 10 1
36 -21.8317 -8.03574 10 1
37 -22.3991 -8.60939 10 1
38 -22.9734 -9.17607 10 1
39 -23.5615 -9.72798 10 1
40 -24.1285  -10.302 10 1
41 -24.6898 -10.8818 10 1
42 -25.2562 -11.4564 10 1
43 -25.7363  -12.106 10 1
44 -25.2568 -12.7343 1 2
45   -24.75 -13.3413 1 2
46 -24.2358 -13.9425 1 2
47 -23.7485 -14.5649 1 2
48 -23.2302 -15.1626 1 2
49 -22.6702 -15.7227 1 2
50 -22.1262 -16.2978 1 2
51 -21.5829 -16.8736 1 2
52  -21.054 -17.4622 1 2
53 -20.5144 -18.0413 1 2
54  -19.948 -18.5951 1 2
55 -19.4119 -19.1774 1 2
56 -18.8553 -19.7408 1 2
57 -18.3361 -20.3376 1 2
58  -17.804 -20.9235 1 2
59 -17.2712 -21.5087 1 2
60 -16.7341 -22.0901 1 2
61 -16.2025 -22.6764 1 2
62 -15.6117 -23.2048 1 2
63 -14.8188 -23.1052 2 9
64 -14.1492 -22.6526 2 9
65 -13.5399 -22.1194 2 9
66 -12.9453 -21.5697 2 9
67 -12.3616 -21.0081 2 9
68 -11.7823 -20.4419 2 9
69 -11.2226  -19.856 2 9
70 -10.6354 -19.2982 2 9
71 -10.0394   -18.75 2 9
72 -9.46717 -18.1765 2 9
73  -8.9033 -17.5947 2 9
74  -8.3179 -17.0349 2 9
75 -7.73025 -16.4776 2 9
76 -7.14161 -15.9213 2 9
77 -6.54848 -15.3699 2 9
78 -5.95406 -14.8199 2 9
79 -5.35793 -14.2718 2 9
80 -4.76109 -13.7245 2 9
81 -4.13651 -13.2099 2 9
82 -3.52755 -12.6765 2 9
83 -2.89108  -12.177 2 9
84 -2.25079 -11.6826 2 9
85 -1.62161 -11.1738 2 9
86 -1.01103 -10.6422 2 9
87 -0.416971  -10.0918 2 9
88 0.196665 -9.56386 2 9
89 0.796223 -9.01961 2 9
90  1.41773 -8.50118 2 9
91  2.05732 -8.00585 2 9
92  2.65342 -7.45773 2 9
93  3.26855 -6.93156 2 9
94  3.89621 -6.42078 2 9
95  4.54737 -5.94124 2 9
96  5.06485 -6.58659 9 7
97  5.58034 -7.23356 9 7
98  6.07361 -7.89803 9 7
99  6.60011 -8.53584 9 7
100  7.11965 -9.17949 9 7
101  7.68429 -9.78274 9 7
102  8.22244 -10.4105 9 7
103  8.78879 -11.0121 9 7
104 9.33007 -11.637 9 7
105  9.85782 -12.2738 9 7
106  10.4079 -12.8907 9 7
107  10.9273 -13.5345 9 7
108  11.4462 -14.1787 9 7
109  11.9694 -14.8193 9 7
110   12.508 -15.4466 9 7
111  13.0458 -16.0746 9 7
112  13.5712 -16.7134 9 7
113  14.0938 -17.3545 9 7
114  14.6181 -17.9942 9 7
115  15.1582 -18.6202 9 7
116  15.6904 -19.2531 9 7
117  16.2278 -19.8815 9 7
118  16.7601 -20.5144 9 7
119  17.1694 -21.2343 9 7
120  16.9109 -21.9712 7 4
121  16.3037 -22.4891 7 4
122  15.6662 -22.9719 7 4
123  15.0587 -23.4895 7 4
124  14.4649 -24.0216 7 4
125  13.8693 -24.5517 7 4
126  13.2604 -25.0678 7 4
127 12.6508 -25.583 7 4
128  12.0361 -26.0927 7 4
129    11.41 -26.5892 7 4
130  10.7841 -27.0859 7 4
131  10.1693 -27.5954 7 4
132  9.56046 -28.1114 7 4
133  8.93903 -28.6134 7 4
134  8.31443 -29.1117 7 4
135  7.69085 -29.6111 7 4
136  7.08676 -30.1323 7 4
137  6.47523 -30.6455 7 4
138 5.85692 -31.151 7 4
139  5.24137 -31.6596 7 4
140  4.63056 -32.1735 7 4
141  4.02104 -32.6888 7 4
142  3.41903 -33.2123 7 4
143  2.82088 -33.7399 7 4
144  2.24321 -34.2882 7 4
145  1.63751 -34.8077 7 4
146  1.01662 -35.3103 7 4
147 0.417386 -35.8367 7 4
148 -0.210619  -36.3309 7 4
149 -0.836937  -36.8272 7 4
150  -1.4666 -37.3195 7 4
151 -2.11074 -37.7941 7 4
152 -2.75873 -38.2637 7 4
173 -6.02485  5.71051 10 1
174 -6.82127  5.62303 10 1
175 -7.43126  5.14478 10 1
176 -7.99038   4.6144 10 1
177 -8.56583   4.0997 10 1
178 -9.15154  3.59536 10 1
179 -9.75407  3.10883 10 1
180 -10.3564  2.62204 10 1
181 -10.9446   2.1203 10 1
182 -11.517 1.60258 10 1
183 -12.0877  1.08328 10 1
184 -12.6582 0.563734 10 1
185  -13.2486 0.0641948 10 1
186   -13.843 -0.431065 10 1
187  -14.4165 -0.947631 10 1
188 -14.9958 -1.45855 10 1
189 -15.5748 -1.96973 10 1
190 -16.1315 -2.50236 10 1
191 -16.7116 -3.01242 10 1
192 -17.2932 -3.52089 10 1
193 -17.8552 -4.04857 10 1
194  -18.415 -4.57838 10 1
195 -18.9775 -5.10553 10 1
196 -19.5334 -5.63889 10 1
197 -20.0624 -6.19605 10 1
198 -20.6157 -6.73179 10 1
199 -21.1778  -7.2594 10 1
200 -21.7753 -7.75134 10 1
201 -22.3691 -8.24728 10 1
202 -22.9554 -8.75099 10 1
203 -23.5587 -9.23664 10 1
204 -24.1672 -9.71656 10 1
205 -24.7529 -10.2209 10 1
206 -25.3474 -10.7162 10 1
207   -25.72 -11.3756 10 1
208 -25.7366 -12.1157 10 1
209 -25.2772 -12.7606 1 2
210  -24.759 -13.3582 1 2
211 -24.2183  -13.935 1 2
212 -23.6838 -14.5179 1 2
213 -23.1515 -15.1027 1 2
214 -22.6146 -15.6832 1 2
215 -22.0735 -16.2597 1 2
216 -21.5462 -16.8491 1 2
217 -21.0111 -17.4313 1 2
218 -20.4856 -18.0224 1 2
219 -19.9457    -18.6 1 2
220 -19.4146  -19.186 1 2
221 -18.8739 -19.7629 1 2
222   -18.33 -20.3367 1 2
223 -17.7897 -20.9139 1 2
224 -17.2625 -21.5035 1 2
225 -16.7195 -22.0781 1 2
226 -16.1764 -22.6527 1 2
227 -15.6115 -23.2054 1 2
228 -14.8703 -22.9454 2 9
229 -14.2921 -22.4143 2 9
230 -13.7282 -21.8681 2 9
231 -13.1713 -21.3148 2 9
232 -12.6139 -20.7621 2 9
233 -12.0342 -20.2327 2 9
234 -11.4675 -19.6893 2 9
235 -10.9183 -19.1285 2 9
236 -10.3365 -18.6014 2 9
237 -9.77212 -18.0557 2 9
238 -9.19665 -17.5216 2 9
239 -8.62188 -16.9869 2 9
240 -8.03422 -16.4662 2 9
241 -7.45149 -15.9401 2 9
242 -6.89645  -15.385 2 9
243 -6.34035 -14.8309 2 9
244 -5.78422 -14.2769 2 9
245 -5.20496 -13.7469 2 9
246  -4.6327 -13.2095 2 9
247 -4.03117 -12.7049 2 9
248 -3.45934  -12.167 2 9
249 -2.86628 -11.6524 2 9
250 -2.28976 -11.1195 2 9
251 -1.71765 -10.5819 2 9
252 -1.14193 -10.0482 2 9
253 -0.52021  -9.5685 2 9
254 0.0983887  -9.08483 2 9
255 0.717026 -8.60121 2 9
256  1.32139 -8.09994 2 9
257  1.93262 -7.60703 2 9
258 2.55265 -7.1252 2 9
259  3.17001 -6.63995 2 9
260  3.79811 -6.16863 2 9
261   4.5489 -5.93776 2 9
262  5.23856 -6.36902 9 7
263  5.75144 -6.98792 9 7
264  6.28121 -7.59362 9 7
265  6.78243 -8.22119 9 7
266  7.32108 -8.81965 9 7
267  7.84707 -9.42838 9 7
268   8.3977 -10.0167 9 7
269  8.92507 -10.6243 9 7
270  9.45684 -11.2284 9 7
271  9.96795 -11.8487 9 7
272  10.4797 -12.4684 9 7
273 10.9725 -13.102 9 7
274  11.5179 -13.6949 9 7
275  12.0493 -14.2993 9 7
276  12.5869 -14.8986 9 7
277  13.1185 -15.5028 9 7
278 13.6388 -16.116 9 7
279  14.1395 -16.7439 9 7
280  14.6592 -17.3576 9 7
281  15.1896 -17.9628 9 7
282  15.7147 -18.5723 9 7
283  16.2216 -19.1956 9 7
284   16.732 -19.8164 9 7
285   17.186 -20.4758 9 7
286  17.1726 -21.2514 9 7
287  16.6001 -21.8503 7 4
288  16.0035 -22.4204 7 4
289  15.3752 -22.9483 7 4
290  14.7722 -23.5105 7 4
291  14.1698 -24.0733 7 4
292  13.5376 -24.5956 7 4
293  12.9061 -25.1188 7 4
294  12.2892 -25.6625 7 4
295  11.6883 -26.2272 7 4
296  11.0824 -26.7857 7 4
297  10.4647 -27.3284 7 4
298  9.86551 -27.8953 7 4
299   9.3145 -28.5175 7 4
300  8.71083 -29.0787 7 4
301 8.11832 -29.654 7 4
302  7.5091 -30.208 7 4
303  6.90436 -30.7679 7 4
304  6.30618 -31.3362 7 4
305  5.69051 -31.8816 7 4
306  5.07161 -32.4226 7 4
307  4.44942 -32.9591 7 4
308 3.83406 -33.505 7 4
309  3.19651 -34.0192 7 4
310  2.56459 -34.5418 7 4
311  1.93714 -35.0709 7 4
312  1.27733 -35.5497 7 4
313 0.615621 -36.0252 7 4
314 -0.0390247   -36.5126 7 4
315 -0.705486  -36.9799 7 4
316 -1.36588 -37.4577 7 4
317 -2.04082 -37.9097 7 4
318 -2.76428 -38.2523 7 4
340 -6.02491  5.70612 10 1
341 -6.81817  5.54446 10 1
342 -7.42055  5.00436 10 1
343 -8.01355  4.45422 10 1
344 -8.6181  3.9165 10 1
345 -9.20405  3.35903 10 1
346 -9.82881  2.84442 10 1
347 -10.4334  2.30673 10 1
348 -11.0438  1.77556 10 1
349 -11.6132  1.20159 10 1
350 -12.2081 0.653476 10 1
351 -12.7991 0.101258 10 1
352  -13.3847 -0.456583 10 1
353 -13.9775 -1.00695 10 1
354 -14.5663 -1.56149 10 1
355 -15.1617 -2.10912 10 1
356 -15.7548 -2.65914 10 1
357 -16.3365 -3.22088 10 1
358 -16.9006 -3.79995 10 1
359 -17.4691 -4.37471 10 1
360 -18.0411  -4.9461 10 1
361 -18.6493 -5.47982 10 1
362 -19.2334 -6.03913 10 1
363 -19.8271 -6.58858 10 1
364 -20.4239 -7.13463 10 1
365  -21.03 -7.6707 10 1
366 -21.6176 -8.22647 10 1
367 -22.2115 -8.77563 10 1
368 -22.7973 -9.33326 10 1
369 -23.393 -9.8806 10 1
370 -23.9725 -10.4446 10 1
371 -24.5779 -10.9814 10 1
372  -25.173 -11.5293 10 1
373 -25.7393 -12.1062 10 1
374 -25.3059 -12.7296 1 2
375 -24.8051 -13.2987 1 2
376 -24.3005 -13.8644 1 2
377 -23.8485  -14.474 1 2
378 -23.3902 -15.0789 1 2
379 -22.8689 -15.6288 1 2
380 -22.3667 -16.1966 1 2
381 -21.8528 -16.7536 1 2
382 -21.3422 -17.3137 1 2
383 -20.8296 -17.8719 1 2
384 -20.3152 -18.4285 1 2
385 -19.8127 -18.9961 1 2
386 -19.3186 -19.5711 1 2
387 -18.8123 -20.1352 1 2
388 -18.3249 -20.7161 1 2
389 -17.8428 -21.3016 1 2
390 -17.3462 -21.8744 1 2
391 -16.8537 -22.4509 1 2
392 -16.3415 -23.0095 1 2
393 -15.6107 -23.2043 1 2
394 -14.9342 -22.7724 2 9
395 -14.3019 -22.2713 2 9
396 -13.6738 -21.7642 2 9
397 -13.0863 -21.2063 2 9
398 -12.4743 -20.6781 2 9
399 -11.8972 -20.1084 2 9
400 -11.3089 -19.5514 2 9
401 -10.6938  -19.027 2 9
402 -10.0586   -18.53 2 9
403 -9.45407 -17.9924 2 9
404 -8.83654 -17.4713 2 9
405 -8.20574 -16.9681 2 9
406 -7.58659 -16.4491 2 9
407 -6.97127 -15.9251 2 9
408 -6.37045  -15.383 2 9
409 -5.76983 -14.8406 2 9
410 -5.18595 -14.2784 2 9
411 -4.60135 -13.7171 2 9
412 -4.02607 -13.1454 2 9
413 -3.43878 -12.5872 2 9
414 -2.84924 -12.0316 2 9
415 -2.25144 -11.4858 2 9
416 -1.66088 -10.9313 2 9
417 -1.05172 -10.3995 2 9
418 -0.43987 -9.87108 2 9
419 0.187088 -9.36258 2 9
420 0.790474 -8.82354 2 9
421   1.3827 -8.27108 2 9
422  1.97004 -7.71293 2 9
423 2.57269  -7.173 2 9
424   3.1571 -6.61149 2 9
425  3.77703 -6.09355 2 9
426  4.54809 -5.94257 2 9
427  5.07606 -6.58128 9 7
428  5.60062 -7.22291 9 7
429  6.14726 -7.84496 9 7
430  6.6332 -8.5175 9 7
431 7.20131  -9.119 9 7
432  7.73037 -9.75676 9 7
433 8.27465 -10.381 9 7
434  8.85642 -10.9685 9 7
435 9.40479 -11.589 9 7
436  9.95607 -12.2067 9 7
437  10.4975 -12.8335 9 7
438  11.0291 -13.4691 9 7
439  11.5476 -14.1158 9 7
440  12.0884 -14.7431 9 7
441 12.6448 -15.356 9 7
442  13.1837 -15.9852 9 7
443  13.7213 -16.6154 9 7
444 14.2652  -17.24 9 7
445  14.7829 -17.8873 9 7
446 15.3256 -18.513 9 7
447  15.8336 -19.1684 9 7
448  16.3587 -19.8096 9 7
449  16.8805 -20.4535 9 7
450  17.1725 -21.2324 9 7
451  16.9431 -21.9618 7 4
452  16.4577 -22.5622 7 4
453  15.8939 -23.0941 7 4
454  15.2758 -23.5657 7 4
455  14.6417 -24.0169 7 4
456  14.0139 -24.4764 7 4
457  13.4066 -24.9609 7 4
458  12.7958 -25.4415 7 4
459  12.221 -25.962 7 4
460 11.6235 -26.458 7 4
461  11.0039 -26.9278 7 4
462    10.44 -27.4595 7 4
463  9.85016 -27.9641 7 4
464  9.26197 -28.4705 7 4
465 8.67029 -28.973 7 4
466  8.07191 -29.4679 7 4
467  7.48922 -29.9802 7 4
468 6.91353   -30.5 7 4
469  6.30409 -30.9821 7 4
470  5.71698 -31.4896 7 4
471  5.15517 -32.0234 7 4
472   4.5858 -32.5497 7 4
473  3.98941 -33.0469 7 4
474   3.3915 -33.5424 7 4
475  2.81582 -34.0621 7 4
476   2.2222 -34.5625 7 4
477 1.63236 -35.067 7 4
478  1.03729 -35.5657 7 4
479 0.411706  -36.028 7 4
480 -0.205469  -36.5007 7 4
481 -0.822227   -36.974 7 4
482 -1.43524 -37.4518 7 4
483 -2.06722 -37.9058 7 4
484 -2.76127  -38.265 7 4
506 -6.02907  5.71249 10 1
507 -6.86695  5.60215 10 1
508 -7.51921  5.13843 10 1
509 -8.0894 4.59733 10 1
510 -8.67217  4.06669 10 1
511 -9.24406  3.52697 10 1
512 -9.90915  3.07759 10 1
513 -10.5322  2.58369 10 1
514 -11.1584  2.09292 10 1
515 -11.7251  1.54897 10 1
516 -12.3099  1.02009 10 1
517 -12.8581 0.461744 10 1
518   -13.4562 -0.0555396 10 1
519  -14.0091 -0.610331 10 1
520 -14.5873  -1.1448 10 1
521 -15.1386 -1.70087 10 1
522 -15.7087 -2.24198 10 1
523 -16.2629 -2.79583 10 1
524 -16.8096 -3.35529 10 1
525 -17.3784 -3.89751 10 1
526 -17.9575 -4.43125 10 1
527  -18.547 -4.95612 10 1
528 -19.1135 -5.50025 10 1
529 -19.6898 -6.03627 10 1
530 -20.2619 -6.57588 10 1
531   -20.85 -7.10191 10 1
532 -21.4209 -7.64242 10 1
533 -21.9775 -8.19435 10 1
534 -22.5683 -8.71804 10 1
535 -23.145 -9.2538 10 1
536 -23.7171 -9.79337 10 1
537 -24.2964  -10.327 10 1
538 -24.8668 -10.8679 10 1
539 -25.3814 -11.4503 10 1
540 -25.7296 -12.1182 10 1
541  -25.214 -12.7188 1 2
542 -24.6482 -13.2721 1 2
543  -24.09 -13.833 1 2
544 -23.5278   -14.39 1 2
545 -22.9772 -14.9585 1 2
546 -22.4636 -15.5609 1 2
547 -21.9302 -16.1456 1 2
548 -21.3821 -16.7165 1 2
549 -20.8281 -17.2817 1 2
550 -20.3067 -17.8773 1 2
551 -19.8077 -18.4918 1 2
552 -19.3055 -19.1037 1 2
553 -18.7594 -19.6765 1 2
554 -18.2563 -20.2877 1 2
555 -17.7563 -20.9015 1 2
556 -17.2492 -21.5093 1 2
557 -16.7435 -22.1183 1 2
558 -16.2491 -22.7366 1 2
559 -15.6106 -23.2031 1 2
560 -14.9205 -22.7417 2 9
561 -14.3022 -22.1825 2 9
562 -13.7005 -21.6047 2 9
563 -13.1109 -21.0139 2 9
564 -12.4973 -20.4493 2 9
565 -11.8892 -19.8786 2 9
566 -11.2767 -19.3126 2 9
567 -10.6668 -18.7439 2 9
568  -10.088 -18.1422 2 9
569 -9.46367   -17.59 2 9
570 -8.83454 -17.0437 2 9
571 -8.17536 -16.5362 2 9
572 -7.57856 -15.9531 2 9
573 -6.93684 -15.4223 2 9
574  -6.2789 -14.9131 2 9
575 -5.64311  -14.375 2 9
576 -5.03042 -13.8093 2 9
577 -4.42351 -13.2372 2 9
578 -3.79317 -12.6923 2 9
579 -3.17539 -12.1325 2 9
580 -2.56955 -11.5592 2 9
581  -1.9482 -11.0035 2 9
582  -1.3447 -10.4276 2 9
583 -0.723137  -9.87225 2 9
584 -0.0854417   -9.33645 2 9
585 0.536628 -8.78166 2 9
586   1.1649 -8.23426 2 9
587  1.82525 -7.72837 2 9
588  2.46108 -7.19024 2 9
589  3.10387 -6.66091 2 9
590  3.75123 -6.13751 2 9
591  4.54477 -5.94075 2 9
592   5.2433 -6.25606 9 7
593  5.72699 -6.86187 9 7
594  6.15891 -7.50772 9 7
595  6.64448 -8.11194 9 7
596   7.1142 -8.72924 9 7
597  7.62002 -9.31567 9 7
598  8.09948 -9.92501 9 7
599 8.58763 -10.527 9 7
600 9.06632 -11.137 9 7
601  9.55976 -11.7345 9 7
602  10.0685 -12.3182 9 7
603  10.6319 -12.8465 9 7
604  11.1317 -13.4384 9 7
605  11.6367 -14.0255 9 7
606  12.1349 -14.6188 9 7
607  12.6534 -15.1934 9 7
608  13.1563 -15.7825 9 7
609  13.6911 -16.3411 9 7
610  14.2036 -16.9215 9 7
611   14.728 -17.4904 9 7
612  15.2192 -18.0899 9 7
613  15.7428 -18.6596 9 7
614  16.2602 -19.2352 9 7
615 16.7635 -19.824 9 7
616  17.2204 -20.4514 9 7
617   17.176 -21.2403 9 7
618  16.6126 -21.8061 7 4
619  16.0104 -22.3316 7 4
620  15.4169 -22.8666 7 4
621 14.8067 -23.383 7 4
622   14.224 -23.9295 7 4
623  13.6332 -24.4674 7 4
624  13.0537 -25.0171 7 4
625  12.4391 -25.5284 7 4
626  11.8512 -26.0694 7 4
627  11.2592 -26.6061 7 4
628  10.6743 -27.1503 7 4
629 10.0627 -27.665 7 4
630  9.48275 -28.2143 7 4
631  8.89161 -28.7519 7 4
632  8.28046 -29.2672 7 4
633  7.69321 -29.8089 7 4
634  7.08748 -30.3304 7 4
635  6.48223 -30.8524 7 4
636  5.88755 -31.3862 7 4
637   5.2858 -31.9122 7 4
638 4.70938 -32.465 7 4
639  4.12509 -33.0098 7 4
640   3.5076 -33.5177 7 4
641  2.89029 -34.0258 7 4
642  2.32292 -34.5877 7 4
643 1.72051 -35.113 7 4
644    1.125 -35.6458 7 4
645 0.520552 -36.1688 7 4
646 -0.0907602   -36.6839 7 4
647 -0.68096 -37.2225 7 4
648 -1.28629 -37.7444 7 4
649 -1.96362 -38.1713 7 4
650 -2.76015 -38.2619 7 4
673  17.1744 -21.2375 7 4
674  16.7189 -21.8537 7 4
675  16.1293 -22.3537 7 4
676  15.5462 -22.8607 7 4
677  14.9373 -23.3389 7 4
678  14.3582 -23.8502 7 4
679  13.7528 -24.3324 7 4
680  13.1786 -24.8487 7 4
681   12.574 -25.3319 7 4
682  12.0024 -25.8509 7 4
683 11.3994 -26.336 7 4
684  10.8335 -26.8606 7 4
685  10.2391 -27.3555 7 4
686  9.67067 -27.8776 7 4
687  9.07881 -28.3752 7 4
688  8.50968 -28.8967 7 4
689  7.91971 -29.3963 7 4
690  7.34718 -29.9143 7 4
691  6.75514 -30.4116 7 4
692  6.19051 -30.9376 7 4
693   5.5966 -31.4329 7 4
694  5.01192 -31.9382 7 4
695  4.40912 -32.4235 7 4
696  3.82101 -32.9251 7 4
697  3.23847 -33.4327 7 4
698  2.67864 -33.9635 7 4
699   2.0978 -34.4729 7 4
700  1.54888 -35.0141 7 4
701 0.948167 -35.5017 7 4
702  0.37166 -36.0156 7 4
703 -0.245251  -36.4842 7 4
704 -0.828485  -36.9911 7 4
705 -1.43167 -37.4759 7 4
706 -2.03932 -37.9555 7 4
707 -2.75748 -38.2655 7 4
708   -3.425 -37.9086 4 2
709 -3.88636 -37.2976 4 2
710 -4.36438 -36.7003 4 2
711 -4.80179 -36.0708 4 2
712 -5.29227 -35.4844 4 2
713 -5.75736 -34.8763 4 2
714   -6.257 -34.2982 4 2
715 -6.72475 -33.6924 4 2
716 -7.21125 -33.1025 4 2
717  -7.6785 -32.4962 4 2
718 -8.18322 -31.9228 4 2
719 -8.66285 -31.3269 4 2
720 -9.16825 -30.7542 4 2
721 -9.62526 -30.1396 4 2
722 -10.1476 -29.5832 4 2
723  -10.637 -28.9959 4 2
724 -11.1264 -28.4086 4 2
725 -11.5937 -27.8023 4 2
726 -12.1012 -27.2315 4 2
727 -12.6172 -26.6689 4 2
728 -13.1497 -26.1227 4 2
729 -13.6654 -25.5598 4 2
730 -14.1841 -24.9998 4 2
731 -14.6989 -24.4359 4 2
732  -15.169 -23.8321 4 2
733  -15.613 -23.2074 4 2
734 -15.5138 -22.4562 2 9
735 -14.9941 -21.8959 2 9
736 -14.4381 -21.3701 2 9
737 -13.8433 -20.8865 2 9
738 -13.2532 -20.3976 2 9
739 -12.6261 -19.9545 2 9
740 -12.0346 -19.4672 2 9
741 -11.4296 -18.9958 2 9
742 -10.8575 -18.4868 2 9
743 -10.2807 -17.9829 2 9
744 -9.71786 -17.4641 2 9
745 -9.12539 -16.9779 2 9
746 -8.52917  -16.496 2 9
747 -7.91977 -16.0301 2 9
748 -7.30675 -15.5688 2 9
749 -6.68965 -15.1126 2 9
750 -6.11418 -14.6072 2 9
751 -5.50916 -14.1359 2 9
752 -4.92848 -13.6363 2 9
753 -4.31387  -13.177 2 9
754 -3.72676 -12.6845 2 9
755 -3.11549  -12.221 2 9
756 -2.52534  -11.732 2 9
757 -1.89074 -11.2993 2 9
758 -1.27693 -10.8389 2 9
759 -0.641807  -10.4069 2 9
760 -0.0490225   -9.92104 2 9
761 0.570037 -9.46742 2 9
762  1.15831 -8.97632 2 9
763  1.78157 -8.52821 2 9
764   2.3878 -8.05839 2 9
765  3.01197 -7.61147 2 9
766   3.5981 -7.11794 2 9
767  4.15214 -6.59017 2 9
768  4.54636 -5.93892 2 9
769 4.29932   -5.24 9 10
770  3.79873 -4.67615 9 10
771  3.31916 -4.09608 9 10
772  2.79906 -3.54837 9 10
773  2.32049 -2.96756 9 10
774  1.80408 -2.41671 9 10
775  1.32038 -1.83974 9 10
776 0.819513 -1.27612 9 10
777  0.323868 -0.708357 9 10
778 -0.191313 -0.156483 9 10
779 -0.681631  0.415436 9 10
780  -1.2125 0.953765 9 10
781 -1.72345  1.50917 9 10
782 -2.23242  2.06621 9 10
783 -2.74242   2.6224 9 10
784 -3.24675  3.18322 9 10
785 -3.74931  3.74548 9 10
786 -4.27006  4.29263 9 10
787 -4.77633  4.85189 9 10
788 -5.31643  5.38189 9 10
789 -6.01626  5.70695 9 10
790 -6.68183  5.37996 10 1
791 -7.26395  4.89321 10 1
792 -7.81868  4.36864 10 1
793 -8.39321  3.87093 10 1
794 -8.92662  3.31994 10 1
795 -9.48891  2.80535 10 1
796 -10.0293  2.26277 10 1
797 -10.6012  1.76136 10 1
798 -11.1545   1.2349 10 1
799 -11.7355  0.74652 10 1
800 -12.3031 0.239114 10 1
801  -12.8837 -0.249793 10 1
802  -13.4434 -0.767865 10 1
803 -14.0158 -1.26859 10 1
804 -14.5758 -1.78622 10 1
805  -15.156 -2.27579 10 1
806 -15.7271 -2.77837 10 1
807 -16.2993 -3.27939 10 1
808 -16.8345 -3.82818 10 1
809 -17.3983 -4.34076 10 1
810 -17.9397 -4.88212 10 1
811 -18.5163 -5.37699 10 1
812 -19.0815 -5.88755 10 1
813 -19.6605 -6.37896 10 1
814 -20.2335 -6.87876 10 1
815 -20.8099 -7.37389 10 1
816  -21.369 -7.89268 10 1
817 -21.9494 -8.38203 10 1
818 -22.5139 -8.89365 10 1
819 -23.1135 -9.35339 10 1
820 -23.6806  -9.8615 10 1
821 -24.2442 -10.3744 10 1
822 -24.8144 -10.8782 10 1
823 -25.3523 -11.4238 10 1
824 -25.7479  -12.103 10 1
844  17.1766 -21.2398 7 4
845  16.6494 -21.8038 7 4
846  16.0548 -22.2972 7 4
847  15.4138 -22.7293 7 4
848  14.8036 -23.2036 7 4
849  14.1842 -23.6657 7 4
850  13.6026 -24.1741 7 4
851  13.0113 -24.6713 7 4
852  12.4409 -25.1921 7 4
853  11.8511 -25.6911 7 4
854  11.2813 -26.2125 7 4
855  10.6855 -26.7044 7 4
856  10.1222 -27.2328 7 4
857  9.55192 -27.7537 7 4
858  9.00653 -28.3004 7 4
859 8.41984 -28.803 7 4
860 7.84235 -29.316 7 4
861  7.24635 -29.8076 7 4
862  6.66519 -30.3165 7 4
863  6.05871 -30.7953 7 4
864  5.4644 -31.289 7 4
865  4.85708 -31.7668 7 4
866  4.29255 -32.2938 7 4
867  3.72553 -32.8183 7 4
868  3.14389 -33.3266 7 4
869  2.54459 -33.8143 7 4
870  1.97979 -34.3411 7 4
871   1.3939 -34.8446 7 4
872 0.829693  -35.372 7 4
873 0.247292 -35.8795 7 4
874 -0.313035   -36.411 7 4
875 -0.902484  -36.9104 7 4
876 -1.47608 -37.4277 7 4
877 -2.06223 -37.9309 7 4
878 -2.75932 -38.2671 7 4
879 -3.40318 -37.9037 4 2
880 -3.91129 -37.3679 4 2
881 -4.38069 -36.7976 4 2
882  -4.8752 -36.2491 4 2
883 -5.33991 -35.6749 4 2
884 -5.79956 -35.0966 4 2
885 -6.25531 -34.5151 4 2
886 -6.73393 -33.9526 4 2
887 -7.18567 -33.3679 4 2
888 -7.65013 -32.7935 4 2
889 -8.09519 -32.2037 4 2
890 -8.58759 -31.6533 4 2
891 -9.05561 -31.0818 4 2
892 -9.54695 -30.5305 4 2
893 -10.0458  -29.986 4 2
894 -10.5501 -29.4467 4 2
895 -11.0338 -28.8886 4 2
896 -11.5362 -28.3475 4 2
897 -12.0295 -27.7979 4 2
898 -12.5447  -27.269 4 2
899 -13.0266 -26.7093 4 2
900 -13.5193 -26.1592 4 2
901 -14.004 -25.602 4 2
902 -14.5039 -25.0586 4 2
903 -14.9921 -24.5044 4 2
904 -15.4635 -23.9358 4 2
905 -15.6127 -23.2051 4 2
906 -15.1102 -22.6065 2 9
907 -14.5106 -22.1016 2 9
908 -13.9077 -21.6005 2 9
909 -13.3038 -21.1006 2 9
910 -12.7303 -20.5671 2 9
911  -12.111 -20.0859 2 9
912  -11.508 -19.5848 2 9
913 -10.8756 -19.1202 2 9
914 -10.2853 -18.6049 2 9
915 -9.66061 -18.1302 2 9
916 -9.05839 -17.6284 2 9
917 -8.43379 -17.1536 2 9
918   -7.839 -16.6433 2 9
919 -7.21965 -16.1619 2 9
920 -6.61783 -15.6596 2 9
921 -6.00399 -15.1715 2 9
922 -5.42255 -14.6465 2 9
923 -4.81702 -14.1485 2 9
924 -4.22138 -13.6391 2 9
925 -3.60707 -13.1515 2 9
926  -3.0204 -12.6322 2 9
927 -2.40604 -12.1447 2 9
928 -1.81298 -11.6324 2 9
929 -1.19615  -11.148 2 9
930 -0.590508  -10.6501 2 9
931 0.026231 -10.1655 2 9
932 0.636602 -9.67326 2 9
933   1.2666 -9.20548 2 9
934  1.89162 -8.73131 2 9
935   2.5164 -8.25683 2 9
936  3.10168 -7.73593 2 9
937  3.68528 -7.21322 2 9
938  4.22602 -6.64774 2 9
939  4.54653 -5.93906 2 9
940  4.23532 -5.25695 9 10
941  3.80257 -4.64119 9 10
942  3.30376 -4.07476 9 10
943  2.83827 -3.48208 9 10
944  2.33736 -2.91741 9 10
945  1.86479 -2.33006 9 10
946    1.344 -1.78263 9 10
947 0.857586 -1.20609 9 10
948  0.341238 -0.654702 9 10
949  -0.156077 -0.0870267 9 10
950 -0.675311  0.461797 9 10
951 -1.18175   1.0218 9 10
952 -1.70365  1.56823 9 10
953 -2.23093  2.10977 9 10
954 -2.76351  2.64639 9 10
955 -3.27675  3.20051 9 10
956 -3.7774 3.76541 9 10
957 -4.24978   4.3529 9 10
958 -4.76027  4.90941 9 10
959 -5.3003 5.43898 9 10
960 -6.01991  5.70628 9 10
961 -6.70886   5.3663 10 1
962 -7.29658   4.8496 10 1
963 -7.89144  4.34241 10 1
964 -8.45389  3.79426 10 1
965 -9.0224 3.25335 10 1
966 -9.58849  2.70953 10 1
967 -10.1698  2.18458 10 1
968 -10.7556  1.66526 10 1
969 -11.3426  1.14765 10 1
970 -11.8978 0.591034 10 1
971  -12.4652 0.0488193 10 1
972  -13.0289 -0.497899 10 1
973  -13.6312 -0.994757 10 1
974 -14.2212 -1.50852 10 1
975 -14.8196 -2.01081 10 1
976 -15.3979 -2.53961 10 1
977 -15.9903 -3.05021 10 1
978 -16.5584  -3.5916 10 1
979 -17.1459 -4.10854 10 1
980 -17.7309 -4.62881 10 1
981 -18.3016  -5.1671 10 1
982 -18.8718 -5.70594 10 1
983 -19.4628 -6.21832 10 1
984 -20.0393 -6.74933 10 1
985 -20.6401 -7.24835 10 1
986 -21.2245 -7.76937 10 1
987 -21.8111 -8.28759 10 1
988 -22.3972 -8.80643 10 1
989 -22.9841 -9.32423 10 1
990 -23.5598  -9.8563 10 1
991 -24.1515 -10.3678 10 1
992 -24.7217 -10.9066 10 1
993 -25.2839  -11.455 10 1
994 -25.7441 -12.1035 10 1
1012  17.1829 -21.2439 7 4
1013  16.7247 -21.8577 7 4
1014  16.1732 -22.3753 7 4
1015  15.5751 -22.8297 7 4
1016  15.0056 -23.3244 7 4
1017  14.4244 -23.8034 7 4
1018  13.8652 -24.3115 7 4
1019  13.2871 -24.7946 7 4
1020  12.7141 -25.2847 7 4
1021  12.1212 -25.7469 7 4
1022  11.5474 -26.2358 7 4
1023   10.96 -26.706 7 4
1024 10.3847 -27.193 7 4
1025  9.80986 -27.6806 7 4
1026  9.25123 -28.1894 7 4
1027  8.67578 -28.6763 7 4
1028  8.13325 -29.2047 7 4
1029  7.56982 -29.7074 7 4
1030  7.01617 -30.2224 7 4
1031  6.44642 -30.7168 7 4
1032  5.87172 -31.2047 7 4
1033  5.29166 -31.6851 7 4
1034 4.74361 -32.207 7 4
1035  4.15906 -32.6812 7 4
1036   3.6002 -33.1897 7 4
1037  3.03307 -33.6876 7 4
1038    2.482 -34.2058 7 4
1039  1.90223 -34.6867 7 4
1040  1.32951 -35.1771 7 4
1041 0.747873 -35.6554 7 4
1042 0.184069 -36.1576 7 4
1043 -0.375007  -36.6659 7 4
1044 -0.916857  -37.1951 7 4
1045 -1.46753 -37.7138 7 4
1046   -2.041 -38.2033 7 4
1047 -2.76774 -38.2611 7 4
1048 -3.28892 -37.7057 4 2
1049 -3.75274 -37.1013 4 2
1050 -4.24514 -36.5201 4 2
1051 -4.73762 -35.9389 4 2
1052 -5.23899 -35.3655 4 2
1053 -5.72594 -34.7797 4 2
1054 -6.23119 -34.2096 4 2
1055 -6.72563 -33.6302 4 2
1056 -7.23745  -33.066 4 2
1057  -7.7032 -32.4631 4 2
1058 -8.21359 -31.8977 4 2
1059  -8.7078 -31.3181 4 2
1060 -9.21349 -30.7484 4 2
1061 -9.70478 -30.1663 4 2
1062 -10.1822 -29.5726 4 2
1063 -10.6641 -28.9826 4 2
1064 -11.1726 -28.4155 4 2
1065 -11.6678 -27.8367 4 2
1066 -12.1969 -27.2888 4 2
1067 -12.6941 -26.7117 4 2
1068  -13.211 -26.1522 4 2
1069 -13.6733 -25.5467 4 2
1070 -14.1827 -24.9804 4 2
1071 -14.6904 -24.4125 4 2
1072  -15.209 -23.8546 4 2
1073 -15.6117 -23.2075 4 2
1074 -15.2116 -22.5705 2 9
1075 -14.6397 -22.0666 2 9
1076 -14.0782 -21.5521 2 9
1077 -13.4862 -21.0696 2 9
1078 -12.9286 -20.5513 2 9
1079 -12.3622 -20.0418 2 9
1080 -11.8009 -19.5271 2 9
1081 -11.2213 -19.0311 2 9
1082 -10.6587 -18.5178 2 9
1083 -10.1041 -17.9966 2 9
1084 -9.53966 -17.4851 2 9
1085 -8.95035 -16.9996 2 9
1086 -8.36698 -16.5076 2 9
1087 -7.78515  -16.014 2 9
1088 -7.21901 -15.5042 2 9
1089 -6.61058 -15.0404 2 9
1090 -6.03084 -14.5446 2 9
1091 -5.41553 -14.0891 2 9
1092 -4.81304 -13.6184 2 9
1093 -4.20821 -13.1504 2 9
1094 -3.61337  -12.671 2 9
1095 -2.98268 -12.2348 2 9
1096 -2.38675 -11.7566 2 9
1097 -1.77638 -11.2951 2 9
1098 -1.18193 -10.8153 2 9
1099 -0.549825  -10.3809 2 9
1100 0.0554389   -9.9134 2 9
1101   0.6693 -9.45612 2 9
1102  1.27891 -8.99374 2 9
1103  1.91492 -8.56447 2 9
1104  2.52145 -8.09846 2 9
1105  3.14575 -7.65405 2 9
1106    3.734 -7.16738 2 9
1107  4.27343 -6.63195 2 9
1108   4.5471 -5.93706 2 9
1109   4.2212 -5.26066 9 10
1110  3.70127 -4.71743 9 10
1111  3.20746 -4.15081 9 10
1112  2.67283 -3.62174 9 10
1113  2.16177 -3.07033 9 10
1114  1.62845 -2.53996 9 10
1115  1.12341 -1.98313 9 10
1116 0.593728 -1.44921 9 10
1117 0.0851364 -0.895572 9 10
1118 -0.429641 -0.347563 9 10
1119 -0.918086  0.223608 9 10
1120 -1.42406 0.779599 9 10
1121 -1.89534  1.36479 9 10
1122 -2.39156  1.92934 9 10
1123 -2.87674  2.50324 9 10
1124 -3.37631  3.06488 9 10
1125 -3.85827  3.64145 9 10
1126 -4.36949  4.19271 9 10
1127 -4.86499  4.75787 9 10
1128 -5.3787 5.30686 9 10
1129 -6.01919  5.70613 9 10
1130   -6.71 5.43772 10 1
1131 -7.31947  4.98987 10 1
1132 -7.8906 4.48549 10 1
1133 -8.46729  3.98867 10 1
1134 -9.02075  3.46144 10 1
1135 -9.59248  2.95788 10 1
1136 -10.1402  2.42358 10 1
1137 -10.6863  1.88729 10 1
1138 -11.2275  1.34522 10 1
1139 -11.7962 0.837656 10 1
1140 -12.3397 0.298218 10 1
1141  -12.9038 -0.215431 10 1
1142  -13.4296 -0.775197 10 1
1143 -13.9962 -1.28558 10 1
1144 -14.5544 -1.80694 10 1
1145 -15.138 -2.2941 10 1
1146  -15.692 -2.82056 10 1
1147 -16.2733 -3.31103 10 1
1148 -16.8375 -3.82461 10 1
1149 -17.4261 -4.30444 10 1
1150 -17.9977 -4.80819 10 1
1151 -18.5914 -5.28068 10 1
1152 -19.1662    -5.78 10 1
1153   -19.74 -6.28083 10 1
1154 -20.3071 -6.79061 10 1
1155 -20.8862 -7.28409 10 1
1156 -21.4591 -7.78609 10 1
1157 -22.0586 -8.24961 10 1
1158 -22.6378 -8.74302 10 1
1159 -23.2036 -9.25448 10 1
1160 -23.7546 -9.78472 10 1
1161 -24.3254 -10.2896 10 1
1162 -24.8652 -10.8333 10 1
1163 -25.3697 -11.4158 10 1
1164 -25.7469 -12.1042 10 1
1181  17.1859 -21.2474 7 4
1182  16.7123 -21.8524 7 4
1183  16.1012 -22.2726 7 4
1184  15.5117 -22.7307 7 4
1185  14.9286 -23.1989 7 4
1186  14.3691 -23.7025 7 4
1187  13.7815 -24.1635 7 4
1188  13.2128 -24.6539 7 4
1189  12.6273 -25.1182 7 4
1190  12.0586 -25.6086 7 4
1191  11.4778 -26.0805 7 4
1192  10.9181 -26.5838 7 4
1193  10.3458 -27.0687 7 4
1194  9.78964 -27.5769 7 4
1195  9.22252 -28.0695 7 4
1196  8.65564 -28.5625 7 4
1197  8.06862 -29.0245 7 4
1198  7.49849 -29.5127 7 4
1199  6.92625 -29.9977 7 4
1200  6.37297 -30.5099 7 4
1201  5.79152 -30.9808 7 4
1202  5.21773 -31.4635 7 4
1203  4.62862 -31.9221 7 4
1204  4.08508 -32.4473 7 4
1205   3.5124 -32.9317 7 4
1206  2.95497 -33.4381 7 4
1207  2.37665 -33.9139 7 4
1208  1.81608 -34.4159 7 4
1209 1.22909 -34.878 7 4
1210 0.653404 -35.3578 7 4
1211 0.0687338  -35.8236 7 4
1212 -0.485353  -36.3347 7 4
1213 -1.05192 -36.8281 7 4
1214 -1.59063 -37.3596 7 4
1215  -2.1578 -37.8521 7 4
1216 -2.77351 -38.2636 7 4
1217 -3.46362 -37.9441 4 2
1218  -3.9542 -37.3911 4 2
1219 -4.33702 -36.7671 4 2
1220 -4.81217 -36.2024 4 2
1221 -5.24928  -35.611 4 2
1222 -5.70915 -35.0351 4 2
1223 -6.13855 -34.4387 4 2
1224 -6.62812 -33.8849 4 2
1225 -7.09659 -33.3152 4 2
1226 -7.58665 -32.7618 4 2
1227 -8.0618 -32.197 4 2
1228 -8.55304 -31.6446 4 2
1229 -9.02446  -31.077 4 2
1230 -9.52681 -30.5335 4 2
1231 -10.0191 -29.9818 4 2
1232 -10.5238 -29.4402 4 2
1233 -11.0031 -28.8786 4 2
1234 -11.4994 -28.3301 4 2
1235 -11.9653 -27.7585 4 2
1236  -12.505 -27.2476 4 2
1237 -12.9832 -26.6851 4 2
1238 -13.4858 -26.1417 4 2
1239 -13.9398 -25.5618 4 2
1240 -14.4327 -25.0106 4 2
1241 -14.9074 -24.4455 4 2
1242 -15.4052 -23.8982 4 2
1243 -15.6104 -23.2039 4 2
1244 -15.1075 -22.6093 2 9
1245 -14.4784 -22.1412 2 9
1246 -13.8574 -21.6631 2 9
1247 -13.2281 -21.1953 2 9
1248 -12.6163 -20.7061 2 9
1249 -11.9828 -20.2436 2 9
1250 -11.3699 -19.7557 2 9
1251 -10.7372 -19.2921 2 9
1252 -10.1801 -18.7449 2 9
1253 -9.58987 -18.2314 2 9
1254 -8.99558 -17.7223 2 9
1255 -8.36602 -17.2548 2 9
1256 -7.78166  -16.735 2 9
1257 -7.17377 -16.2413 2 9
1258 -6.57938 -15.7323 2 9
1259 -5.98076  -15.228 2 9
1260 -5.37842 -14.7279 2 9
1261  -4.7448 -14.2655 2 9
1262 -4.14956 -13.7575 2 9
1263 -3.54039 -13.2652 2 9
1264 -2.94522 -12.7571 2 9
1265 -2.35683 -12.2416 2 9
1266 -1.78411 -11.7098 2 9
1267 -1.20478 -11.1847 2 9
1268 -0.636194  -10.6487 2 9
1269 -0.0446101   -10.1366 2 9
1270  0.54612 -9.62367 2 9
1271  1.17118 -9.15051 2 9
1272  1.77133 -8.64794 2 9
1273  2.37568 -8.15011 2 9
1274  2.96253 -7.63296 2 9
1275   3.5686 -7.13711 2 9
1276  4.12246 -6.58678 2 9
1277   4.5473 -5.93758 2 9
1278  4.44819 -5.17898 9 10
1279  3.99045 -4.57568 9 10
1280  3.43572 -4.06215 9 10
1281  2.92019 -3.50862 9 10
1282  2.40181 -2.95779 9 10
1283  1.91587 -2.37755 9 10
1284  1.36574 -1.85901 9 10
1285 0.848354 -1.30724 9 10
1286  0.322095 -0.764084 9 10
1287 -0.188969 -0.206333 9 10
1288 -0.717429  0.334637 9 10
1289 -1.21863 0.901453 9 10
1290 -1.74693  1.44259 9 10
1291 -2.25877  1.99961 9 10
1292 -2.78918  2.53864 9 10
1293 -3.29467  3.10155 9 10
1294 -3.83312   3.6324 9 10
1295 -4.35373  4.18108 9 10
1296 -4.90506  4.69831 9 10
1297 -5.44481  5.22781 9 10
1298 -6.02467  5.71239 9 10
1299 -6.8002 5.65521 10 1
1300 -7.38686  5.18816 10 1
1301 -7.96401  4.71057 10 1
1302 -8.52073   4.2116 10 1
1303 -9.07214  3.70731 10 1
1304 -9.61352   3.1933 10 1
1305 -10.1783   2.7026 10 1
1306 -10.745  2.2138 10 1
1307 -11.3259  1.74039 10 1
1308  -11.88 1.23876 10 1
1309 -12.4353 0.738362 10 1
1310 -12.9715 0.219413 10 1
1311  -13.5388 -0.268642 10 1
1312  -14.1012 -0.761831 10 1
1313 -14.6713   -1.247 10 1
1314 -15.2181 -1.75577 10 1
1315  -15.797 -2.23148 10 1
1316  -16.346 -2.73814 10 1
1317 -16.9129 -3.22665 10 1
1318 -17.4417 -3.75243 10 1
1319 -18.0175 -4.23144 10 1
1320 -18.5445 -4.75884 10 1
1321  -19.111 -5.24782 10 1
1322 -19.6499 -5.76422 10 1
1323 -20.2117 -6.25799 10 1
1324 -20.7697 -6.75565 10 1
1325  -21.328 -7.25307 10 1
1326 -21.8598 -7.77607 10 1
1327 -22.4156 -8.27594 10 1
1328 -22.9349 -8.81022 10 1
1329 -23.4861  -9.3147 10 1
1330 -24.0443 -9.81224 10 1
1331 -24.6109 -10.3011 10 1
1332 -25.1371 -10.8292 10 1
1333 -25.6189 -11.3946 10 1
1334 -25.7397 -12.1153 10 1
1350 -15.6121 -23.2068 2 9
1351 -15.4787 -22.4539 2 9
1352 -14.9419 -21.9099 2 9
1353 -14.3237 -21.4592 2 9
1354 -13.7486 -20.9554 2 9
1355 -13.1381 -20.4945 2 9
1356  -12.549 -20.0069 2 9
1357 -11.9429 -19.5402 2 9
1358 -11.3662 -19.0383 2 9
1359 -10.7513 -18.5831 2 9
1360 -10.1964 -18.0575 2 9
1361 -9.62317 -17.5515 2 9
1362 -9.05213 -17.0432 2 9
1363 -8.46288 -16.5558 2 9
1364 -7.91981  -16.018 2 9
1365 -7.31671 -15.5476 2 9
1366 -6.74811 -15.0366 2 9
1367 -6.15424 -14.5548 2 9
1368 -5.60476 -14.0235 2 9
1369 -4.99624   -13.56 2 9
1370 -4.43522 -13.0408 2 9
1371 -3.83806 -12.5629 2 9
1372  -3.2763 -12.0445 2 9
1373 -2.67591 -11.5707 2 9
1374 -2.09734 -11.0708 2 9
1375 -1.49848 -10.5951 2 9
1376 -0.923266  -10.0915 2 9
1377 -0.313288  -9.62985 2 9
1378 0.265002 -9.12968 2 9
1379 0.892701 -8.69203 2 9
1380  1.48219 -8.20492 2 9
1381   2.1198 -7.78156 2 9
1382  2.70693 -7.29166 2 9
1383  3.32317 -6.83829 2 9
1384  3.89103 -6.32646 2 9
1385  4.55034 -5.93701 2 9
1386  5.31331 -6.26691 9 37
1387  5.85876 -6.87345 9 37
1388   6.4156 -7.47066 9 37
1389  6.98451 -8.05757 9 37
1390  7.63089 -8.56685 9 37
1391  8.35434 -8.36902 37 64
1392 8.89174 -7.8399 37 64
1393 9.46065 -7.3462 37 64
1394  9.98292 -6.80152 37 64
1395   10.536 -6.28943 37 64
1396  11.0919 -5.78068 37 64
1397  11.6502 -5.27445 37 64
1398  12.2018 -4.76086 37 64
1399  12.7524 -4.24596 37 64
1400  13.2136 -3.64641 37 64
1401  13.5402 -2.95921 37 64
1402 13.2068 -2.2814 64 88
1403  12.7585 -1.67624 64 88
1404  12.2584 -1.11421 64 88
1405   11.8037 -0.514011 64 88
1406   11.3122 0.0557494 64 88
1407  10.8486 0.648952 64 88
1408 10.3697 1.22954 64 88
1409 9.91508 1.82985 64 88
1410 9.42052 2.39688 64 88
1411 8.88789 2.92763 64 88
1412 8.15896 3.11491 64 88
1413 7.44824 2.65447 88 89
1414 6.81574 2.09648 88 89
1415 6.17325 1.54927 88 89
1416 5.52754 1.00564 88 89
1417  4.85552 0.492918 88 89
1418     4.1852 -0.0218827 88 89
1419  3.52473 -0.54858 88 89
1420 2.81826 -1.0152 88 89
1434 -15.6121 -23.2069 2 9
1435 -15.3988 -22.4728 2 9
1436 -14.9003  -21.893 2 9
1437 -14.2922 -21.4277 2 9
1438 -13.6934 -20.9507 2 9
1439 -13.0838 -20.4874 2 9
1440 -12.4978  -19.995 2 9
1441 -11.8941 -19.5241 2 9
1442  -11.309 -19.0307 2 9
1443 -10.6892 -18.5808 2 9
1444 -10.1217 -18.0675 2 9
1445 -9.53655 -17.5741 2 9
1446 -8.98724 -17.0417 2 9
1447 -8.41528 -16.5333 2 9
1448 -7.86829 -15.9985 2 9
1449 -7.28461 -15.5034 2 9
1450 -6.72544 -14.9812 2 9
1451 -6.13081 -14.4991 2 9
1452 -5.56864 -13.9801 2 9
1453 -4.97048 -13.5023 2 9
1454 -4.40108 -12.9911 2 9
1455 -3.80581 -12.5098 2 9
1456 -3.23152  -12.004 2 9
1457 -2.64659 -11.5104 2 9
1458  -2.0776 -10.9987 2 9
1459 -1.47438 -10.5272 2 9
1460 -0.903366  -10.0178 2 9
1461 -0.305732  -9.53937 2 9
1462 0.271256 -9.03662 2 9
1463 0.880314 -8.57256 2 9
1464   1.4553 -8.06756 2 9
1465   2.0566 -7.59366 2 9
1466  2.63212 -7.08925 2 9
1467  3.21964 -6.59867 2 9
1468  3.79748 -6.09688 2 9
1469  4.55057 -5.93661 2 9
1470  5.24266 -6.38754 9 37
1471  5.77965 -6.99715 9 37
1472   6.3387 -7.58921 9 37
1473  6.89435 -8.18406 9 37
1474   7.6306 -8.56752 9 37
1475 8.27873 -8.1982 37 64
1476  8.83335 -7.69759 37 64
1477  9.39404 -7.20395 37 64
1478  9.93082 -6.68377 37 64
1479  10.4894 -6.18769 37 64
1480 11.0143 -5.6552 37 64
1481  11.5831 -5.17116 37 64
1482  12.1356 -4.66809 37 64
1483   12.701 -4.17999 37 64
1484  13.2175 -3.63912 37 64
1485   13.54 -2.9587 37 64
1486  13.2347 -2.26095 64 88
1487  12.7967 -1.64064 64 88
1488  12.2976 -1.06947 64 88
1489   11.8497 -0.456443 64 88
1490  11.3875 0.145602 64 88
1491  10.9343 0.754605 64 88
1492 10.4489 1.33771 64 88
1493 9.98027 1.93461 64 88
1494 9.46976  2.4954 64 88
1495 8.91232 3.00883 64 88
1496 8.16264 3.12586 64 88
1497 7.48978  2.7385 88 89
1498 6.87365 2.28132 88 89
1499 6.25948 1.82201 88 89
1500 5.65384 1.35356 88 89
1501   5.0177 0.919166 88 89
1502  4.39256 0.472033 88 89
1503    3.7551 0.0392136 88 89
1504   3.08318 -0.349443 88 89
1505  2.81515 -1.02666 88 89
1520 -15.6123 -23.2069 2 9
1521 -15.3243 -22.5015 2 9
1522 -14.7638 -21.9858 2 9
1523 -14.1403 -21.5475 2 9
1524 -13.5538 -21.0612 2 9
1525 -12.9438 -20.6045 2 9
1526  -12.362 -20.1127 2 9
1527 -11.7789 -19.6225 2 9
1528 -11.2183 -19.1069 2 9
1529 -10.6451 -18.6053 2 9
1530  -10.075 -18.1001 2 9
1531 -9.48083 -17.6232 2 9
1532 -8.92305 -17.1046 2 9
1533 -8.33341 -16.6222 2 9
1534 -7.77064 -16.1089 2 9
1535 -7.18457 -15.6222 2 9
1536 -6.64846 -15.0814 2 9
1537  -6.0788 -14.5758 2 9
1538 -5.49787  -14.083 2 9
1539 -4.89718 -13.6142 2 9
1540 -4.31778 -13.1197 2 9
1541 -3.74386 -12.6188 2 9
1542 -3.16683 -12.1215 2 9
1543 -2.55707 -11.6645 2 9
1544 -1.96469 -11.1854 2 9
1545 -1.35843 -10.7237 2 9
1546 -0.778035  -10.2303 2 9
1547 -0.171489  -9.76903 2 9
1548 0.410427  -9.2774 2 9
1549  1.01933 -8.81919 2 9
1550  1.58468 -8.30879 2 9
1551  2.16516 -7.81549 2 9
1552  2.73367 -7.30859 2 9
1553  3.31632 -6.81781 2 9
1554  3.86931 -6.29416 2 9
1555  4.54357 -5.93689 2 9
1556  5.16023 -6.28168 9 37
1557  5.55785 -6.89417 9 37
1558 5.98892 -7.4791 9 37
1559  6.41733 -8.06633 9 37
1560  6.94042 -8.55615 9 37
1561  7.63874 -8.56919 9 37
1562  8.23763 -8.10691 37 64
1563  8.81723 -7.62412 37 64
1564   9.3645 -7.10999 37 64
1565  9.92882 -6.61194 37 64
1566  10.4874 -6.10837 37 64
1567  11.0807 -5.64001 37 64
1568  11.6466 -5.14351 37 64
1569  12.2411 -4.67642 37 64
1570   12.789 -4.16288 37 64
1571  13.3421 -3.65412 37 64
1572  13.5364 -2.95517 37 64
1573  13.0708 -2.29027 64 88
1574  12.4859 -1.72892 64 88
1575  11.9594 -1.11155 64 88
1576    11.444 -0.484884 64 88
1577  10.9304 0.143418 64 88
1578  10.4028 0.759784 64 88
1579  9.8858 1.38518 64 88
1580 9.35813  2.0015 64 88
1581 8.81413 2.60324 64 88
1582 8.18229 3.10977 64 88
1583 7.51366 2.87239 88 89
1584 7.01015 2.33425 88 89
1585 6.51522 1.78658 88 89
1586  6.0086 1.25199 88 89
1587  5.48536 0.737076 88 89
1588  4.95796 0.227303 88 89
1589   4.43142 -0.283529 88 89
1590   3.91629 -0.808213 88 89
1591  3.41414 -1.34788 88 89
1592  2.80003 -1.01538 88 89
1606 -15.6122 -23.2068 2 9
1607 -15.3698 -22.4817 2 9
1608 -14.8357 -21.9358 2 9
1609 -14.2117 -21.4943 2 9
1610 -13.6349 -20.9935 2 9
1611 -13.0397 -20.5144 2 9
1612  -12.487 -19.9871 2 9
1613 -11.8973 -19.5013 2 9
1614 -11.3298 -18.9899 2 9
1615 -10.7288 -18.5181 2 9
1616 -10.1779 -17.9891 2 9
1617 -9.57941  -17.514 2 9
1618 -8.98797 -17.0303 2 9
1619 -8.39718 -16.5458 2 9
1620 -7.83514 -16.0285 2 9
1621 -7.22295 -15.5711 2 9
1622 -6.64791 -15.0682 2 9
1623 -6.07308  -14.565 2 9
1624 -5.49604 -14.0644 2 9
1625 -4.91182  -13.572 2 9
1626  -4.3576 -13.0464 2 9
1627 -3.7627 -12.567 2 9
1628  -3.1725 -12.0818 2 9
1629 -2.56809 -11.6142 2 9
1630  -1.9861 -11.1193 2 9
1631  -1.3718 -10.6646 2 9
1632 -0.801646  -10.1562 2 9
1633 -0.188493  -9.70008 2 9
1634 0.380714 -9.19062 2 9
1635 0.983896  -8.7215 2 9
1636  1.54559 -8.20382 2 9
1637  2.12632 -7.70743 2 9
1638  2.67752 -7.17867 2 9
1639  3.25687 -6.68068 2 9
1640  3.81879 -6.16325 2 9
1641  4.55087 -5.93608 2 9
1642  5.25331 -6.36529 9 37
1643  5.81088 -6.94939 9 37
1644  6.38719 -7.51777 9 37
1645  6.99147 -8.06071 9 37
1646  7.63075 -8.56802 9 37
1647  8.36114 -8.38422 37 64
1648  8.89248 -7.85145 37 64
1649  9.41426 -7.30917 37 64
1650  9.93686 -6.76769 37 64
1651  10.4923 -6.26048 37 64
1652  11.0259 -5.72997 37 64
1653  11.5721 -5.21271 37 64
1654  12.0972 -4.67366 37 64
1655 12.6512 -4.1649 37 64
1656  13.1612 -3.61129 37 64
1657  13.5404 -2.95864 37 64
1658  13.2752 -2.24865 64 88
1659  12.8129 -1.65777 64 88
1660  12.3141 -1.09909 64 88
1661   11.8142 -0.541408 64 88
1662    11.3048 0.00715362 64 88
1663  10.8078 0.567475 64 88
1664 10.3146  1.1314 64 88
1665  9.8507 1.72097 64 88
1666 9.36959 2.29577 64 88
1667  8.8496 2.83379 64 88
1668 8.16459 3.12341 64 88
1669 7.48381 2.77767 88 89
1670 6.90941 2.29097 88 89
1671 6.31312 1.82829 88 89
1672 5.72238 1.35932 88 89
1673  5.11744 0.906723 88 89
1674  4.51515 0.450984 88 89
1675    3.92594 -0.0196907 88 89
1676   3.39986 -0.553039 88 89
1677  2.81126 -1.02439 88 89
1693 -15.6123 -23.2069 2 9
1694 -15.1153 -22.6323 2 9
1695 -14.5326  -22.144 2 9
1696 -13.9589 -21.6453 2 9
1697  -13.368 -21.1669 2 9
1698 -12.8099  -20.651 2 9
1699 -12.2118 -20.1815 2 9
1700 -11.6408 -19.6798 2 9
1701 -11.0484 -19.2032 2 9
1702 -10.4754 -18.7037 2 9
1703 -9.86221 -18.2538 2 9
1704 -9.29353 -17.7495 2 9
1705 -8.68511 -17.2932 2 9
1706 -8.09087 -16.8189 2 9
1707 -7.46502 -16.3865 2 9
1708 -6.91386 -15.8632 2 9
1709 -6.30701  -15.405 2 9
1710 -5.73487 -14.9045 2 9
1711 -5.12387 -14.4517 2 9
1712 -4.54288 -13.9614 2 9
1713 -3.93787 -13.5007 2 9
1714 -3.41994 -12.9448 2 9
1715 -2.80576 -12.4962 2 9
1716 -2.21886 -12.0129 2 9
1717 -1.61341 -11.5528 2 9
1718 -1.09251 -10.9996 2 9
1719 -0.503662  -10.5187 2 9
1720 0.0746876  -10.0254 2 9
1721 0.661012 -9.54142 2 9
1722  1.20585 -9.01162 2 9
1723  1.77216 -8.50464 2 9
1724  2.28703 -7.94584 2 9
1725  2.84363 -7.42831 2 9
1726  3.34689 -6.85908 2 9
1727  3.90778 -6.34616 2 9
1728  4.54995 -5.93794 2 9
1729 5.33429 -6.2053 9 37
1730  5.90399 -6.80152 9 37
1731  6.43577 -7.43008 9 37
1732  7.00399 -8.02765 9 37
1733   7.6298 -8.56735 9 37
1734  8.34098 -8.56016 37 64
1735 8.89344 -8.1262 37 64
1736  9.38295 -7.61958 37 64
1737 9.92081 -7.1671 37 64
1738  10.4182 -6.66859 37 64
1739  10.9525 -6.21176 37 64
1740  11.4416 -5.70481 37 64
1741  11.9525 -5.22089 37 64
1742  12.4324 -4.70459 37 64
1743  12.9341 -4.21068 37 64
1744  13.3821 -3.66474 37 64
1745  13.5405 -2.95765 37 64
1746  13.0315 -2.37234 64 86
1747  12.4982 -1.80838 64 86
1748  11.9467 -1.26166 64 86
1749   11.4203 -0.691486 64 86
1750   10.8497 -0.164186 64 86
1751  10.3396 0.420263 64 86
1752  9.77277 0.951487 64 86
1753 9.25897 1.53276 64 86
1754 8.69213 2.06398 64 86
1755 8.14992 2.61961 64 86
1756 7.57281 3.13996 64 86
1757 7.04875 3.71227 64 86
1758 6.49235  4.2541 64 86
1759 5.94685 4.80659 64 86
1760 5.39542 5.35333 64 86
1761 4.71936 5.74141 64 86
1762 3.92911 5.22531 86 87
1763 3.23496  4.5871 86 87
1764 2.58943 3.90257 86 87
1765 1.90095 3.25853 86 87
1766 1.25591 2.57358 86 87
1767 0.637478  1.86644 86 87
1780 -15.6124 -23.2066 2 9
1781 -15.4881 -22.4475 2 9
1782 -14.9511 -21.9031 2 9
1783 -14.3466 -21.4355 2 9
1784 -13.7553 -20.9511 2 9
1785 -13.1409 -20.4964 2 9
1786 -12.5501 -20.0115 2 9
1787 -11.9333   -19.56 2 9
1788  -11.325 -19.0973 2 9
1789 -10.7139 -18.6382 2 9
1790 -10.1055 -18.1756 2 9
1791 -9.47389 -17.7453 2 9
1792 -8.87916 -17.2652 2 9
1793 -8.26484 -16.8104 2 9
1794 -7.69642 -16.2993 2 9
1795 -7.08048 -15.8467 2 9
1796 -6.48768 -15.3642 2 9
1797 -5.86858  -14.916 2 9
1798 -5.29384  -14.412 2 9
1799 -4.69331 -13.9392 2 9
1800  -4.1395 -13.4121 2 9
1801 -3.55214  -12.923 2 9
1802 -3.00042 -12.3937 2 9
1803 -2.41111 -11.9069 2 9
1804 -1.83488 -11.4046 2 9
1805 -1.23416  -10.932 2 9
1806 -0.685829  -10.3993 2 9
1807 -0.0957705   -9.91336 2 9
1808 0.479375 -9.40983 2 9
1809  1.06805 -8.92225 2 9
1810  1.63209 -8.40625 2 9
1811  2.23592 -7.93763 2 9
1812  2.80656 -7.42897 2 9
1813  3.38248 -6.92633 2 9
1814  3.93161 -6.39437 2 9
1815  4.54379 -5.93675 2 9
1816   5.1538 -6.29016 9 37
1817  5.54776 -6.89837 9 37
1818  6.00849 -7.44942 9 37
1819  6.45367 -8.01498 9 37
1820  6.94009 -8.54021 9 37
1821 7.63983   -8.57 9 37
1822 8.23272 -8.0825 37 64
1823 8.83621 -7.6055 37 64
1824  9.43431 -7.12312 37 64
1825  10.0561 -6.66529 37 64
1826  10.6742 -6.20335 37 64
1827  11.2851 -5.73398 37 64
1828  11.8706 -5.23943 37 64
1829  12.4666 -4.75495 37 64
1830  13.0268 -4.23744 37 64
1831  13.5118 -3.66237 37 64
1832  13.5369 -2.95468 37 64
1833  13.0399 -2.34656 64 86
1834  12.4805 -1.80136 64 86
1835  11.9566 -1.21856 64 86
1836   11.4067 -0.662832 64 86
1837   10.8498 -0.114818 64 86
1838  10.2677 0.403566 64 86
1839  9.72763 0.969844 64 86
1840  9.1735 1.52095 64 86
1841 8.66221  2.1159 64 86
1842 8.12634 2.68656 64 86
1843 7.61649 3.28287 64 86
1844 7.09132 3.86436 64 86
1845  6.5919 4.47032 64 86
1846 6.05163 5.03638 64 86
1847 5.49221 5.58158 64 86
1848 4.75279 5.76623 64 86
1849 4.17286 5.32294 86 87
1850 3.69503 4.77315 86 87
1851 3.19949 4.23911 86 87
1852 2.71297 3.69693 86 87
1853 2.23752  3.1451 86 87
1854 1.78763 2.57231 86 87
1855  1.3097 2.02261 86 87
1856 0.596486  1.83194 86 87
1869 -15.6114 -23.2063 2 9
1870 -15.1817 -22.5548 2 9
1871  -14.575 -22.0603 2 9
1872 -13.9899  -21.541 2 9
1873 -13.3655 -21.0688 2 9
1874 -12.7787 -20.5512 2 9
1875 -12.1551  -20.078 2 9
1876 -11.5524 -19.5787 2 9
1877 -10.9121  -19.128 2 9
1878  -10.297 -18.6438 2 9
1879 -9.65905 -18.1898 2 9
1880 -9.07418 -17.6702 2 9
1881 -8.45703 -17.1886 2 9
1882  -7.8716 -16.6697 2 9
1883 -7.26861 -16.1708 2 9
1884 -6.69177 -15.6425 2 9
1885 -6.07959 -15.1547 2 9
1886 -5.51668 -14.6118 2 9
1887 -4.90778 -14.1201 2 9
1888 -4.32672 -13.5963 2 9
1889 -3.71359 -13.1098 2 9
1890 -3.11113 -12.6103 2 9
1891 -2.48582 -12.1392 2 9
1892 -1.90288 -11.6175 2 9
1893 -1.30874 -11.1083 2 9
1894 -0.744838  -10.5664 2 9
1895 -0.137177  -10.0732 2 9
1896 0.446109 -9.55181 2 9
1897  1.05278 -9.05737 2 9
1898  1.59632 -8.49539 2 9
1899  2.19764 -7.99458 2 9
1900  2.76097 -7.45209 2 9
1901  3.35255 -6.93999 2 9
1902  3.89362 -6.37568 2 9
1903  4.54216 -5.93656 2 9
1904  5.18063 -6.18841 9 37
1905  5.61851 -6.73961 9 37
1906  6.07026 -7.27763 9 37
1907  6.49131 -7.84398 9 37
1908  6.99933 -8.32109 9 37
1909  7.63899 -8.56972 9 37
1910  8.25867 -8.13196 37 64
1911  8.84651 -7.65768 37 64
1912  9.40483 -7.15327 37 64
1913  9.98499 -6.67083 37 64
1914  10.5395 -6.16272 37 64
1915  11.1203 -5.68101 37 64
1916  11.6842 -5.18206 37 64
1917   12.262 -4.69717 37 64
1918  12.8059 -4.17919 37 64
1919  13.3494 -3.66076 37 64
1920  13.5374 -2.95629 37 64
1921  13.1016 -2.30697 64 86
1922   12.531 -1.77451 64 86
1923  12.0004 -1.20148 64 86
1924   11.4713 -0.627056 64 86
1925    10.9611 -0.0354292 64 86
1926  10.4265 0.533777 64 86
1927 9.89926 1.10997 64 86
1928 9.34251 1.65716 64 86
1929 8.80493 2.22353 64 86
1930 8.25468 2.77736 64 86
1931  7.7292 3.35518 64 86
1932 7.17749 3.90754 64 86
1933   6.664 4.49623 64 86
1934 6.09487 5.03029 64 86
1935 5.49634 5.53055 64 86
1936 4.75791 5.77377 64 86
1937 4.15288 5.37153 86 87
1938 3.69998 4.80855 86 87
1939 3.22584 4.26302 86 87
1940 2.73281 3.73414 86 87
1941 2.22289 3.22109 86 87
1942 1.74801 2.67621 86 87
1943 1.25266 2.14944 86 87
1944 0.596443  1.83012 86 87
1958 -15.6121 -23.2072 2 9
1959  -15.175 -22.5858 2 9
1960  -14.558 -22.1375 2 9
1961 -13.9992 -21.6205 2 9
1962 -13.4107 -21.1364 2 9
1963 -12.8592 -20.6118 2 9
1964 -12.2467 -20.1576 2 9
1965 -11.6814 -19.6475 2 9
1966  -11.083 -19.1754 2 9
1967 -10.5344 -18.6477 2 9
1968 -9.94162 -18.1689 2 9
1969  -9.3972 -17.6371 2 9
1970 -8.79854 -17.1653 2 9
1971 -8.23881 -16.6492 2 9
1972 -7.64908 -16.1667 2 9
1973 -7.09581 -15.6439 2 9
1974 -6.50203 -15.1662 2 9
1975 -5.96342 -14.6286 2 9
1976 -5.37851 -14.1404 2 9
1977 -4.82376 -13.6191 2 9
1978 -4.24273 -13.1264 2 9
1979 -3.70595 -12.5871 2 9
1980 -3.10362 -12.1199 2 9
1981 -2.52447 -11.6251 2 9
1982  -1.9346 -11.1427 2 9
1983 -1.36971 -10.6321 2 9
1984 -0.76957 -10.1622 2 9
1985 -0.196012  -9.66109 2 9
1986 0.409389 -9.19777 2 9
1987 0.946124 -8.65837 2 9
1988  1.50653 -8.14298 2 9
1989  2.06614 -7.62674 2 9
1990  2.64541 -7.13206 2 9
1991   3.1999 -6.61047 2 9
1992  3.81496 -6.15964 2 9
1993  4.54951 -5.93709 2 9
1994  5.25898 -6.34646 9 37
1995  5.84208 -6.91419 9 37
1996  6.37955 -7.52258 9 37
1997  6.97886 -8.07421 9 37
1998  7.63098 -8.56605 9 37
1999  8.34828 -8.38386 37 64
2000  8.86565 -7.83574 37 64
2001 9.37692 -7.2814 37 64
2002   9.9354 -6.77912 37 64
2003  10.4635 -6.24231 37 64
2004 11.0032 -5.7182 37 64
2005  11.5172 -5.16657 37 64
2006 12.0775 -4.6665 37 64
2007  12.6083 -4.13257 37 64
2008  13.1586 -3.62055 37 64
2009  13.5387 -2.96004 37 64
2010  13.2034 -2.26844 64 86
2011    12.63 -1.73847 64 86
2012 12.0881  -1.179 64 86
2013  11.5322 -0.63222 64 86
2014    11.0064 -0.0587322 64 86
2015  10.4325 0.470711 64 86
2016 9.89925 1.03782 64 86
2017 9.33939 1.58088 64 86
2018  8.8109 2.15206 64 86
2019 8.24827 2.69249 64 86
2020 7.72301  3.2664 64 86
2021 7.16314 3.80945 64 86
2022 6.65965 4.40098 64 86
2023  6.0851 4.92977 64 86
2024 5.49294 5.44041 64 86
2025 4.77422 5.77101 64 86
2026 4.14668 5.42791 86 87
2027 3.68649 4.86294 86 87
2028 3.20256 4.32084 86 87
2029 2.70754 3.79011 86 87
2030 2.17962 3.29606 86 87
2031 1.66708 2.78428 86 87
2032 1.17923 2.24614 86 87
2033 0.587176  1.84011 86 87
2048 -15.6119 -23.2071 2 9
2049  -15.439 -22.4661 2 9
2050 -14.9119 -21.9127 2 9
2051 -14.3143 -21.4338 2 9
2052 -13.7443 -20.9234 2 9
2053  -13.156 -20.4334 2 9
2054 -12.6005 -19.9077 2 9
2055 -11.9951 -19.4383 2 9
2056  -11.432 -18.9206 2 9
2057 -10.8372 -18.4383 2 9
2058 -10.2614 -17.9343 2 9
2059 -9.66258 -17.4568 2 9
2060 -9.10967 -16.9285 2 9
2061 -8.50769 -16.4549 2 9
2062 -7.95165 -15.9298 2 9
2063 -7.36051 -15.4432 2 9
2064 -6.79043 -14.9328 2 9
2065 -6.20757 -14.4367 2 9
2066 -5.64316 -13.9203 2 9
2067  -5.0411 -13.4468 2 9
2068 -4.46297 -12.9453 2 9
2069 -3.88907 -12.4391 2 9
2070 -3.33978 -11.9072 2 9
2071 -2.75189 -11.4168 2 9
2072 -2.16471 -10.9256 2 9
2073 -1.55329 -10.4638 2 9
2074 -0.974682  -9.96287 2 9
2075 -0.362631  -9.50194 2 9
2076 0.239374  -9.0284 2 9
2077 0.855332 -8.57252 2 9
2078  1.44799 -8.08771 2 9
2079 2.08155 -7.6557 2 9
2080  2.67684 -7.17403 2 9
2081  3.26504 -6.68401 2 9
2082  3.80968 -6.14739 2 9
2083  4.55163 -5.93474 2 9
2084  5.23402 -6.39768 9 37
2085  5.80252 -6.97001 9 37
2086  6.37511 -7.53913 9 37
2087  6.93484 -8.11822 9 37
2088  7.62853 -8.56756 9 37
2089  8.31273 -8.30166 37 64
2090  8.85903 -7.78811 37 64
2091  9.42776 -7.30301 37 64
2092  9.95436 -6.76654 37 64
2093  10.4854 -6.23504 37 64
2094  11.0287 -5.71792 37 64
2095  11.5925 -5.22631 37 64
2096  12.1458 -4.72133 37 64
2097   12.693 -4.20891 37 64
2098  13.1902 -3.64136 37 64
2099  13.5428 -2.95963 37 64
2100  13.3163 -2.23634 64 73
2101  12.8641 -1.65076 64 73
2102  12.3821 -1.09247 64 73
2103   11.9407 -0.497568 64 73
2104   11.4772 0.0779961 64 73
2105  11.0671 0.697891 64 73
2106 10.6083 1.27774 64 73
2107 10.1809 1.88409 64 73
2108 9.70778 2.45081 64 73
2109 9.26777 3.04688 64 73
2110 8.81085 3.62837 64 73
2111 8.38131 4.23306 64 73
2112 7.90874 4.80027 64 73
2113 7.43911 5.37022 64 73
2114 6.98164 5.95122 64 73
2115 6.52655 6.53433 64 73
2116 6.04986 7.09765 64 73
2117 5.61752 7.70006 64 73
2118 5.16056 8.28151 64 73
2119 4.72782 8.88359 64 73
2120 4.24851 9.44441 64 73
2121 3.54418 9.59383 64 73
2122 2.93326 9.08535 73 85
2123 2.37354 8.51837 73 85
2124 1.81968  7.9454 73 85
2125 1.23659 7.40368 73 85
2126 0.67805 6.83548 73 85
2127 0.108758  6.27857 73 85
2128 -0.451514   5.71216 73 85
2129 -1.1321 5.30809 73 85
2130 -1.89517  5.44049 73 85
2143  -15.611 -23.2067 2 9
2144 -15.2313 -22.5285 2 9
2145 -14.6517 -22.0021 2 9
2146 -14.0507 -21.4991 2 9
2147 -13.4626 -20.9819 2 9
2148 -12.8462 -20.4971 2 9
2149 -12.2548 -19.9834 2 9
2150 -11.6406 -19.4958 2 9
2151 -11.0242  -19.011 2 9
2152 -10.4109 -18.5225 2 9
2153 -9.83302 -17.9943 2 9
2154 -9.21371  -17.513 2 9
2155 -8.62786 -16.9933 2 9
2156 -8.00836 -16.5123 2 9
2157 -7.42136 -15.9938 2 9
2158  -6.8131 -15.4992 2 9
2159 -6.23013 -14.9764 2 9
2160 -5.61342  -14.492 2 9
2161 -5.05858 -13.9406 2 9
2162 -4.45107 -13.4452 2 9
2163 -3.87918 -12.9108 2 9
2164 -3.3009 -12.383 2 9
2165 -2.71429 -11.8641 2 9
2166  -2.0857 -11.3945 2 9
2167 -1.49452 -10.8805 2 9
2168 -0.868947  -10.4071 2 9
2169 -0.277152  -9.89381 2 9
2170 0.350896  -9.4235 2 9
2171 0.951434 -8.92003 2 9
2172  1.55683 -8.42215 2 9
2173  2.14679 -7.90686 2 9
2174  2.75304 -7.40996 2 9
2175  3.29697 -6.84836 2 9
2176  3.83399 -6.28043 2 9
2177  4.54246 -5.93587 2 9
2178  5.13962 -6.29846 9 37
2179  5.61518 -6.82025 9 37
2180  6.02782 -7.39897 9 37
2181  6.47321 -7.94962 9 37
2182  6.94637 -8.47383 9 37
2183   7.6387 -8.56644 9 37
2184  8.24959 -8.02493 37 64
2185   8.8627 -7.48599 37 64
2186  9.47048 -6.94094 37 64
2187  10.0662 -6.38251 37 64
2188  10.6845 -5.84963 37 64
2189  11.2807 -5.29178 37 64
2190  11.8777 -4.73484 37 64
2191  12.4917 -4.19692 37 64
2192  13.0908 -3.64218 37 64
2193  13.5388 -2.95923 37 64
2194  13.2474 -2.23428 64 73
2195  12.7628 -1.63935 64 73
2196  12.2915 -1.03256 64 73
2197  11.7752 -0.46848 64 73
2198 11.286 0.1222 64 73
2199  10.7951 0.711271 64 73
2200 10.3499  1.3399 64 73
2201 9.86365 1.93329 64 73
2202 9.40847 2.55384 64 73
2203 8.91399  3.1395 64 73
2204 8.45044 3.75302 64 73
2205 7.99323 4.37188 64 73
2206 7.55449 5.00568 64 73
2207 7.06336 5.59451 64 73
2208 6.60381 6.21141 64 73
2209 6.10152 6.78955 64 73
2210 5.61469 7.38238 64 73
2211 5.12092 7.96871 64 73
2212 4.67212 8.59449 64 73
2213 4.16275 9.16563 64 73
2214 3.54408 9.59926 64 73
2215 2.82007 9.30859 73 85
2216 2.21592 8.83481 73 85
2217 1.65743 8.31325 73 85
2218 1.07273 7.81812 73 85
2219 0.499936  7.31067 73 85
2220 -0.0974087    6.82924 73 85
2221 -0.640518   6.29329 73 85
2222 -1.19265  5.76569 73 85
2223 -1.89045  5.42413 73 85
2237 -15.6113 -23.2063 2 9
2238 -15.3381 -22.4752 2 9
2239 -14.7457  -21.961 2 9
2240 -14.1471 -21.4538 2 9
2241 -13.5323 -20.9662 2 9
2242 -12.9453 -20.4459 2 9
2243 -12.3237 -19.9667 2 9
2244 -11.7437 -19.4388 2 9
2245 -11.1142 -18.9698 2 9
2246 -10.5298 -18.4467 2 9
2247 -9.91915 -17.9539 2 9
2248  -9.3293 -17.4368 2 9
2249 -8.71011 -16.9546 2 9
2250 -8.13314 -16.4234 2 9
2251 -7.50923 -15.9472 2 9
2252 -6.92182 -15.4274 2 9
2253 -6.29341  -14.957 2 9
2254 -5.69797 -14.4463 2 9
2255 -5.10199 -13.9361 2 9
2256 -4.52667 -13.4032 2 9
2257 -3.91046 -12.9172 2 9
2258 -3.30864 -12.4139 2 9
2259 -2.67673 -11.9481 2 9
2260 -2.08504 -11.4331 2 9
2261 -1.45286 -10.9677 2 9
2262 -0.868159  -10.4449 2 9
2263 -0.262266  -9.94637 2 9
2264 0.306569 -9.40668 2 9
2265 0.930479 -8.93045 2 9
2266  1.51828 -8.41108 2 9
2267  2.14267 -7.93547 2 9
2268  2.72011 -7.40482 2 9
2269  3.32172 -6.90122 2 9
2270   3.8735 -6.34442 2 9
2271  4.54744 -5.94063 2 9
2272  5.32035 -6.18484 9 37
2273  5.89282 -6.78995 9 37
2274  6.44137 -7.41847 9 37
2275   6.9785 -8.05748 9 37
2276  7.63426 -8.56186 9 37
2277  8.38916 -8.27834 37 64
2278  8.98055 -7.70629 37 64
2279  9.57075 -7.13292 37 64
2280  10.1492 -6.54678 37 64
2281  10.7327 -5.96604 37 64
2282 11.2836  -5.352 37 64
2283   11.877 -4.78217 37 64
2284 12.4663 -4.2078 37 64
2285  13.0516 -3.62905 37 64
2286   13.539 -2.96018 37 64
2287  13.3999 -2.17979 64 73
2288  12.9161 -1.57788 64 73
2289  12.4326 -0.97576 64 73
2290   11.9301 -0.391121 64 73
2291  11.4952 0.251008 64 73
2292 11.0002 0.84269 64 73
2293 10.5313 1.45757 64 73
2294   10.03 2.04338 64 73
2295 9.55364 2.65183 64 73
2296 9.03599 3.22162 64 73
2297 8.56845 3.83764 64 73
2298 8.06505 4.42142 64 73
2299 7.59998 5.03952 64 73
2300 7.11334 5.63887 64 73
2301 6.65149 6.25966 64 73
2302 6.18484 6.87644 64 73
2303 5.74874 7.51768 64 73
2304 5.25404 8.10965 64 73
2305 4.76432  8.7062 64 73
2306 4.22154 9.24945 64 73
2307 3.54741 9.59253 64 73
2308 2.87342 9.19019 73 85
2309 2.27228 8.68247 73 85
2310 1.72367 8.11691 73 85
2311 1.15199 7.57532 73 85
2312 0.600338   7.0128 73 85
2313 0.0423981   6.45668 73 85
2314 -0.495713   5.88085 73 85
2315 -1.11884  5.40122 73 85
2316 -1.89541  5.43756 73 85
2333 -15.6109 -23.2069 2 9
2334 -15.217 -22.539 2 9
2335 -14.6803 -21.9724 2 9
2336 -14.0959 -21.4523 2 9
2337 -13.5288 -20.9144 2 9
2338 -12.9085 -20.4352 2 9
2339 -12.3193 -19.9201 2 9
2340 -11.7227 -19.4132 2 9
2341 -11.154 -18.877 2 9
2342 -10.5383 -18.3921 2 9
2343  -9.9532 -17.8728 2 9
2344 -9.31906 -17.4109 2 9
2345 -8.74533 -16.8797 2 9
2346 -8.13189 -16.3922 2 9
2347 -7.52278 -15.8996 2 9
2348 -6.91619  -15.404 2 9
2349  -6.3554 -14.8599 2 9
2350 -5.74314  -14.371 2 9
2351 -5.16064 -13.8488 2 9
2352 -4.56667 -13.3391 2 9
2353 -3.99481  -12.806 2 9
2354 -3.38348 -12.3159 2 9
2355 -2.79396 -11.8013 2 9
2356 -2.18381 -11.3099 2 9
2357 -1.58409 -10.8065 2 9
2358 -0.963926  -10.3271 2 9
2359 -0.363683  -9.82428 2 9
2360 0.277433 -9.37159 2 9
2361 0.880622 -8.87213 2 9
2362  1.50879 -8.40264 2 9
2363   2.1228 -7.91578 2 9
2364  2.73458 -7.42629 2 9
2365  3.31277 -6.89967 2 9
2366  3.89327 -6.37544 2 9
2367  4.54308 -5.93457 2 9
2368  5.23335 -6.08602 9 37
2369 5.71501 -6.5946 9 37
2370  6.11956 -7.16926 9 37
2371  6.56476 -7.71128 9 37
2372  7.01136 -8.25207 9 37
2373  7.63655 -8.56906 9 37
2374  8.30151 -8.19649 37 64
2375  8.87608 -7.69627 37 64
2376  9.47904 -7.23059 37 64
2377  10.0612 -6.73919 37 64
2378  10.6525 -6.25879 37 64
2379  11.2177 -5.74801 37 64
2380  11.7966 -5.25289 37 64
2381  12.3959 -4.78247 37 64
2382  12.9836 -4.29771 37 64
2383  13.4843 -3.72335 37 64
2384  13.5393 -2.95844 37 64
2385  13.0992 -2.32939 64 73
2386  12.6419 -1.71324 64 73
2387  12.1526 -1.12302 64 73
2388   11.6667 -0.530002 64 73
2389   11.1721 0.0556048 64 73
2390  10.6774 0.641096 64 73
2391 10.1791 1.22342 64 73
2392  9.7258 1.84264 64 73
2393 9.24048 2.43619 64 73
2394 8.78984 3.05744 64 73
2395 8.30893  3.6547 64 73
2396  7.8937 4.30109 64 73
2397 7.42965 4.91201 64 73
2398 7.00657 5.55307 64 73
2399 6.53343 6.15672 64 73
2400 6.09821 6.78928 64 73
2401 5.63275 7.39909 64 73
2402 5.16587 8.00776 64 73
2403 4.68947 8.60875 64 73
2404 4.20513 9.20314 64 73
2405 3.55124 9.59654 64 73
2406 2.87054 9.24098 73 85
2407 2.27356 8.75442 73 85
2408 1.68338  8.2594 73 85
2409 1.11642  7.7371 73 85
2410 0.536107  7.23017 73 85
2411 -0.0361275    6.71384 73 85
2412 -0.59603  6.18374 73 85
2413 -1.16829  5.66744 73 85
2414 -1.89872  5.43509 73 85
2433  26.4358 -17.8362 42 41
2434  25.8022 -18.3195 42 41
2435  25.1309 -18.7527 42 41
2436  24.5017 -19.2414 42 41
2437   23.864 -19.7196 42 41
2438  23.2417 -20.2164 42 41
2439 22.6184 -20.712 42 41
2440  22.0182 -21.2336 42 41
2441  21.3755 -21.7054 42 41
2442  20.7525 -22.2014 42 41
2443  20.0925 -22.6507 42 41
2444  19.3017 -22.8129 42 41
2445  18.7507 -22.2749 41 37
2446  18.3063 -21.6482 41 37
2447  17.8894 -21.0034 41 37
2448  17.4489 -20.3741 41 37
2449   17.021 -19.7363 41 37
2450  16.5573 -19.1234 41 37
2451  16.1102 -18.4986 41 37
2452  15.6266 -17.9008 41 37
2453  15.1726 -17.2809 41 37
2454  14.6573 -16.7094 41 37
2455  14.1697 -16.1148 41 37
2456  13.6476 -15.5495 41 37
2457  13.1639 -14.9518 41 37
2458  12.6332 -14.3942 41 37
2459  12.1369 -13.8066 41 37
2460  11.6022 -13.2528 41 37
2461  11.1122 -12.6601 41 37
2462  10.6109 -12.0767 41 37
2463  10.1295 -11.4772 41 37
2464  9.5806 -10.937 41 37
2465  9.05817 -10.3719 41 37
2466   8.5294 -9.81256 41 37
2467  8.04221 -9.21765 41 37
2468  7.63462 -8.56705 41 37
2469  7.86519 -7.84959 37 64
2470  8.46331 -7.37459 37 64
2471  9.11201 -6.96643 37 64
2472 9.71652 -6.4991 37 64
2473  10.3602 -6.08355 37 64
2474  10.9667 -5.61863 37 64
2475  11.5923 -5.17808 37 64
2476  12.1797 -4.69074 37 64
2477  12.7894 -4.22973 37 64
2478 13.3105 -3.6757 37 64
2479  13.5366 -2.95686 37 64
2480  13.0946 -2.27437 64 88
2481  12.5917 -1.63377 64 88
2482  12.0596 -1.01655 64 88
2483   11.5463 -0.384071 64 88
2484  11.0098 0.229458 64 88
2485  10.4931 0.859309 64 88
2486 9.95433 1.47089 64 88
2487 9.43382 2.09767 64 88
2488 8.87817 2.69434 64 88
2489 8.17715 3.11307 64 88
2490 7.51446 2.74319 88 89
2491 6.94303 2.23841 88 89
2492 6.38752 1.71529 88 89
2493 5.80113 1.22885 88 89
2494  5.22237 0.732921 88 89
2495   4.6464 0.233588 88 89
2496    4.0826 -0.280133 88 89
2497   3.5344 -0.81129 88 89
2498  2.80696 -1.01774 88 89
2512   26.441 -17.8417 42 41
2513  25.8472 -18.3699 42 41
2514  25.1682 -18.7816 42 41
2515  24.5243 -19.2468 42 41
2516  23.8718 -19.6998 42 41
2517  23.2455 -20.1887 42 41
2518 22.6003 -20.652 42 41
2519 21.9726 -21.139 42 41
2520  21.3227 -21.5959 42 41
2521 20.6928  -22.08 42 41
2522  20.0339 -22.5235 42 41
2523   19.294 -22.8088 42 41
2524  18.6275 -22.3449 41 37
2525  18.1275 -21.7175 41 37
2526  17.6845 -21.0526 41 37
2527  17.1774 -20.4303 41 37
2528  16.6994 -19.7876 41 37
2529 16.1796 -19.175 41 37
2530   15.699 -18.5339 41 37
2531    15.18 -17.9207 41 37
2532  14.6737 -17.2979 41 37
2533  14.1426 -16.6942 41 37
2534  13.6735 -16.0456 41 37
2535  13.1542 -15.4326 41 37
2536  12.6753 -14.7904 41 37
2537 12.1526  -14.18 41 37
2538  11.7001 -13.5209 41 37
2539  11.1911 -12.9001 41 37
2540  10.7143 -12.2565 41 37
2541  10.1864 -11.6502 41 37
2542  9.68877 -11.0211 41 37
2543  9.17252 -10.4058 41 37
2544  8.63502 -9.80727 41 37
2545  8.05975 -9.24182 41 37
2546  7.63724 -8.56504 41 37
2547  8.11242 -7.89864 37 64
2548  8.74123 -7.37624 37 64
2549  9.34778 -6.82765 37 64
2550  9.98869 -6.32052 37 64
2551  10.6057 -5.78396 37 64
2552  11.2423 -5.27126 37 64
2553  11.8668 -4.74362 37 64
2554  12.4681 -4.18923 37 64
2555  13.0582 -3.62262 37 64
2556  13.5362 -2.95823 37 64
2557  13.2202 -2.19122 64 88
2558  12.7296 -1.52412 64 88
2559   12.1833 -0.903527 64 88
2560   11.6766 -0.249019 64 88
2561 11.1298 0.37114 64 88
2562 10.6053 1.01097 64 88
2563 10.0498 1.62296 64 88
2564  9.5236 2.26136 64 88
2565 8.94603 2.85163 64 88
2566 8.17551 3.10668 64 88
2567 7.54802 2.65017 88 89
2568 6.95885 2.14045 88 89
2569 6.40832 1.58526 88 89
2570 5.81692 1.07839 88 89
2571  5.24853 0.543341 88 89
2572   4.67868 0.0100166 88 89
2573   4.11716 -0.532948 88 89
2574   3.5577 -1.07824 88 89
2575  2.80713 -1.01461 88 89
2594  26.4515 -17.8307 42 41
2595  25.8889 -18.3018 42 41
2596  25.3024 -18.7434 42 41
2597  24.6906 -19.1499 42 41
2598 24.0918 -19.575 42 41
2599  23.4902 -19.9962 42 41
2600 22.9265 -20.466 42 41
2601  22.3444 -20.9132 42 41
2602  21.7662 -21.3655 42 41
2603  21.1868 -21.8161 42 41
2604  20.6449 -22.3107 42 41
2605  20.0253 -22.7057 42 41
2606  19.2906 -22.8132 42 41
2607  18.6892 -22.2795 41 37
2608 18.1484 -21.687 41 37
2609  17.6563 -21.0553 41 37
2610  17.1387 -20.4432 41 37
2611  16.6466 -19.8115 41 37
2612  16.1316 -19.1973 41 37
2613  15.6262 -18.5757 41 37
2614   15.083 -17.9852 41 37
2615  14.5952 -17.3503 41 37
2616  14.0756 -16.7398 41 37
2617  13.5881 -16.1047 41 37
2618  13.0921 -15.4758 41 37
2619   12.622 -14.8284 41 37
2620  12.1277 -14.1983 41 37
2621  11.6333 -13.5682 41 37
2622   11.116 -12.9559 41 37
2623 10.6097 -12.335 41 37
2624  10.0863 -11.7277 41 37
2625  9.62645 -11.0733 41 37
2626  9.12938 -10.4453 41 37
2627  8.62861 -9.82003 41 37
2628  8.09651 -9.21997 41 37
2629  7.63685 -8.56545 41 37
2630  7.97077 -7.81744 37 64
2631  8.59148 -7.27903 37 64
2632  9.21274 -6.74127 37 64
2633  9.86781 -6.24582 37 64
2634  10.4977 -5.71826 37 64
2635  11.1261 -5.18899 37 64
2636  11.7241 -4.62533 37 64
2637  12.3576 -4.10211 37 64
2638   12.983 -3.56924 37 64
2639  13.5362 -2.96152 37 64
2640  13.4318 -2.22073 64 88
2641  12.9679 -1.61864 64 88
2642  12.4496 -1.05902 64 88
2643   11.9613 -0.475066 64 88
2644  11.4431 0.084675 64 88
2645   10.946 0.661795 64 88
2646 10.4606   1.248 64 88
2647 9.98772  1.8436 64 88
2648 9.46862 2.40257 64 88
2649 8.93123 2.94538 64 88
2650 8.16571 3.11326 64 88
2651 7.45882 2.64263 88 89
2652 6.82204 2.07752 88 89
2653 6.18776 1.50952 88 89
2654  5.53151 0.967794 88 89
2655  4.87844 0.422106 88 89
2656   4.23957 -0.140589 88 89
2657   3.60102 -0.703653 88 89
2658  2.81604 -1.01127 88 89
2672  26.4453 -17.8472 42 41
2673  25.8395 -18.3622 42 41
2674  25.1958 -18.8246 42 41
2675   24.535 -19.2597 42 41
2676  23.8917 -19.7228 42 41
2677  23.2219 -20.1425 42 41
2678  22.5827 -20.6117 42 41
2679  21.9111 -21.0282 42 41
2680 21.2723 -21.498 42 41
2681  20.6168 -21.9419 42 41
2682  19.9752 -22.4074 42 41
2683  19.2948 -22.8081 42 41
2684  18.5151 -22.6572 41 37
2685  17.9894 -22.0848 41 37
2686  17.4899 -21.4909 41 37
2687 17.0214 -20.874 41 37
2688  16.5409 -20.2657 41 37
2689  16.0947 -19.6337 41 37
2690  15.6164 -19.0238 41 37
2691  15.1914 -18.3783 41 37
2692  14.7357 -17.7526 41 37
2693  14.3157 -17.1041 41 37
2694  13.8481 -16.4865 41 37
2695  13.4082 -15.8504 41 37
2696  12.9451 -15.2297 41 37
2697  12.4887 -14.6044 41 37
2698  11.9986 -14.0034 41 37
2699  11.5363 -13.3821 41 37
2700 11.0488 -12.779 41 37
2701  10.5803 -12.1621 41 37
2702 10.0508 -11.593 41 37
2703  9.56109 -10.9916 41 37
2704  9.05569 -10.4024 41 37
2705  8.56818 -9.79936 41 37
2706  8.06967 -9.20474 41 37
2707   7.6364 -8.56437 41 37
2708  7.98855 -7.82448 37 64
2709  8.62683 -7.30874 37 64
2710  9.24909 -6.77348 37 64
2711 9.88798 -6.2585 37 64
2712  10.4765 -5.68597 37 64
2713  11.0989 -5.15089 37 64
2714   11.703 -4.59495 37 64
2715  12.3634 -4.10846 37 64
2716  12.9697 -3.55499 37 64
2717  13.5368 -2.96106 37 64
2718  13.4355 -2.20975 64 88
2719  12.9696 -1.60594 64 88
2720  12.4293 -1.06494 64 88
2721  11.9191 -0.49666 64 88
2722    11.411 0.0735313 64 88
2723  10.9606 0.688529 64 88
2724 10.4723 1.27507 64 88
2725 9.98573 1.86303 64 88
2726 9.48396 2.43853 64 88
2727 8.93581 2.97185 64 88
2728 8.17403 3.11987 64 88
2729  7.5851 2.65617 88 89
2730 7.08791 2.09199 88 89
2731 6.5561 1.5617 88 89
2732 6.04093 1.01459 88 89
2733  5.52254 0.470655 88 89
2734    5.0361 -0.103222 88 89
2735  4.50828 -0.63764 88 89
2736  3.98975 -1.18144 88 89
2737  3.34531 -1.56195 88 89
2738  2.80629 -1.01932 88 89
2748  19.3029 -22.8067 41 37
2749  18.5907 -22.5713 41 37
2750  18.1141 -21.9616 41 37
2751  17.642 -21.348 41 37
2752  17.2025 -20.7077 41 37
2753  16.7274 -20.0967 41 37
2754   16.284 -19.4593 41 37
2755  15.8054 -18.8513 41 37
2756   15.335 -18.2362 41 37
2757  14.8367 -17.6464 41 37
2758  14.3551 -17.0412 41 37
2759  13.8753 -16.4343 41 37
2760 13.428  -15.8 41 37
2761 12.9406   -15.2 41 37
2762  12.4815 -14.5754 41 37
2763  11.9897 -13.9794 41 37
2764  11.5181 -13.3654 41 37
2765  11.0034 -12.7915 41 37
2766   10.509 -12.1979 41 37
2767  9.97588 -11.6433 41 37
2768  9.51201 -11.0226 41 37
2769  9.02328 -10.4238 41 37
2770   8.5429 -9.81749 41 37
2771  8.04233 -9.22979 41 37
2772  7.63187 -8.56795 41 37
2773  7.93936 -7.87241 37 64
2774  8.55071 -7.43034 37 64
2775   9.1243 -6.93948 37 64
2776  9.73691 -6.49919 37 64
2777   10.326 -6.02737 37 64
2778  10.9332 -5.57959 37 64
2779  11.5078 -5.08995 37 64
2780  12.1069 -4.63112 37 64
2781  12.6984 -4.16245 37 64
2782 13.2727 -3.6724 37 64
2783  13.5374 -2.95834 37 64
2784  13.1938 -2.23984 64 73
2785   12.657 -1.64028 64 73
2786 12.1208 -1.0403 64 73
2787   11.5959 -0.430894 64 73
2788  11.0984 0.199521 64 73
2789 10.5837 0.81695 64 73
2790 10.0986 1.45625 64 73
2791 9.59505 2.08221 64 73
2792 9.08124 2.70031 64 73
2793 8.55208 3.30619 64 73
2794 8.05064  3.9337 64 73
2795 7.52832 4.54511 64 73
2796 7.04635 5.18665 64 73
2797 6.54687 5.81561 64 73
2798 6.05064 6.44697 64 73
2799 5.52951 7.05932 64 73
2800 5.04171 7.69676 64 73
2801 4.50773 8.29867 64 73
2802 4.00603 8.92599 64 73
2803 3.55378 9.58727 64 73
2804 3.65815  10.284 73 74
2805 4.21022 10.7422 73 74
2806 4.81471 11.1378 73 74
2807 5.42162 11.5302 73 74
2808 5.81467 12.1192 73 74
2809  5.4069 12.7879 74 82
2810 4.91675  13.397 74 82
2811  4.4202 14.0006 74 82
2812 3.90887 14.5915 74 82
2813 3.4087 15.192 74 82
2814 2.95274 15.8279 74 82
2815 2.48121 16.4519 74 82
2816 2.01704 17.0815 74 82
2817 1.54715 17.7068 74 82
2818 1.12722 18.3678 74 82
2819 0.692531  19.0188 74 82
2820 0.270946  19.6786 74 82
2821 -0.175347   20.3215 74 82
2822 -0.456593   21.0547 74 82
2832  19.3006 -22.8092 41 37
2833  18.7091 -22.3216 41 37
2834  18.2157 -21.7309 41 37
2835  17.7865 -21.0897 41 37
2836 17.3218 -20.475 41 37
2837  16.8889 -19.8364 41 37
2838  16.4138 -19.2302 41 37
2839  15.9715 -18.5984 41 37
2840 15.4991  -17.99 41 37
2841  15.0709 -17.3481 41 37
2842  14.5839 -16.7518 41 37
2843 14.1059 -16.148 41 37
2844  13.5969 -15.5713 41 37
2845  13.1283 -14.9597 41 37
2846  12.6209 -14.3816 41 37
2847  12.1643 -13.7606 41 37
2848  11.6561 -13.1831 41 37
2849  11.1688 -12.5871 41 37
2850  10.6468 -12.0228 41 37
2851  10.1357 -11.4479 41 37
2852  9.61091 -10.8863 41 37
2853   9.1078 -10.3042 41 37
2854  8.54339 -9.78417 41 37
2855  7.98681 -9.25541 41 37
2856  7.63517 -8.56604 41 37
2857  8.08858 -7.89172 37 64
2858 8.69669 -7.3457 37 64
2859  9.32691 -6.82448 37 64
2860  9.93218 -6.27542 37 64
2861  10.5353 -5.72404 37 64
2862  11.1048 -5.13935 37 64
2863  11.7158 -4.59646 37 64
2864  12.3216 -4.04795 37 64
2865  12.9705 -3.54944 37 64
2866  13.5345 -2.95964 37 64
2867  13.2932 -2.20829 64 73
2868  12.7553 -1.60672 64 73
2869   12.2258 -0.998528 64 73
2870   11.6823 -0.401596 64 73
2871  11.1582 0.210936 64 73
2872  10.6326 0.822226 64 73
2873 10.1363 1.45533 64 73
2874 9.5969 2.0556 64 73
2875 9.10955 2.69492 64 73
2876  8.5686 3.29395 64 73
2877 8.03575 3.89954 64 73
2878 7.51903 4.51768 64 73
2879 7.02986 5.15574 64 73
2880 6.55285 5.80203 64 73
2881 6.07312  6.4465 64 73
2882 5.54681 7.05726 64 73
2883 5.06345  7.6993 64 73
2884 4.54441 8.31567 64 73
2885 4.05402 8.95289 64 73
2886 3.55795 9.58612 64 73
2887 3.66429 10.2711 73 74
2888 4.22903 10.7253 73 74
2889 4.85989 11.1015 73 74
2890 5.48472 11.4858 73 74
2891 5.80437 12.1109 73 74
2892  5.4599 12.7763 74 82
2893 5.00953  13.381 74 82
2894 4.53845  13.971 74 82
2895 4.08533 14.5738 74 82
2896 3.57499  15.133 74 82
2897 3.13612 15.7454 74 82
2898 2.63809 16.3148 74 82
2899 2.16084 16.9002 74 82
2900 1.64989  17.459 74 82
2901 1.13054 18.0106 74 82
2902 0.627917  18.5763 74 82
2903 0.141252  19.1546 74 82
2904 -0.365427   19.7169 74 82
2905 -0.720115   20.3774 74 82
2906 -0.452045   21.0667 74 82
2916  19.3002 -22.8092 41 37
2917 18.6369 -22.424 41 37
2918  18.1092 -21.8619 41 37
2919   17.626 -21.2597 41 37
2920  17.1358 -20.6633 41 37
2921  16.6901 -20.0315 41 37
2922 16.1854 -19.448 41 37
2923  15.7769 -18.7904 41 37
2924  15.2782 -18.2015 41 37
2925  14.8092 -17.5876 41 37
2926  14.2802 -17.0269 41 37
2927  13.8034 -16.4192 41 37
2928   13.317 -15.8196 41 37
2929  12.8304 -15.2202 41 37
2930  12.3023 -14.6586 41 37
2931  11.8242 -14.0521 41 37
2932  11.3198 -13.4682 41 37
2933  10.8527 -12.8529 41 37
2934  10.3466 -12.2704 41 37
2935   9.9114 -11.6311 41 37
2936  9.39789 -11.0556 41 37
2937  8.89602 -10.4694 41 37
2938  8.36883 -9.90683 41 37
2939  7.89172 -9.29952 41 37
2940  7.63479 -8.56542 41 37
2941  8.08164 -7.87991 37 64
2942  8.69246 -7.33568 37 64
2943  9.33703 -6.83267 37 64
2944  9.93946 -6.27903 37 64
2945  10.5523 -5.73707 37 64
2946  11.1519 -5.18041 37 64
2947 11.7825 -4.6596 37 64
2948  12.4108 -4.13603 37 64
2949  13.0387 -3.61189 37 64
2950  13.5355 -2.96142 37 64
2951 13.3592 -2.2264 64 73
2952  12.8259 -1.65993 64 73
2953  12.3012 -1.08634 64 73
2954   11.7651 -0.522153 64 73
2955   11.2535 0.0618962 64 73
2956  10.7358 0.641063 64 73
2957 10.2479 1.24282 64 73
2958 9.72894 1.82104 64 73
2959 9.23288 2.41684 64 73
2960 8.71687  2.9974 64 73
2961 8.22468 3.59604 64 73
2962 7.71238 4.17951 64 73
2963 7.23574  4.7892 64 73
2964 6.71259 5.36405 64 73
2965 6.20593 5.95188 64 73
2966 5.65342 6.50177 64 73
2967 5.14908 7.09136 64 73
2968 4.64418 7.68053 64 73
2969 4.14353 8.27291 64 73
2970 3.64841 8.86941 64 73
2971 3.55218 9.61517 64 73
2972 4.02582 10.3283 73 74
2973 4.61541 10.9203 73 74
2974 5.23099 11.4765 73 74
2975 5.80853 12.0838 73 74
2976 5.34656  12.788 74 82
2977 4.86713   13.48 74 82
2978 4.38155 14.1676 74 82
2979 3.87467 14.8391 74 82
2980 3.41243  15.543 74 82
2981 2.91327 16.2205 74 82
2982 2.43452  16.913 74 82
2983 1.92166 17.5798 74 82
2984 1.42879  18.262 74 82
2985 0.929834  18.9396 74 82
2986 0.425707  19.6133 74 82
2987 -0.0846627    20.2821 74 82
2988 -0.448006   21.0426 74 82
3000     19.3 -22.8092 41 37
3001  18.5694 -22.5757 41 37
3002  18.0839 -21.9737 41 37
3003  17.6358 -21.3423 41 37
3004  17.1684 -20.7256 41 37
3005  16.7312 -20.0863 41 37
3006  16.2485 -19.4819 41 37
3007  15.7976 -18.8526 41 37
3008  15.2929 -18.2672 41 37
3009  14.8252 -17.6507 41 37
3010  14.3174 -17.0681 41 37
3011  13.8564 -16.4464 41 37
3012  13.3578 -15.8557 41 37
3013  12.9168 -15.2191 41 37
3014  12.4296 -14.6185 41 37
3015  11.9646 -13.9999 41 37
3016 11.4778 -13.399 41 37
3017  11.0222 -12.7732 41 37
3018   10.544 -12.1651 41 37
3019 10.0598 -11.562 41 37
3020 9.54477 -10.986 41 37
3021  9.03556 -10.4046 41 37
3022  8.51137 -9.83723 41 37
3023  8.01843 -9.24151 41 37
3024  7.63385 -8.56791 41 37
3025  7.93687 -7.87954 37 64
3026  8.51908 -7.39094 37 64
3027  9.13152 -6.93841 37 64
3028  9.72395 -6.46152 37 64
3029 10.3219 -5.9912 37 64
3030  10.9085 -5.50755 37 64
3031   11.524 -5.05889 37 64
3032  12.1381 -4.60853 37 64
3033  12.7512 -4.15674 37 64
3034  13.3473 -3.68419 37 64
3035  13.5361 -2.95773 37 64
3036   13.068 -2.30639 64 73
3037  12.6108 -1.64807 64 73
3038  12.1143 -1.01604 64 73
3039   11.6357 -0.371591 64 73
3040   11.121 0.247128 64 73
3041   10.621 0.876642 64 73
3042 10.1116 1.49928 64 73
3043 9.63771 2.14687 64 73
3044 9.12034 2.76351 64 73
3045 8.62356 3.39537 64 73
3046 8.09469 4.00304 64 73
3047 7.60835 4.64222 64 73
3048 7.07999  5.2503 64 73
3049 6.58699 5.88484 64 73
3050 6.05522 6.49021 64 73
3051 5.53654 7.10584 64 73
3052 5.00078 7.70799 64 73
3053 4.46387 8.30921 64 73
3054 3.89194 8.88005 64 73
3055  3.5625 9.60276 64 73
3056 3.98546 10.3294 73 74
3057 4.59445 10.9115 73 74
3058 5.22934  11.465 73 74
3059  5.8045 12.0807 73 74
3060  5.5015 12.7601 74 82
3061 5.02795 13.3304 74 82
3062 4.55234 13.8988 74 82
3063 4.09379 14.4814 74 82
3064  3.5922 15.0268 74 82
3065 3.11301 15.5922 74 82
3066  2.6462 16.1681 74 82
3067 2.20649 16.7652 74 82
3068  1.7438 17.3444 74 82
3069 1.31691  17.951 74 82
3070 0.831886  18.5113 74 82
3071 0.39738 19.1124 74 82
3072 -0.0633243    19.6932 74 82
3073 -0.475635     20.31 74 82
3074 -0.461841   21.0634 74 82
3087 -6.01969  5.70478 10 37
3088 -5.39429    5.166 10 37
3089 -4.84331  4.55202 10 37
3090 -4.26432  3.96399 10 37
3091 -3.74394   3.3244 10 37
3092 -3.17946   2.7226 10 37
3093 -2.65858   2.0834 10 37
3094 -2.09925   1.4769 10 37
3095 -1.58076 0.835805 10 37
3096 -1.02014 0.230471 10 37
3097 -0.496645 -0.406636 10 37
3098 0.0865305 -0.990562 10 37
3099 0.649639 -1.59362 10 37
3100  1.22797 -2.18228 10 37
3101  1.78043 -2.79495 10 37
3102  2.3688 -3.3737 10 37
3103 2.96136 -3.9482 10 37
3104  3.55682 -4.51972 10 37
3105  4.12457 -5.11846 10 37
3106  4.69667 -5.71312 10 37
3107  5.21955 -6.35072 10 37
3108  5.77616 -6.95968 10 37
3109  6.32139 -7.57868 10 37
3110  6.92816 -8.13827 10 37
3111  7.63448 -8.56452 10 37
3112 8.36159 -8.1858 37 64
3113 8.95144 -7.6187 37 64
3114  9.49528 -7.00868 37 64
3115   10.083 -6.43939 37 64
3116  10.6438 -5.84448 37 64
3117  11.2433 -5.28731 37 64
3118  11.7992 -4.68782 37 64
3119  12.3876 -4.11934 37 64
3120  12.9191 -3.49893 37 64
3121  13.5358 -2.96036 37 64
3122 14.2459 -3.2631 64 71
3123  14.8218 -3.78873 64 71
3124  15.4071 -4.30311 64 71
3125  15.9562 -4.85838 64 71
3126  16.5385 -5.37639 64 71
3127  17.0926 -5.92625 64 71
3128  17.6843 -6.43289 64 71
3129  18.2393 -6.98178 64 71
3130  18.7998 -7.52471 64 71
3131  19.3291 -8.10003 64 71
3132  19.8876 -8.64517 64 71
3133 20.4165 -9.2208 64 71
3134  20.9728 -9.76838 64 71
3135  21.4888 -10.3563 64 71
3136  22.0122 -10.9373 64 71
3137  22.5353 -11.5185 64 71
3138  23.1022 -12.0544 64 71
3139  23.7387 -12.4994 64 71
3140  24.4061 -12.1071 71 75
3141  24.9916 -11.6027 71 75
3142  25.5692 -11.0895 71 75
3143  26.1628 -10.5945 71 75
3144  26.8724 -10.2824 71 75
3145  27.5163 -10.7274 75 83
3146 28.1051 -11.242 75 83
3147  28.6794 -11.7723 75 83
3148 29.2543 -12.302 75 83
3149  29.8005 -12.8609 75 83
3150  30.3595 -13.4071 75 83
3151  30.8847 -13.9853 75 83
3152  31.4458 -14.5294 75 83
3153  31.9681 -15.1102 75 83
3154  32.5108 -15.6723 75 83
3155  33.0201 -16.2644 75 83
3156 32.9756 -17.039 75 83
3169 -6.02218  5.70609 10 37
3170 -5.3853  5.2354 10 37
3171 -4.83616  4.66323 10 37
3172 -4.3256 4.05594 10 37
3173 -3.77618  3.48404 10 37
3174 -3.26415    2.878 10 37
3175 -2.74238  2.28043 10 37
3176 -2.2518 1.65672 10 37
3177 -1.72772  1.06119 10 37
3178 -1.21945  0.45197 10 37
3179 -0.679018 -0.128553 10 37
3180 -0.150116 -0.719737 10 37
3181 0.383165 -1.30692 10 37
3182 0.883045 -1.92313 10 37
3183   1.4262 -2.50107 10 37
3184  1.96012 -3.08767 10 37
3185  2.52966 -3.63924 10 37
3186  3.07252 -4.21746 10 37
3187  3.63418 -4.77717 10 37
3188  4.14939 -5.38048 10 37
3189  4.70108 -5.95016 10 37
3190  5.22557 -6.54531 10 37
3191  5.79315 -7.09893 10 37
3192  6.34037 -7.67296 10 37
3193  6.93603 -8.19576 10 37
3194  7.63528 -8.56479 10 37
3195  8.33635 -8.14887 37 64
3196  8.93081 -7.58858 37 64
3197  9.50644 -7.00881 37 64
3198  10.0708 -6.41801 37 64
3199  10.6191 -5.81227 37 64
3200  11.2056 -5.24352 37 64
3201  11.7694 -4.65221 37 64
3202  12.3639 -4.09198 37 64
3203  12.9106 -3.48477 37 64
3204 13.5366 -2.9604 37 64
3205  14.2568 -3.25154 64 71
3206  14.8147 -3.79851 64 71
3207  15.3714 -4.34665 64 71
3208  15.9063 -4.91668 64 71
3209  16.4872 -5.43834 64 71
3210 17.0344 -5.9962 64 71
3211  17.6112 -6.52261 64 71
3212  18.1637 -7.07508 64 71
3213  18.7299 -7.61318 64 71
3214  19.2509 -8.19627 64 71
3215   19.803 -8.74918 64 71
3216  20.3102 -9.34478 64 71
3217 20.8803 -9.8785 64 71
3218  21.4136 -10.4502 64 71
3219  21.9661 -11.0027 64 71
3220   22.501 -11.5727 64 71
3221  23.0822 -12.0941 64 71
3222  23.7421 -12.5076 64 71
3223 24.4215 -12.123 71 75
3224  24.9943 -11.6057 71 75
3225  25.5514 -11.0731 71 75
3226   26.125 -10.5567 71 75
3227  26.8617 -10.2795 71 75
3228  27.4825 -10.7409 75 83
3229  28.0568 -11.2614 75 83
3230  28.6135 -11.8014 75 83
3231  29.1917 -12.3173 75 83
3232  29.7206 -12.8858 75 83
3233  30.2716 -13.4319 75 83
3234  30.7885 -14.0117 75 83
3235  31.3508 -14.5457 75 83
3236  31.8928 -15.1011 75 83
3237   32.425 -15.6664 75 83
3238  32.939 -16.249 75 83
3239  32.9807 -17.0358 75 83
3252 -6.02434  5.70354 10 37
3253 -5.42223  5.19021 10 37
3254  -4.891 4.59531 10 37
3255 -4.36622  3.99402 10 37
3256 -3.86705  3.36878 10 37
3257 -3.3196 2.79061 10 37
3258 -2.81781  2.16772 10 37
3259 -2.26087  1.59982 10 37
3260 -1.75478 0.980838 10 37
3261 -1.21209  0.39766 10 37
3262 -0.687957 -0.204268 10 37
3263 -0.136167 -0.777784 10 37
3264 0.384666 -1.38291 10 37
3265 0.926671 -1.96681 10 37
3266  1.46751 -2.55192 10 37
3267  2.03546 -3.10742 10 37
3268  2.56443 -3.70458 10 37
3269  3.12209 -4.27169 10 37
3270  3.64814 -4.87172 10 37
3271  4.18807 -5.45778 10 37
3272  4.69648 -6.07463 10 37
3273  5.24025 -6.65669 10 37
3274  5.77051 -7.25256 10 37
3275  6.34001 -7.80627 10 37
3276 6.88806 -8.3838 10 37
3277  7.63557 -8.56259 10 37
3278  8.26273 -8.04122 37 64
3279  8.83138 -7.45128 37 64
3280  9.41796 -6.88069 37 64
3281  9.96701 -6.27102 37 64
3282  10.5447 -5.69069 37 64
3283  11.1009 -5.08806 37 64
3284   11.665 -4.49344 37 64
3285   12.206 -3.87608 37 64
3286 12.8339 -3.3556 37 64
3287  13.5387 -2.95982 37 64
3288  14.232 -3.3335 64 71
3289  14.7819 -3.88254 64 71
3290  15.3177 -4.44422 64 71
3291  15.8832 -4.97863 64 71
3292  16.4296 -5.53091 64 71
3293   17.016 -6.04436 64 71
3294  17.5524 -6.60547 64 71
3295  18.1236 -7.13433 64 71
3296  18.6564 -7.69856 64 71
3297 19.2265 -8.2285 64 71
3298  19.7659 -8.78701 64 71
3299  20.3139 -9.33781 64 71
3300 20.8249 -9.9201 64 71
3301  21.3766 -10.4675 64 71
3302  21.8999 -11.0397 64 71
3303  22.4643 -11.5752 64 71
3304  23.0658 -12.0726 64 71
3305   23.724 -12.4997 64 71
3306  24.4281 -12.1749 71 75
3307    24.97 -11.6003 71 75
3308  25.5458 -11.0631 71 75
3309  26.1378 -10.5458 71 75
3310  26.8684 -10.2985 71 75
3311  27.4366 -10.8181 75 83
3312  27.9207 -11.4232 75 83
3313  28.4114 -12.0225 75 83
3314   28.868 -12.6504 75 83
3315   29.378 -13.2319 75 83
3316   29.863 -13.8362 75 83
3317  30.3605 -14.4293 75 83
3318  30.8312 -15.0458 75 83
3319  31.3211 -15.6459 75 83
3320  31.7728 -16.2777 75 83
3321  32.2423 -16.8952 75 83
3322  32.9842 -17.0337 75 83
3334 -6.02255  5.70587 10 37
3335 -5.39734  5.22265 10 37
3336 -4.8796 4.62276 10 37
3337 -4.34594  4.03734 10 37
3338  -3.814 3.45034 10 37
3339 -3.2491 2.89586 10 37
3340 -2.72801  2.29895 10 37
3341 -2.18089  1.72643 10 37
3342 -1.65326  1.13544 10 37
3343 -1.10256 0.566473 10 37
3344   -0.59213 -0.0398117 10 37
3345 -0.0359583  -0.603287 10 37
3346 0.503966 -1.18277 10 37
3347  1.07775 -1.72779 10 37
3348  1.59485 -2.32825 10 37
3349  2.15739 -2.88519 10 37
3350  2.67011 -3.48949 10 37
3351  3.22571 -4.05355 10 37
3352  3.76087 -4.63755 10 37
3353  4.31508 -5.20301 10 37
3354  4.81241 -5.82035 10 37
3355  5.35558 -6.39671 10 37
3356  5.86927 -7.00016 10 37
3357  6.43582 -7.55291 10 37
3358  6.96847 -8.13926 10 37
3359  7.63266 -8.56529 10 37
3360  8.25966 -8.15253 37 64
3361  8.76599 -7.58547 37 64
3362  9.25856 -7.00508 37 64
3363  9.75099 -6.42457 37 64
3364  10.2593 -5.85952 37 64
3365   10.751 -5.27826 37 64
3366  11.2917 -4.74758 37 64
3367  11.7837 -4.16664 37 64
3368 12.2761 -3.5861 37 64
3369  12.8058 -3.04318 37 64
3370  13.5397 -2.95945 37 64
3371  14.1652 -3.42425 64 71
3372  14.7466 -3.94348 64 71
3373  15.3354 -4.45415 64 71
3374  15.8687 -5.02288 64 71
3375   16.445 -5.54772 64 71
3376 16.9842 -6.1108 64 71
3377  17.5576 -6.63882 64 71
3378 18.1022 -7.1966 64 71
3379 18.6795 -7.7204 64 71
3380  19.1924 -8.30757 64 71
3381  19.7439 -8.85859 64 71
3382 20.2745 -9.4298 64 71
3383  20.8184 -9.98827 64 71
3384  21.3457 -10.5625 64 71
3385  21.8801 -11.1301 64 71
3386  22.4163 -11.6961 64 71
3387  23.0194 -12.1897 64 71
3388 23.7349 -12.498 64 71
3389   24.346 -12.0036 71 75
3390  24.9145 -11.4593 71 75
3391  25.4815 -10.9136 71 75
3392  26.1184 -10.4537 71 75
3393  26.8805 -10.2833 71 75
3394  27.4708 -10.8109 75 83
3395  28.0613 -11.3383 75 83
3396  28.6269 -11.8896 75 83
3397  29.2202 -12.4142 75 83
3398  29.7782 -12.9725 75 83
3399 30.3656 -13.503 75 83
3400  30.9559 -14.0306 75 83
3401   31.518 -14.5852 75 83
3402  32.0567 -15.1601 75 83
3403  32.6235 -15.7104 75 83
3404  33.1289 -16.3118 75 83
3405  32.9677 -17.0437 75 83
3406 32.4104 -16.498 63 96
3407  31.8986 -15.9094 63 96
