0 0 0
1 -0.604284  0.493194
2 -1.21153  0.98274
3 -1.79973  1.49501
4 -2.39502  1.99903
5 -2.97711  2.51822
6 -3.58956  3.00124
7 -4.16826  3.52422
8 -4.7464 4.04781
9 -5.31845  4.57806
10 -5.94489  5.04279
11 -6.59841  4.61699
12 -7.2045 4.12602
13 -7.80208  3.62472
14 -8.3985 3.12204
15 -9.0061 2.63294
16 -9.62153  2.15373
17 -10.2236  1.65781
18 -10.8347  1.17315
19 -11.4189 0.656315
20 -12.0299 0.171441
21  -12.6191 -0.339733
22  -13.2128 -0.845548
23 -13.787 -1.3735
24 -14.3792 -1.88111
25  -14.965 -2.39613
26 -15.5473 -2.91507
27 -16.0897 -3.47561
28 -16.6661  -4.0012
29 -17.2579 -4.50924
30 -17.8543 -5.01191
31   -18.43 -5.53821
32  -19.04 -6.0243
33 -19.6428 -6.51931
34 -20.2344 -7.02769
35 -20.8064 -7.55797
36 -21.4021 -8.06152
37  -21.956 -8.61068
38 -22.5168 -9.15287
39 -23.0914  -9.6803
40  -23.645 -10.2298
41 -24.1927 -10.7851
42 -24.7457 -11.3352
43 -25.2122 -11.9604
44 -24.7496 -12.5883
45 -24.2595 -13.1951
46 -23.7621  -13.796
47 -23.2915  -14.418
48 -22.7901 -15.0155
49 -22.2469 -15.5753
50 -21.7196   -16.15
51 -21.1931 -16.7255
52 -20.6809 -17.3138
53 -20.1581 -17.8927
54 -19.6085 -18.4461
55 -19.0892 -19.0282
56 -18.5494 -19.5912
57  -18.047 -20.1878
58 -17.5317 -20.7734
59 -17.0156 -21.3583
60 -16.4953 -21.9394
61 -15.9805 -22.5254
62 -15.4065 -23.0535
63 -14.63 -22.98
64 -13.9769 -22.5536
65  -13.384 -22.0467
66 -12.8058 -21.5232
67 -12.2385 -20.9879
68 -11.6757 -20.4479
69 -11.1324 -19.8882
70 -10.5616 -19.3566
71 -9.98203 -18.8346
72 -9.42622 -18.2873
73 -8.87878 -17.7317
74 -8.30981 -17.1982
75 -7.73859  -16.667
76 -7.16637  -16.137
77 -6.58967 -15.6118
78 -6.01167  -15.088
79 -5.43197 -14.5662
80 -4.85157 -14.0451
81 -4.24341 -13.5567
82 -3.65088 -13.0494
83 -3.03083 -12.5762
84 -2.40697  -12.108
85 -1.79422 -11.6254
86 -1.20007   -11.12
87 -0.622435  -10.5959
88 -0.025226  -10.0941
89 0.557905 -9.57609
90  1.16299 -9.08388
91  1.78615 -8.61476
92  2.36582 -8.09286
93  2.96452 -7.59291
94  3.57575 -7.10834
95  4.21049 -6.65501
96   4.7059 -7.25748
97  5.19933 -7.86158
98  5.67053 -8.48316
99  6.17497 -9.07809
100  6.67244 -9.67886
101  7.21501 -10.2392
102   7.7311 -10.8241
103  8.27538 -11.3828
104  8.79461 -11.9649
105  9.30029 -12.5587
106  9.82831 -13.1328
107  10.3257 -13.7337
108 10.8225 -14.335
109  11.3236 -14.9328
110  11.8401 -15.5172
111  12.3559 -16.1023
112  12.8592 -16.6982
113  13.3597 -17.2965
114   13.862 -17.8932
115    14.38 -18.4764
116  14.8901 -19.0664
117  15.4055 -19.6519
118  15.9157 -20.2419
119  16.303 -20.919
120  16.0771 -21.6655
121 15.5025 -22.193
122  14.8976 -22.6855
123  14.3228 -23.2127
124  13.7616 -23.7544
125  13.1986 -24.2943
126 12.6224  -24.82
127  12.0454 -25.3449
128  11.4634 -25.8641
129  10.8699 -26.3703
130  10.2766 -26.8767
131   9.6945 -27.3958
132  9.11826 -27.9215
133  8.52946 -28.4331
134  7.9375 -28.941
135  7.34656 -29.4501
136  6.7751 -29.981
137   6.1962 -30.5037
138  5.61053 -31.0189
139  5.02761 -31.5372
140  4.44944 -32.0607
141  3.87255 -32.5857
142  3.30318 -33.1188
143 2.73766 -33.656
144 2.19263 -34.214
145  1.61956 -34.7432
146  1.03131 -35.2554
147 0.464704 -35.7914
148 -0.130666  -36.2954
149 -0.72435 -36.8013
150 -1.32138 -37.3032
151 -1.93288 -37.7874
152 -2.54824 -38.2667
153 -3.04299 -37.6637
154 -3.56015 -37.0798
155 -4.09166 -36.5089
156 -4.66287 -35.9778
157 -5.24288 -35.4563
158  -5.8196 -34.9311
159 -6.34501 -34.3546
160 -6.88376 -33.7906
161 -7.45028 -33.2544
162  -8.0185 -32.7201
163 -0.718966   1.27247
164 -1.28421  1.80996
165 -1.88223  2.31073
166 -2.46307  2.83133
167 -3.05006    3.345
168 -3.62358  3.87365
169 -4.18571   4.4144
170 -4.74936  4.95356
171 -5.30886  5.49702
172 -5.85905  6.04993
173 -6.50313  6.48989
174 -7.27267  6.36261
175 -7.85579  5.84456
176 -8.38804  5.27438
177 -8.93662  4.71989
178 -9.49547  4.17575
179 -10.0711  3.64942
180 -10.6465  3.12283
181 -11.2079  2.58129
182 -11.7534  2.02377
183 -12.2973  1.46467
184 -12.8409 0.905329
185 -13.4044 0.365992
186   -13.972 -0.169066
187 -14.5186 -0.72543
188  -15.071 -1.27615
189 -15.6231 -1.82713
190 -16.1529 -2.39956
191 -16.7062 -2.94942
192  -17.261 -3.49768
193 -17.7961 -4.06516
194  -18.329 -4.63476
195 -18.8647 -5.20172
196 -19.3937 -5.77487
197 -19.8958 -6.37183
198 -20.4222 -6.94737
199 -20.9574 -7.51478
200 -21.5281 -8.04652
201  -22.095 -8.58225
202 -22.6544 -9.12577
203 -23.2309 -9.65121
204 -23.8125 -10.1709
205 -24.3714 -10.7151
206 -24.9389 -11.2501
207 -25.2847 -11.9493
208 -25.2744 -12.7293
209 -24.8159 -13.3603
210 -24.2987 -13.9441
211 -23.7588 -14.5071
212 -23.2253 -15.0761
213 -22.6938  -15.647
214 -22.1579 -16.2137
215 -21.6176 -16.7763
216 -21.0912 -17.3519
217  -20.557 -17.9203
218 -20.0325 -18.4976
219 -19.4934 -19.0613
220 -18.9633 -19.6335
221 -18.4235 -20.1965
222 -17.8805 -20.7565
223  -17.341 -21.3198
224 -16.8148 -21.8956
225 -16.2727 -22.4564
226 -15.7305 -23.0171
227 -15.1665 -23.5559
228 -14.4304 -23.2979
229 -13.8574 -22.7687
230 -13.2986 -22.2244
231 -12.7469 -21.6731
232 -12.1946 -21.1223
233   -11.62 -20.5948
234 -11.0585 -20.0533
235 -10.5145 -19.4944
236 -9.93779 -18.9692
237 -9.37858 -18.4255
238 -8.80827 -17.8933
239 -8.23864 -17.3605
240 -7.65613 -16.8418
241 -7.07855 -16.3176
242 -6.52866 -15.7644
243 -5.97771 -15.2122
244 -5.42673 -14.6601
245 -4.85262 -14.1321
246  -4.2855 -13.5966
247 -3.68913 -13.0939
248 -3.12244 -12.5579
249 -2.53453 -12.0453
250 -1.96316 -11.5143
251  -1.3962 -10.9786
252 -0.825634  -10.4468
253 -0.209061  -9.96904
254 0.404389  -9.4873
255 1.01788 -9.0056
256  1.61709 -8.50626
257  2.22317 -8.01527
258  2.83806 -7.53536
259  3.45026 -7.05203
260  4.07321 -6.58264
261  4.81886 -6.35369
262  5.46714 -6.78742
263  5.93864 -7.40878
264  6.42704 -8.01695
265  6.88689 -8.64698
266  7.38416 -9.24792
267  7.86877 -9.85911
268  8.37803 -10.4499
269 8.86402  -11.06
270  9.35442 -11.6666
271  9.82415 -12.2893
272  10.2945 -12.9115
273   10.746 -13.5475
274  11.2499 -14.1429
275    11.74 -14.7497
276  12.2362 -15.3515
277  12.7264 -15.9582
278  13.2054 -16.5739
279  13.6647 -17.2042
280  14.1431 -17.8204
281   14.632 -18.4281
282 15.1157  -19.04
283  15.5813 -19.6658
284 16.0503 -20.289
285 16.4629 -20.951
286 16.4081 -21.729
287   15.824 -22.2459
288 15.2155 -22.734
289  14.5755 -23.1798
290  13.9608 -23.6599
291  13.3466 -24.1407
292 12.7028 -24.581
293  12.0595 -25.0222
294  11.4308 -25.4839
295  10.8182 -25.9666
296 10.2005 -26.443
297  9.57112 -26.9037
298   8.9602 -27.3886
299  8.39745 -27.9287
300 7.78204 -28.408
301  7.17778 -28.9012
302  6.55683 -29.3732
303  5.94034 -29.8511
304  5.33042 -30.3373
305  4.70301 -30.8007
306  4.07237 -31.2597
307  3.43844 -31.7142
308 2.81134 -32.178
309  2.16205 -32.6103
310  1.51839 -33.0508
311   0.8792 -33.4979
312 0.207647 -33.8946
313 -0.465799  -34.2882
314 -1.13219 -34.6935
315 -1.81039 -35.0788
316 -2.48252 -35.4746
317  -3.1692 -35.8446
318  -3.9044 -36.1051
319 -4.62587 -35.8086
320  -5.0418 -35.1488
321 -5.40742 -34.4598
322 -5.77265 -33.7706
323 -6.17816 -33.1043
324 -6.58582 -32.4393
325 -6.99471  -31.775
326 -7.37446 -31.0937
327 -7.74785 -30.4089
328 -8.13192   -29.73
329 -8.51674 -29.0516
330 -1.52363  0.48062
331 -2.12216 0.980784
332 -2.6832 1.52267
333 -3.24471  2.06406
334 -3.80704   2.6046
335 -4.35744  3.15728
336 -4.87017  3.74508
337 -5.39579  4.32138
338 -5.95345  4.86674
339 -6.4953 5.42781
340 -7.11268  5.90451
341 -7.87835  5.75567
342 -8.45313   5.2284
343 -9.01854  4.69108
344 -9.5955 4.16617
345 -10.1539  3.62153
346 -10.751 3.11974
347 -11.328 2.59488
348 -11.9109  2.07653
349 -12.4526  1.51538
350   -13.02 0.980087
351 -13.5834 0.440691
352  -14.1414 -0.104328
353  -14.7066 -0.641877
354 -15.2678 -1.18359
355 -15.8356  -1.7184
356 -16.4011 -2.25559
357 -16.9552 -2.80452
358 -17.4917 -3.37076
359 -18.0326  -3.9327
360 -18.5771 -4.49126
361 -19.1576 -5.01216
362 -19.7142 -5.55865
363 -20.2802 -6.09528
364 -20.8495  -6.6285
365  -21.428 -7.15175
366 -21.988 -7.6947
367 -22.5543 -8.23104
368 -23.1125 -8.77585
369 -23.6806 -9.31037
370 -24.2325 -9.86151
371 -24.8103 -10.3855
372 -25.3778 -10.9206
373 -25.9166 -11.4846
374 -25.4613  -12.118
375 -24.9386 -12.6969
376 -24.4121 -13.2724
377 -23.9381 -13.8919
378  -23.458 -14.5066
379 -22.9148 -15.0664
380 -22.3906  -15.644
381 -21.8549 -16.2109
382 -21.3223 -16.7808
383 -20.7879 -17.3489
384 -20.2516 -17.9153
385 -19.7272 -18.4927
386 -19.2112 -19.0776
387  -18.683 -19.6516
388 -18.1737 -20.2424
389 -17.6697 -20.8376
390 -17.1512 -21.4204
391 -16.6368 -22.0067
392 -16.1027 -22.5752
393   -15.35 -22.7798
394 -14.6714 -22.3951
395 -14.0372 -21.9411
396 -13.4071 -21.4813
397 -12.8175 -20.9706
398 -12.2035 -20.4896
399 -11.6244 -19.9671
400 -11.0341 -19.4572
401 -10.4171 -18.9801
402 -9.77986 -18.5302
403 -9.17332 -18.0398
404 -8.55378 -17.5659
405 -7.92098 -17.1099
406 -7.29983 -16.6381
407  -6.6825 -16.1614
408 -6.07968 -15.6664
409 -5.47705 -15.1712
410 -4.89117 -14.6562
411 -4.30457 -14.1421
412 -3.72728 -13.6176
413 -3.13799 -13.1066
414 -2.54645 -12.5982
415 -1.94664 -12.0996
416 -1.35408 -11.5923
417 -0.742911  -11.1077
418 -0.12906 -10.6265
419 0.499902 -10.1652
420  1.10529 -9.67332
421  1.69952 -9.16805
422 2.28886 -8.6571
423  2.89352 -8.16436
424  3.47993 -7.65005
425 4.10187 -7.1793
426  4.87493 -7.07552
427  5.38488 -7.66573
428  5.89141 -8.25888
429  6.42004 -8.83243
430  6.88796 -9.45648
431  7.43805 -10.0095
432  7.94909 -10.5987
433  8.47535 -11.1745
434  9.03911 -11.7135
435  9.56945 -12.2855
436  10.1027 -12.8547
437 10.6262 -13.433
438  11.1397 -14.0201
439  11.6401 -14.6184
440   12.163 -15.1972
441  12.7014 -15.7616
442  13.2222 -16.3422
443 13.7418 -16.924
444 14.2677   -17.5
445  14.7674 -18.0989
446   15.292 -18.6761
447 15.7821 -19.283
448  16.2891 -19.8757
449  16.7929 -20.4712
450  17.0669 -21.2015
451  16.8497 -21.9506
452  16.3767 -22.5708
453  15.8252 -23.1224
454  15.2194 -23.6137
455  14.5976 -24.0847
456  13.9821 -24.5638
457  13.3871 -25.0681
458  12.7886 -25.5684
459  12.2261 -26.1087
460  11.6409 -26.6244
461 11.0336 -27.114
462   10.482 -27.6654
463  9.90449 -28.1897
464   9.3286 -28.7158
465 8.74922 -29.238
466  8.16315 -29.7527
467  7.59276 -30.2847
468  7.02938 -30.8242
469 6.43224 -31.326
470  5.85743 -31.8532
471  5.30793 -32.4068
472  4.75087 -32.9528
473  4.16678 -33.4697
474 3.58117 -33.985
475   3.0178 -34.5244
476  2.43648 -35.0445
477  1.85894 -35.5688
478  1.27617 -36.0872
479 0.662897 -36.5692
480 0.0580256  -37.0616
481 -0.546428  -37.5546
482 -1.14714 -38.0522
483 -1.76681 -38.5259
484 -2.44856 -38.9049
485  -3.2112 -38.7412
486 -3.71701 -38.1474
487 -4.20934 -37.5424
488 -4.71337 -36.9472
489 -5.22769 -36.3608
490 -5.78824 -35.8184
491 -6.29914  -35.229
492 -6.81978 -34.6482
493 -7.31113 -34.0424
494 -7.82639 -33.4568
495 -8.33881 -32.8687
496 -2.02792  3.48898
497 -2.66192  3.94333
498 -3.23932  4.46774
499 -3.83375  4.97278
500 -4.4418 5.46131
501 -5.04991  5.94979
502 -5.64624  6.45257
503 -6.24259  6.95533
504 -6.84154  7.45499
505 -7.46868  7.91877
506 -8.19684  8.19839
507 -8.9572 8.02444
508 -9.53194  7.49711
509 -10.0246  6.89241
510 -10.5299  6.29817
511 -11.0242  5.69485
512 -11.6118  5.18186
513 -12.1573  4.62436
514 -12.706 4.06999
515 -13.1952  3.46243
516 -13.7025  2.86995
517 -14.1732    2.248
518 -14.6938  1.66711
519 -15.1692  1.04872
520 -15.6699 0.450647
521  -16.1436 -0.169026
522  -16.6363 -0.773739
523 -17.1128  -1.3912
524 -17.5821 -2.01426
525 -18.0734 -2.62008
526  -18.575 -3.21743
527 -19.0869  -3.8059
528 -19.5759 -4.41363
529 -20.0747 -5.01325
530 -20.5692 -5.61647
531 -21.0798  -6.2061
532 -21.5733 -6.81022
533 -22.0523 -7.42575
534 -22.5656 -8.01304
535 -23.0648 -8.61241
536 -23.5594 -9.21558
537 -24.0611 -9.81278
538  -24.554 -10.4173
539 -24.9911 -11.0633
540 -25.2618 -11.7948
541 -24.7522 -12.3853
542 -24.1924 -12.9285
543 -23.6401 -13.4793
544  -23.084 -14.0262
545 -22.5393 -14.5846
546 -22.0317 -15.1768
547 -21.5042 -15.7514
548 -20.9622 -16.3122
549 -20.4142 -16.8673
550 -19.8987 -17.4527
551 -19.4057 -18.0572
552 -18.9094 -18.6589
553 -18.3693 -19.2217
554 -17.8722 -19.8227
555 -17.3782 -20.4263
556 -16.8771 -21.0241
557 -16.3773  -21.623
558 -15.8889 -22.2311
559 -15.2564 -22.6876
560 -14.5938 -22.2761
561  -14.003 -21.7668
562 -13.4287  -21.239
563 -12.8667 -20.6982
564 -12.2805 -20.1836
565 -11.6998 -19.6628
566 -11.1149 -19.1468
567 -10.5324  -18.628
568  -9.9811 -18.0763
569 -9.38425 -17.5741
570 -8.78259 -17.0777
571 -8.15089 -16.6202
572 -7.58156  -16.087
573 -6.96732 -15.6062
574 -6.33686  -15.147
575 -5.72854 -14.6588
576 -5.14333 -14.1431
577  -4.5639 -13.6209
578 -3.96103  -13.126
579 -3.37073 -12.6162
580 -2.79236 -12.0928
581 -2.19849 -11.5871
582 -1.62247 -11.0612
583 -1.02838 -10.5558
584 -0.418161  -10.0699
585 0.176433  -9.5651
586 0.777232 -9.06767
587  1.41011 -8.61174
588  2.01846 -8.12357
589  2.63377 -7.64421
590  3.25365 -7.17077
591  4.01971 -7.02397
592   4.7372 -7.32993
593  5.23984 -7.92638
594  5.69072 -8.56286
595  6.19524 -9.15772
596  6.68393 -9.76566
597   7.2087 -10.3427
598  7.70712 -10.9427
599  8.21422 -11.5354
600 8.71186 -12.136
601  9.22426 -12.7241
602  9.75197 -13.2985
603  10.3343 -13.8174
604  10.8531 -14.3999
605   11.377 -14.9777
606  11.8941 -15.5617
607  12.4317 -16.1269
608  12.9534 -16.7066
609  13.5073 -17.2559
610  14.0387 -17.8269
611  14.5821 -18.3864
612  15.0922 -18.9765
613  15.6348 -19.5369
614  16.1711 -20.1032
615  16.6934 -20.6825
616  17.1692 -21.3006
617  17.1438 -22.0802
618  16.6016 -22.6409
619  16.0207 -23.1615
620  15.4484 -23.6915
621  14.8595 -24.2029
622  14.2981 -24.7444
623  13.7285 -25.2773
624 13.1702 -25.822
625  12.5769 -26.3284
626  12.0102 -26.8643
627 11.4395 -27.396
628  10.8759 -27.9352
629  10.2855 -28.4449
630  9.72682 -28.9893
631  9.15693 -29.5218
632  8.56704 -30.0321
633  8.00104 -30.5688
634  7.41657 -31.0854
635  6.83256 -31.6024
636  6.25914 -32.1312
637  5.67864 -32.6521
638 5.12347   -33.2
639  4.56043 -33.7398
640  3.96419 -34.2427
641  3.36814 -34.7458
642  2.82202 -35.3028
643 2.24087 -35.823
644  1.66661 -36.3509
645  1.08341 -36.8688
646 0.493351 -37.3789
647 -0.0755969   -37.9125
648 -0.65967 -38.4295
649 -1.31575 -38.8513
650 -2.09103  -38.937
651 -2.65231 -38.3953
652 -3.19411 -37.8342
653 -3.76958 -37.3077
654 -4.36249 -36.8009
655  -4.9178 -36.2531
656 -5.49962 -35.7336
657 -6.11505 -35.2544
658 -6.70278 -34.7416
659 -7.28848 -34.2265
660 -7.88311 -33.7217
661  -1.3527 0.796921
662 -1.8788 1.37278
663 -2.40999  1.94396
664 -2.91407  2.53918
665 -3.44899  3.10687
666 -4.01018  3.64859
667 -4.55567  4.20612
668 -5.0832 4.78068
669 -5.61545  5.35086
670 -6.15075  5.91818
671 -6.72888  6.44179
672 -7.50307  6.34672
673 -8.08432  5.82658
674 -8.62698   5.2663
675 -9.18227  4.71852
676 -9.77439  4.21079
677 -10.3855  3.72613
678 -10.9448  3.18237
679   -11.5 2.63454
680 -12.0648  2.09659
681 -12.6483  1.57897
682 -13.225 1.05383
683 -13.8314 0.563206
684 -14.3883 0.017061
685  -14.9629 -0.510388
686 -15.5476 -1.02672
687 -16.1264 -1.54957
688 -16.7239 -2.05099
689 -17.3312 -2.54038
690 -17.8833 -3.09137
691 -18.4742 -3.60055
692 -19.1002 -4.06582
693 -19.6862 -4.58065
694 -20.2694  -5.0986
695 -20.8493 -5.62026
696 -21.4002 -6.17247
697 -21.9587 -6.71696
698 -22.5217 -7.25674
699 -23.0985 -7.78188
700 -23.6607 -8.32253
701 -24.2237 -8.86237
702 -24.7882 -9.40067
703 -25.3446 -9.94728
704 -25.8729 -10.5212
705  -26.092 -11.2698
706 -25.7333 -11.9624
707 -25.0962 -12.4124
708 -24.4676 -12.8742
709 -23.9067 -13.4162
710 -23.3626 -13.9751
711  -22.843 -14.5568
712 -22.3218 -15.1371
713 -21.7778 -15.6961
714 -21.2181 -16.2394
715 -20.6927 -16.8159
716 -20.1486 -17.3748
717   -19.64 -17.9661
718 -19.1369 -18.5622
719 -18.6376 -19.1614
720 -18.1229 -19.7476
721 -17.6058 -20.3315
722 -17.0977 -20.9233
723 -16.5749 -21.5022
724 -16.0411 -22.0709
725 -15.4944 -22.6273
726 -14.7916 -22.9656
727 -14.2259 -22.4287
728 -13.6564 -21.8956
729 -13.0507 -21.4042
730 -12.4863 -20.8658
731 -11.9456 -20.3037
732 -11.3676 -19.7799
733 -10.8202 -19.2242
734 -10.2661 -18.6753
735 -9.71746 -18.1208
736 -9.14458 -17.5915
737 -8.59608 -17.0369
738 -8.00655 -16.5262
739 -7.43477 -15.9957
740 -6.84836 -15.4813
741 -6.27412 -14.9535
742 -5.66544 -14.4657
743 -5.06066 -13.9731
744 -4.46974  -13.464
745 -3.87967 -12.9539
746 -3.27718 -12.4585
747 -2.67527 -11.9624
748 -2.07603 -11.4631
749 -1.50248 -10.9345
750 -0.879881  -10.4646
751 -0.26796 -9.98092
752 0.336211 -9.48759
753 0.949039 -9.00505
754  1.54071 -8.49679
755  2.15388 -8.01469
756  2.75076 -7.51256
757 3.37389 -7.0434
758  4.10581 -6.77379
759  4.76149 -7.19626
760  5.21911 -7.82791
761  5.71888 -8.42677
762  6.24746 -9.00035
763  6.75727 -9.59069
764  7.24835 -10.1967
765 7.76397 -10.782
766  8.27048 -11.3751
767  8.75025 -11.9901
768  9.23879 -12.5982
769  9.75257 -13.1851
770  10.2441 -13.7907
771  10.7454 -14.3883
772  11.2325 -14.9975
773   11.732 -15.5966
774  12.2307 -16.1963
775  12.7277 -16.7975
776  13.2405 -17.3852
777  13.7461 -17.9792
778  14.2504 -18.5742
779  14.7298 -19.1895
780  15.2214 -19.7951
781  15.7269 -20.3891
782  16.2173 -20.9957
783  16.6391 -21.6517
784 16.4648 -22.412
785  15.8744 -22.9217
786  15.2664 -23.4103
787  14.6904 -23.9362
788  14.0876 -24.4313
789  13.5462 -24.9928
790  12.9703 -25.5188
791  12.4116 -26.0632
792  11.8334 -26.5867
793 11.2642  -27.12
794  10.6963 -27.6547
795  10.1122 -28.1716
796  9.53532 -28.6966
797  8.97942 -29.2437
798  8.40022 -29.7662
799  7.79903 -30.2631
800  7.22261 -30.7886
801  6.64954 -31.3177
802  6.06089 -31.8295
803  5.46107 -32.3281
804  4.86081 -32.8262
805  4.27356 -33.3396
806  3.67574 -33.8406
807  3.10143 -34.3684
808  2.53049 -34.8998
809 1.96883 -35.441
810  1.42268 -35.9979
811 0.870621  -36.549
812 0.321912 -37.1033
813 -0.18086 -37.6997
814 -0.694921  -38.2863
815 -1.24711 -38.8372
816 -1.89834 -39.2665
817 -2.67787 -39.2395
818 -3.39639 -38.9359
819 -3.90037 -38.3406
820 -4.41619 -37.7555
821 -4.96638 -37.2026
822 -5.52159 -36.6548
823 -6.05417 -36.0849
824 -6.56505 -35.4955
825 -7.05891 -34.8917
826 -7.55716 -34.2916
827 -8.07442 -33.7078
828 -8.58479  -33.118
829  10.9554 -14.5634
830  11.5452 -15.0739
831  12.1046 -15.6175
832 12.6764 -16.148
833  13.2353 -16.6921
834  13.8249 -17.2026
835  14.3719 -17.7588
836  14.9375 -18.2958
837  15.4986 -18.8376
838   16.074 -19.3642
839  16.5987 -19.9414
840  17.1142 -20.5268
841  17.2368 -21.2971
842   16.798 -21.9419
843  16.2248 -22.4709
844   15.658 -23.0068
845 15.0655 -23.514
846  14.5028 -24.0542
847  13.9137 -24.5654
848  13.3559 -25.1107
849  12.7676 -25.6229
850  12.2125 -26.1707
851  11.6258 -26.6848
852  11.0763 -27.2384
853  10.4983 -27.7621
854  9.94632 -28.3132
855  9.37082 -28.8397
856  8.81813 -29.3901
857  8.24452 -29.9187
858  7.68842 -30.4656
859  7.11274 -30.9919
860  6.56455 -31.5468
861   5.987 -32.071
862  5.41871 -32.6053
863  4.83224 -33.1196
864   4.2605 -33.6501
865  3.69436 -34.1867
866  3.15099 -34.7463
867  2.58655 -35.2846
868  2.05412 -35.8546
869  1.46974 -36.3713
870 0.909643 -36.9141
871 0.309011 -37.4118
872 -0.257832  -37.9476
873 -0.844689  -38.4614
874 -1.43603   -38.97
875 -2.13837 -39.3093
876 -2.83475 -38.9579
877 -3.32572 -38.3519
878  -3.8333 -37.7596
879 -4.30037 -37.1349
880 -4.82038 -36.5535
881 -5.31506 -35.9505
882 -5.84421 -35.3774
883 -6.34156 -34.7765
884 -6.85759 -34.1916
885 -7.35444 -33.5904
886 -7.88865  -33.022
887 -8.39784 -32.4311
888 -8.93273 -31.8634
889 -9.41935 -31.2538
890 -9.97114 -30.7025
891 -10.4901 -30.1202
892  -11.009 -29.5379
893 -11.5059 -28.9366
894 -12.0429 -28.3709
895 -12.5884 -27.8134
896 -13.1503 -27.2724
897 -13.6954 -26.7146
898 -14.2436 -26.1596
899 -14.7878 -25.6009
900 -15.2876  -25.002
901 -15.7612 -24.3823
902 -15.6655 -23.6082
903 -15.1487 -23.0239
904 -14.5956  -22.474
905 -14.0036 -21.9661
906 -13.4162 -21.4529
907 -12.7917 -20.9855
908  -12.203 -20.4739
909 -11.6007 -19.9783
910 -11.0314 -19.4451
911 -10.4574  -18.917
912 -9.89734  -18.374
913  -9.3076 -17.8635
914 -8.71411 -17.3574
915 -8.10739 -16.8672
916 -7.49705 -16.3815
917 -6.88259 -15.9011
918 -6.30992 -15.3715
919  -5.7076 -14.8759
920 -5.1297 -14.352
921 -4.51776 -13.8684
922  -3.9334 -13.3517
923 -3.32481 -12.8639
924  -2.7374 -12.3507
925 -2.10538 -11.8936
926 -1.49425 -11.4089
927 -0.861703  -10.9525
928 -0.271659  -10.4424
929 0.344755 -9.96441
930  0.93027 -9.44907
931  1.55091 -8.97662
932  2.15444 -8.48251
933  2.77598 -8.01125
934  3.35935 -7.49348
935  3.91053 -6.94158
936  4.30153 -6.26665
937  4.06565 -5.52318
938  3.57661 -4.91552
939  3.10854 -4.29157
940  2.60004 -3.70011
941  2.13297 -3.07542
942 1.62815 -2.4808
943  1.15596 -1.85997
944 0.666648 -1.25254
945 0.182542 -0.64095
946  -0.321052 -0.0453066
947 -0.799842  0.570456
948 -1.31908  1.15251
949 -1.81846   1.7517
950 -2.31586  2.35252
951 -2.81428   2.9525
952 -3.30706  3.55713
953 -3.79806  4.16319
954 -4.30721   4.7541
955 -4.80191  5.35715
956 -5.33037  5.93085
957 -6.01795  6.29913
958 -6.74561  6.01822
959 -7.38936  5.57778
960 -8.0056 5.09961
961 -8.64172  4.64823
962 -9.23658   4.1437
963 -9.86041  3.67547
964 -10.4623  3.17933
965 -11.0958  2.72427
966 -11.7105   2.2442
967 -12.3532  1.80214
968 -12.9823  1.34109
969 -13.6246 0.898503
970 -14.2458  0.42681
971   -14.8798 -0.0275723
972  -15.5013 -0.498821
973  -16.1432 -0.942072
974 -16.7758 -1.39831
975 -17.4096 -1.85299
976 -18.0063 -2.35532
977 -18.6316 -2.82154
978 -19.2345 -3.31647
979 -19.8726   -3.765
980 -20.4995  -4.2292
981   -21.14 -4.67429
982 -21.7746 -5.12775
983 -22.4126 -5.57655
984 -23.0333 -6.04896
985 -23.6752   -6.492
986 -24.3013 -6.95724
987 -24.9627 -7.37073
988 -25.5913 -7.83248
989 -26.2164 -8.29898
990 -26.8482 -8.75643
991 -27.4476  -9.2556
992 -27.9043 -9.88792
993 -27.6995 -10.6406
994 -27.2769 -11.2962
995 -26.8646 -11.9583
996  -26.406 -12.5892
997 -25.9762 -13.2401
998 -25.5203 -13.8731
999  12.3073 -13.8538
1000  12.8209 -14.4408
1001  13.2852 -15.0676
1002  13.7638 -15.6835
1003  14.2374 -16.3032
1004 14.7408 -16.899
1005  15.2386 -17.4996
1006  15.7257 -18.1088
1007  16.1662 -18.7525
1008  16.6585 -19.3575
1009  17.1113 -19.9926
1010 17.5994 -20.601
1011  18.0262 -21.2539
1012   18.019 -22.0339
1013  17.4903 -22.6073
1014  16.8941 -23.1102
1015 16.2512 -23.552
1016  15.6394 -24.0358
1017  15.0182 -24.5076
1018   14.435 -25.0255
1019  13.8421 -25.5322
1020  13.2701 -26.0626
1021  12.6786 -26.5711
1022 12.1072 -27.102
1023  11.5098 -27.6035
1024  10.9449 -28.1414
1025   10.373 -28.6717
1026  9.82606 -29.2279
1027 9.23773  -29.74
1028  8.65863 -30.2625
1029  8.06096 -30.7637
1030  7.47818 -31.2821
1031  6.87002 -31.7705
1032  6.27405 -32.2738
1033  5.66504 -32.7611
1034  5.09892 -33.2977
1035  4.53031 -33.8316
1036  3.94704 -34.3495
1037  3.34607 -34.8467
1038 2.77969 -35.383
1039 2.19216 -35.896
1040  1.62636 -36.4329
1041 1.04233  -36.95
1042 0.480426  -37.491
1043 -0.110667  -37.9999
1044 -0.685875  -38.5267
1045 -1.27366 -39.0394
1046 -1.97272 -39.3854
1047  -2.648 -38.995
1048 -3.18787 -38.4321
1049  -3.6891 -37.8344
1050  -4.2154 -37.2588
1051 -4.71196 -36.6572
1052 -5.20346 -36.0516
1053 -5.69107 -35.4428
1054 -6.2015 -34.853
1055 -6.68511  -34.241
1056 -7.18141 -33.6393
1057 -7.65834 -33.0221
1058 -8.18254 -32.4445
1059  -8.6824 -31.8457
1060 -9.20554 -31.2671
1061 -9.73612 -30.6954
1062 -10.2722 -30.1288
1063 -10.7877 -29.5435
1064 -11.3219 -28.9751
1065  -11.847 -28.3983
1066 -12.3939 -27.8422
1067 -12.9077 -27.2553
1068 -13.4321 -26.6779
1069 -13.9487 -26.0935
1070 -14.4804 -25.5228
1071 -15.0003 -24.9413
1072 -15.5036 -24.3454
1073 -15.6849 -23.5868
1074 -15.1952 -22.9796
1075 -14.6082 -22.4661
1076 -14.0179 -21.9562
1077 -13.4265 -21.4476
1078 -12.8657 -20.9054
1079 -12.2589 -20.4154
1080 -11.6685 -19.9056
1081 -11.0486 -19.4323
1082 -10.4709 -18.9082
1083 -9.85873 -18.4248
1084 -9.26909 -17.9142
1085 -8.65701 -17.4307
1086 -8.07481 -16.9116
1087   -7.468 -16.4215
1088 -6.87875 -15.9105
1089 -6.27746 -15.4136
1090 -5.70864 -14.8799
1091 -5.11569 -14.3732
1092 -4.53263  -13.855
1093 -3.93087 -13.3588
1094 -3.35681 -12.8307
1095   -2.755 -12.3345
1096 -2.17453 -11.8135
1097 -1.57024 -11.3203
1098 -0.97717 -10.8137
1099 -0.372972  -10.3204
1100 0.224843 -9.81936
1101 0.842332  -9.3428
1102  1.45484 -8.85986
1103  2.0671 -8.3766
1104  2.63976 -7.84701
1105  3.21074 -7.31562
1106  3.73878 -6.74153
1107  4.04628 -6.02471
1108  3.73335 -5.31023
1109  3.29903 -4.66234
1110  2.79873 -4.06393
1111  2.3317 -3.4392
1112  1.82931 -2.84254
1113  1.35522 -2.22316
1114 0.832977 -1.64379
1115 0.345061 -1.03524
1116 -0.172741   -0.4519
1117 -0.671542  0.147764
1118 -1.19222 0.728532
1119 -1.70013   1.3205
1120 -2.22348  1.89887
1121 -2.75219  2.47234
1122 -3.28619  3.04088
1123 -3.80089  3.62696
1124 -4.30302  4.22383
1125 -4.77693  4.84336
1126 -5.28889  5.43183
1127 -5.83032  5.99331
1128 -6.5508 6.29214
1129 -7.27185  5.99467
1130 -7.89132  5.52068
1131 -8.51794  5.05619
1132 -9.11206  4.55081
1133 -9.71226  4.05265
1134  -10.31 3.55159
1135 -10.9231  3.06937
1136 -11.5406  2.59276
1137 -12.1593  2.11787
1138 -12.7462  1.60403
1139 -13.3453  1.10458
1140 -13.9406 0.600621
1141 -14.5748 0.146447
1142  -15.1965 -0.324603
1143  -15.8267 -0.784203
1144 -16.4367 -1.27027
1145 -17.0608 -1.73817
1146 -17.6606  -2.2368
1147 -18.2799 -2.71103
1148 -18.8966 -3.18857
1149 -19.4989 -3.68412
1150 -20.1009 -4.18021
1151 -20.7236 -4.64988
1152 -21.3319 -5.13816
1153 -21.9645 -5.59449
1154 -22.5806 -6.07278
1155 -23.1989 -6.54829
1156 -23.8167 -7.02441
1157 -24.4353 -7.49949
1158 -25.0428 -7.98883
1159 -25.6662 -8.45758
1160 -26.2681 -8.95363
1161 -26.862 -9.4593
1162 -27.3537 -10.0648
1163 -27.3158 -10.8439
1164 -26.8546 -11.4729
1165 -26.3896 -12.0992
1166 -25.8959  -12.703
1167 -25.4078 -13.3115
1168 -24.8788 -13.8847
1169  15.2872 -15.8906
1170  15.7473 -16.5205
1171  16.1739 -17.1734
1172   16.597 -17.8287
1173  16.9756 -18.5107
1174 17.3939 -19.169
1175   17.792 -19.8398
1176  18.2084 -20.4993
1177  18.5947 -21.1769
1178  19.0062 -21.8396
1179 19.3981 -22.514
1180  19.5481 -23.2794
1181  19.0388 -23.8702
1182 18.4359 -24.365
1183  17.7863 -24.7968
1184  17.1653 -25.2688
1185 16.5326 -25.725
1186   15.922 -26.2104
1187  15.2924 -26.6708
1188  14.6679 -27.1382
1189  14.0236 -27.5777
1190  13.3982 -28.0439
1191  12.7593 -28.4914
1192  12.1326 -28.9557
1193  11.5063 -29.4206
1194  10.8963 -29.9067
1195  10.2693 -30.3708
1196  9.67544 -30.8764
1197  9.06058 -31.3564
1198  8.45553 -31.8486
1199  7.83434 -32.3203
1200  7.20817 -32.7854
1201  6.57663 -33.2432
1202   5.9772 -33.7423
1203  5.34116 -34.1938
1204  4.73088 -34.6795
1205  4.11231 -35.1547
1206  3.50985 -35.6501
1207   2.8786 -36.1083
1208 2.25442 -36.576
1209   1.6213 -37.0316
1210  1.00607 -37.5111
1211 0.395576 -37.9966
1212 -0.197642   -38.503
1213 -0.799705  -38.9989
1214 -1.42463 -39.4657
1215 -2.20383 -39.5012
1216 -2.73936 -38.9341
1217 -3.21765  -38.318
1218 -3.72447  -37.725
1219 -4.23137 -37.1322
1220 -4.74714 -36.5471
1221 -5.24852 -35.9496
1222 -5.76816 -35.3679
1223 -6.27702 -34.7767
1224 -6.80321 -34.2009
1225 -7.28343 -33.5863
1226 -7.80821 -33.0092
1227 -8.31683 -32.4179
1228  -8.8369 -31.8366
1229 -9.34261 -31.2427
1230 -9.83448 -30.6373
1231 -10.3308 -30.0356
1232 -10.8537 -29.4568
1233 -11.3633 -28.8663
1234 -11.9068 -28.3068
1235 -12.4183  -27.718
1236 -12.9496 -27.1469
1237 -13.4264 -26.5296
1238 -13.9502 -25.9517
1239 -14.4723 -25.3721
1240 -15.0052 -24.8026
1241 -15.4225 -24.1436
1242 -15.0372 -23.4654
1243 -14.4798 -22.9198
1244 -13.9328 -22.3638
1245 -13.3552 -21.8396
1246 -12.8121 -21.2797
1247 -12.2602 -20.7286
1248 -11.7134 -20.1723
1249 -11.1483 -19.6347
1250 -10.6002 -19.0797
1251 -10.0601  -18.517
1252 -9.51011 -17.9638
1253 -8.93523 -17.4367
1254  -8.3663 -16.9031
1255 -7.79892 -16.3678
1256 -7.24727 -15.8164
1257 -6.65322 -15.3109
1258 -6.08794 -14.7735
1259 -5.48699 -14.2762
1260  -4.8989 -13.7638
1261 -4.30846 -13.2541
1262 -3.72804 -12.7331
1263 -3.11167 -12.2551
1264 -2.53016 -11.7352
1265 -1.93416  -11.232
1266 -1.35413 -10.7105
1267 -0.73634 -10.2344
1268 -0.145467  -9.72518
1269 0.454027 -9.22618
1270 1.04926 -8.7221
1271  1.67097 -8.25105
1272   2.2631 -7.74334
1273  2.87307 -7.25719
1274  3.44689 -6.72886
1275  3.97177 -6.15188
1276  4.23053 -5.41605
1277  3.88956 -4.71452
1278  3.35488 -4.14662
1279  2.84626 -3.55526
1280  2.29691 -3.00154
1281  1.77108 -2.42543
1282  1.22303 -1.87041
1283 0.703211 -1.28887
1284  0.158791 -0.730294
1285 -0.364579  -0.15195
1286 -0.894122  0.420751
1287 -1.39739  1.01667
1288 -1.91814  1.59738
1289 -2.40427  2.20736
1290 -2.91529  2.79664
1291 -3.4153  3.3953
1292 -3.92967  3.98167
1293 -4.42646    4.583
1294 -4.95245  5.15896
1295 -5.46276  5.74886
1296 -5.99124  6.32254
1297 -6.64615  6.74621
1298 -7.39102  6.51478
1299 -8.05415   6.1041
1300 -8.6788 5.63697
1301 -9.30903  5.17739
1302 -9.91596  4.68745
1303 -10.5412  4.22114
1304 -11.1424  3.72415
1305 -11.7419  3.22517
1306 -12.3366  2.72042
1307 -12.9588  2.25012
1308 -13.5557  1.74799
1309 -14.1733  1.27161
1310 -14.7526 0.749204
1311 -15.3727 0.276088
1312  -15.9843 -0.207998
1313  -16.6214 -0.657932
1314 -17.229 -1.1471
1315 -17.8638 -1.60034
1316 -18.4815 -2.07665
1317 -19.1237 -2.51926
1318 -19.7489 -2.98577
1319 -20.3961 -3.42106
1320 -21.0245 -3.88313
1321 -21.6518 -4.34672
1322 -22.2724 -4.81924
1323  -22.905 -5.27548
1324 -23.5314 -5.74023
1325 -24.1846 -6.16656
1326 -24.8173 -6.62274
1327 -25.4366 -7.09694
1328 -26.0411 -7.58988
1329 -26.6654 -8.05748
1330 -27.2586 -8.56392
1331 -27.8166   -9.109
1332 -28.2468 -9.75963
1333 -28.0955 -10.5248
1334 -27.6364 -11.1554
1335 -27.1734 -11.7831
1336 -26.6956 -12.3996
1337 -26.2338 -13.0282
1338  -25.741 -13.6328
1339  16.0751 -17.5596
1340  16.5174 -18.2021
1341  16.9112 -18.8754
1342   17.351 -19.5196
1343  17.7572 -20.1854
1344  18.2112 -20.8197
1345  18.5984 -21.4968
1346  19.0153 -22.1561
1347  19.4318 -22.8156
1348  19.8486 -23.4748
1349  19.9496 -24.2483
1350  19.4001 -24.8018
1351  18.7128 -25.1707
1352  18.0472 -25.5773
1353  17.3879 -25.9942
1354  16.7524 -26.4464
1355  16.0886 -26.8561
1356 15.4439 -27.295
1357 14.7822 -27.708
1358 14.1374 -28.147
1359  13.4805 -28.5675
1360  12.8448 -29.0194
1361  12.1963 -29.4529
1362  11.5641 -29.9097
1363 10.9209 -30.351
1364  10.2779 -30.7925
1365  9.61475 -31.2032
1366 8.96852  -31.64
1367  8.32017 -32.0736
1368  7.69082 -32.5344
1369  7.03326 -32.9539
1370  6.38335 -33.3852
1371  5.71812 -33.7925
1372  5.09851 -34.2663
1373  4.44973 -34.6993
1374  3.81621 -35.1543
1375  3.16178 -35.5787
1376  2.52513 -36.0294
1377  1.862 -36.44
1378  1.21021 -36.8685
1379 0.549412 -37.2829
1380 -0.0807513   -37.7426
1381 -0.723413  -38.1846
1382 -1.33818 -38.6647
1383 -1.98145 -39.1058
1384 -2.67333 -39.4659
1385 -3.35486 -39.0866
1386  -3.8371 -38.4735
1387 -4.21168 -37.7893
1388 -4.67851 -37.1645
1389 -5.10732 -36.5129
1390 -5.55888 -35.8769
1391    -5.98 -35.2204
1392 -6.46123 -34.6065
1393 -6.92139 -33.9767
1394 -7.40312 -33.3632
1395 -7.86995 -32.7384
1396 -8.35286 -32.1258
1397 -8.81595 -31.4982
1398 -9.30996 -30.8946
1399 -9.79388 -30.2828
1400 -10.2902 -29.6811
1401 -10.7612 -29.0594
1402 -11.2492 -28.4509
1403 -11.7068 -27.8192
1404 -12.2382 -27.2482
1405  -12.708 -26.6256
1406 -13.2023 -26.0222
1407  -13.648 -25.3821
1408 -14.1325 -24.7708
1409 -14.5989 -24.1457
1410 -15.0884 -23.5383
1411 -15.2854 -22.7836
1412 -14.8007 -22.1725
1413 -14.1896 -21.6878
1414 -13.5866  -21.193
1415 -12.9753 -20.7085
1416 -12.3815 -20.2027
1417  -11.766 -19.7236
1418 -11.1712  -19.219
1419 -10.5565 -18.7388
1420 -10.0175  -18.175
1421 -9.44534 -17.6449
1422 -8.86911 -17.1192
1423 -8.25757  -16.635
1424 -7.69129 -16.0986
1425 -7.10145 -15.5883
1426 -6.52512 -15.0627
1427 -5.94456 -14.5418
1428 -5.36027  -14.025
1429 -4.74466 -13.5461
1430 -4.16748 -13.0214
1431 -3.57635 -12.5125
1432 -2.99925 -11.9878
1433 -2.42893 -11.4557
1434 -1.87429 -10.9072
1435 -1.31305 -10.3656
1436 -0.762554  -9.81297
1437 -0.189037  -9.28432
1438 0.383626 -8.75474
1439 0.990661 -8.26493
1440  1.57276 -7.74574
1441  2.15906 -7.23129
1442  2.72784 -6.69754
1443  3.31585 -6.18506
1444  3.85161 -5.61817
1445  4.25823 -4.95254
1446  4.13663 -4.18208
1447  3.65656 -3.56732
1448   3.0796 -3.04242
1449  2.54179 -2.47748
1450  2.00114 -1.91525
1451   1.4929 -1.32357
1452  0.920534 -0.793662
1453  0.380877 -0.230484
1454 -0.167644  0.324066
1455 -0.700987  0.893229
1456 -1.25171  1.44559
1457 -1.7752 2.02383
1458 -2.32575  2.57636
1459 -2.85987  3.14479
1460 -3.41254  3.69521
1461 -3.94032  4.26953
1462 -4.50102  4.81177
1463 -5.04389  5.37185
1464 -5.61746  5.90045
1465 -6.17946  6.44133
1466 -6.78151  6.93724
1467 -7.55395  6.82887
1468 -8.13708  6.31084
1469 -8.71068  5.78227
1470 -9.26383  5.23234
1471 -9.81166   4.6771
1472 -10.3495  4.11215
1473 -10.9107  3.57048
1474 -11.4738  3.03072
1475 -12.0512  2.50633
1476 -12.6017  1.95374
1477 -13.1534  1.40239
1478  -13.686 0.832508
1479 -14.2498 0.293486
1480  -14.8086 -0.250665
1481  -15.3752 -0.786804
1482 -15.9184 -1.34652
1483 -16.4937 -1.87321
1484 -17.0391 -2.43082
1485 -17.6025  -2.9703
1486 -18.1277   -3.547
1487    -18.7 -4.07699
1488 -19.2233 -4.65531
1489 -19.7862 -5.19526
1490 -20.3215  -5.7626
1491 -20.8798 -6.30733
1492 -21.4343 -6.85594
1493 -21.9889 -7.40433
1494 -22.5172 -7.97825
1495 -23.0694 -8.52907
1496 -23.5851 -9.11427
1497 -24.1327  -9.6697
1498 -24.6873 -10.2182
1499 -25.2503  -10.758
1500  -25.773 -11.3371
1501 -26.2511 -11.9533
1502 -26.3681 -12.7245
1503 -25.8922 -13.3425
1504 -25.3129 -13.8648
1505 -24.7672 -14.4221
1506 -24.1993 -14.9568
1507 -23.6488 -15.5094
1508 -23.0589 -16.0197
1509  14.7935 -16.5276
1510  15.224 -17.178
1511  15.6187 -17.8508
1512  16.0412 -18.5064
1513  16.4478 -19.1721
1514  16.8877 -19.8162
1515  17.2882 -20.4855
1516 17.7529 -21.112
1517  18.1916 -21.7569
1518  18.6739 -22.3699
1519  19.1255 -23.0059
1520  19.3924 -23.7388
1521  18.9582 -24.3868
1522   18.391 -24.9222
1523  17.7583 -25.3785
1524 17.1584 -25.877
1525  16.5074 -26.3066
1526  15.8846 -26.7762
1527  15.2403 -27.2158
1528  14.6207 -27.6896
1529  13.9763 -28.1292
1530  13.3609 -28.6083
1531 12.7207 -29.054
1532   12.104 -29.5316
1533  11.4594 -29.9707
1534  10.8388 -30.4432
1535  10.1951 -30.8837
1536   9.5731 -31.3544
1537  8.92921 -31.7946
1538  8.31011 -32.2691
1539  7.65074 -32.6858
1540  7.01001 -33.1306
1541  6.34046 -33.5307
1542  5.72806 -34.0138
1543  5.08353 -34.4531
1544  4.46276 -34.9254
1545  3.80093 -35.3382
1546  3.17748 -35.8069
1547  2.54742 -36.2667
1548 1.93523  -36.75
1549  1.30157 -37.2049
1550  0.67456 -37.6688
1551 0.021445 -38.0953
1552 -0.592342  -38.5766
1553 -1.23668 -39.0162
1554 -1.87637 -39.4625
1555 -2.64511 -39.5945
1556 -3.23348 -39.0824
1557 -3.67171 -38.4372
1558 -4.16046 -37.8293
1559 -4.62117 -37.1999
1560 -5.13659 -36.6144
1561 -5.60404   -35.99
1562 -6.11552 -35.4011
1563  -6.5802 -34.7747
1564 -7.10116 -34.1941
1565 -7.58434 -33.5818
1566 -8.08841 -32.9866
1567 -8.56915 -32.3723
1568 -9.06078 -31.7668
1569 -9.50213 -31.1237
1570 -9.95942 -30.4918
1571 -10.3805 -29.8352
1572 -10.8304  -29.198
1573 -11.2485 -28.5395
1574 -11.7774 -27.9663
1575 -12.2686 -27.3604
1576 -12.7622 -26.7564
1577 -13.1995 -26.1105
1578 -13.7381 -25.5464
1579 -14.2247 -24.9367
1580 -14.7479 -24.3583
1581 -15.1374 -23.6825
1582 -14.7824 -22.9879
1583 -14.1914 -22.4789
1584 -13.6297 -21.9377
1585 -13.0297 -21.4393
1586 -12.4619 -20.9045
1587 -11.8662  -20.401
1588 -11.2933 -19.8716
1589 -10.6988 -19.3668
1590 -10.1077 -18.8578
1591  -9.4747 -18.4021
1592 -8.88395 -17.8927
1593 -8.27495 -17.4054
1594 -7.69931  -16.879
1595 -7.11116 -16.3667
1596 -6.56218 -15.8126
1597 -5.97918 -15.2944
1598 -5.42469 -14.7458
1599 -4.85519 -14.2129
1600  -4.3182 -13.6471
1601 -3.76724  -13.095
1602 -3.22918 -12.5303
1603 -2.67941  -11.977
1604 -2.12005 -11.4334
1605 -1.5399 -10.912
1606 -0.975467  -10.3737
1607 -0.394836  -9.85284
1608 0.169093 -9.31396
1609 0.751148 -8.79472
1610  1.30944 -8.25002
1611  1.88749 -7.72632
1612  2.45122 -7.18723
1613  3.00668 -6.63964
1614  3.52433 -6.05617
1615 4.00834 -5.4445
1616  4.21457 -4.69226
1617  3.80057 -4.03119
1618  3.23445 -3.49463
1619  2.70442 -2.92237
1620  2.17294 -2.35148
1621  1.66872 -1.75636
1622   1.1416 -1.18143
1623   0.60873 -0.611824
1624 0.0598576 -0.057625
1625 -0.454817  0.528473
1626  -0.989 1.09685
1627 -1.50887  1.67834
1628 -2.03961  2.24993
1629 -2.55951   2.8314
1630 -3.08883   3.4043
1631 -3.58305  4.00775
1632 -4.10142  4.59058
1633 -4.59946  5.19088
1634 -5.1296 5.76302
1635 -5.68179  6.31392
1636   -6.28 6.81446
1637 -7.05753  6.87652
1638 -7.67168  6.39567
1639 -8.25193  5.87441
1640 -8.81501  5.33465
1641 -9.41939  4.84158
1642 -10.0021  4.32311
1643 -10.598 3.81979
1644 -11.1674  3.28669
1645 -11.7679   2.7889
1646 -12.3445  2.26359
1647 -12.9481  1.76958
1648 -13.5433   1.2655
1649 -14.1654 0.794863
1650 -14.7454 0.273414
1651  -15.3464 -0.223779
1652 -15.9537  -0.7133
1653 -16.5661 -1.19639
1654 -17.1179 -1.74769
1655 -17.6752 -2.29342
1656 -18.2062 -2.86471
1657 -18.7826 -3.39023
1658 -19.3387 -3.93719
1659 -19.9238 -4.45301
1660 -20.4744 -5.00548
1661 -21.0547 -5.52668
1662 -21.6097 -6.07481
1663 -22.1969 -6.58821
1664 -22.7781  -7.1084
1665 -23.3506 -7.63811
1666 -23.8942 -8.19747
1667 -24.4495 -8.74528
1668 -24.9867 -9.31077
1669 -25.5309 -9.86961
1670 -26.0088  -10.486
1671  -26.221 -11.2366
1672 -25.7857 -11.8838
1673 -25.2779 -12.4759
1674 -24.7477 -13.0479
1675 -24.2226 -13.6248
1676 -23.6802 -14.1853
1677 -23.1456 -14.7533
1678 -22.5738 -15.2838
1679 -11.2293 -29.0998
1680 -11.7283 -28.5004
1681 -12.2038  -27.882
1682 -12.7108 -27.2892
1683  -13.189 -26.6731
1684 -13.7073 -26.0902
1685 -14.1755 -25.4663
1686 -14.6777 -24.8695
1687  -15.195 -24.2857
1688 -15.6667 -23.6645
1689 -15.5302 -22.8965
1690 -14.9889  -22.335
1691 -14.3656  -21.866
1692 -13.7858 -21.3443
1693 -13.1702 -20.8652
1694 -12.5763 -20.3596
1695 -11.9652 -19.8748
1696 -11.3837  -19.355
1697 -10.7638 -18.8816
1698 -10.2043 -18.3382
1699 -9.62632 -17.8143
1700 -9.05056 -17.2881
1701 -8.45646 -16.7827
1702 -7.90888 -16.2272
1703 -7.30081 -15.7387
1704 -6.72751 -15.2098
1705 -6.12875 -14.7099
1706 -5.57471 -14.1609
1707 -4.96118 -13.6792
1708 -4.39552 -13.1422
1709 -3.79343 -12.6463
1710 -3.22703   -12.11
1711 -2.62169 -11.6181
1712 -2.03836 -11.1003
1713 -1.43457 -10.6065
1714 -0.854606   -10.085
1715 -0.239604   -9.6052
1716 0.343454 -9.08708
1717 0.976338 -8.63117
1718  1.57068 -8.12604
1719  2.21357 -7.68434
1720  2.80554 -7.17643
1721  3.42686 -6.70487
1722  3.99941 -6.17517
1723  4.66423 -5.76723
1724  5.37253 -6.09389
1725  5.86517 -6.69863
1726  6.36914 -7.29395
1727  6.88511 -7.87891
1728  7.47803 -8.38572
1729  8.22927 -8.17589
1730  8.79226 -7.63603
1731    9.387 -7.13137
1732  9.93474 -6.57605
1733  10.5135 -6.05312
1734 11.0952 -5.5335
1735  11.6791 -5.01639
1736  12.2565 -4.49196
1737  12.8327 -3.96623
1738  13.3191 -3.35645
1739  13.6702 -2.65992
1740   13.308 -1.96912
1741  12.8313 -1.35175
1742    12.303 -0.777844
1743   11.8199 -0.165468
1744  11.3003 0.416223
1745 10.8083 1.02154
1746 10.3012 1.61414
1747 9.81821 2.22663
1748  9.2955 2.80558
1749 8.73496 3.34798
1750 7.98042 3.54561
1751  7.3376 3.10381
1752 6.77363 2.56497
1753 6.19962 2.03686
1754 5.62235  1.5123
1755 5.01858 1.01848
1756  4.41651 0.522583
1757   3.82438 0.0148592
1758 3.18584 -0.4331
1759   3.87789 -0.073285
1760  4.54477 0.331288
1761  5.21809 0.725034
1762 5.84906 1.18359
1763 -11.2523 -29.0995
1764 -11.7167 -28.4729
1765 -12.2096 -27.8684
1766 -12.7168 -27.2758
1767 -13.2053 -26.6677
1768 -13.717 -26.079
1769 -14.1781 -25.4499
1770 -14.7062 -24.8758
1771 -15.1995 -24.2716
1772 -15.6387  -23.627
1773 -15.4232 -22.8774
1774 -14.9216 -22.2801
1775 -14.3095 -21.7966
1776 -13.7068 -21.3014
1777 -13.0933 -20.8199
1778 -12.5035 -20.3094
1779 -11.8959 -19.8203
1780  -11.307 -19.3088
1781 -10.6831 -18.8406
1782  -10.112 -18.3094
1783 -9.52311 -17.7979
1784  -8.9703 -17.2477
1785 -8.39467 -16.7213
1786 -7.84419 -16.1687
1787 -7.25676 -15.6556
1788 -6.69401 -15.1154
1789 -6.09555 -14.6152
1790 -5.52978 -14.0783
1791 -4.92775 -13.5823
1792  -4.3547 -13.0532
1793 -3.75558 -12.5537
1794 -3.17761 -12.0299
1795 -2.58891 -11.5182
1796 -2.01628 -10.9886
1797 -1.40916 -10.4989
1798 -0.834478  -9.97151
1799 -0.232978  -9.47493
1800 0.347713 -8.95416
1801 0.960731 -8.47186
1802  1.53941 -7.94886
1803  2.14461 -7.45679
1804  2.72381 -6.93437
1805 3.31512 -6.4257
1806  3.89667 -5.90588
1807  4.65574 -5.72642
1808  5.2885 -6.1825
1809 5.76724 -6.7983
1810   6.2679 -7.39641
1811  6.76519 -7.99733
1812  7.44166 -8.38565
1813  8.11778 -7.99672
1814  8.69951 -7.47712
1815  9.28736 -6.96445
1816 9.85112 -6.4254
1817  10.4369 -5.91031
1818  10.9887 -5.35903
1819 11.5847 -4.8559
1820  12.1642 -4.33386
1821  12.7569 -3.82669
1822  13.3002 -3.26709
1823  13.6487 -2.56925
1824  13.3189 -1.86238
1825   12.857 -1.23385
1826   12.3344 -0.654856
1827   11.8626 -0.033672
1828  11.3767 0.576438
1829 10.8996 1.19357
1830 10.3906 1.78458
1831 9.8982 2.3895
1832 9.36419 2.95804
1833 8.78358 3.47889
1834 8.01337 3.60208
1835 7.38367 3.14177
1836 6.81116 2.61202
1837 6.24063 2.08014
1838 5.67869  1.5392
1839 5.08603 1.03209
1840  4.50444 0.512329
1841    3.91044 0.00679446
1842    3.2817 -0.454809
1843  3.05875 -1.20227
1844  3.82073 -1.03555
1845   4.48913 -0.633497
1846   5.10677 -0.157135
1847 5.72591 0.31727
1848  6.30984 0.834404
1849 -11.4738 -29.2986
1850 -11.9921 -28.7157
1851 -12.4217 -28.0647
1852 -12.8859 -27.4379
1853 -13.3418  -26.805
1854 -13.8443 -26.2084
1855   -14.32 -25.5902
1856 -14.8283 -24.9986
1857 -15.3191 -24.3924
1858 -15.8067 -23.7835
1859 -15.5124 -23.0612
1860 -14.9444 -22.5266
1861 -14.3127  -22.069
1862 -13.7185 -21.5638
1863 -13.1005 -21.0879
1864 -12.5109 -20.5771
1865 -11.9201  -20.068
1866 -11.3519 -19.5336
1867 -10.771 -19.013
1868 -10.1933 -18.4889
1869 -9.59129  -17.993
1870 -9.02596 -17.4556
1871 -8.42852 -16.9541
1872 -7.85815  -16.422
1873 -7.26432 -15.9163
1874  -6.7208 -15.3569
1875  -6.1435 -14.8323
1876 -5.55483 -14.3206
1877 -4.94626 -13.8327
1878 -4.35914 -13.3192
1879 -3.77754 -12.7994
1880 -3.19282 -12.2832
1881 -2.57509  -11.807
1882 -1.97488 -11.3088
1883 -1.36068  -10.828
1884 -0.772561  -10.3157
1885 -0.158073  -9.83525
1886 0.431581 -9.32465
1887  1.04844 -8.84728
1888  1.62141 -8.31803
1889  2.20961 -7.80576
1890  2.78576 -7.27998
1891  3.37615 -6.77023
1892 3.93666 -6.2278
1893  4.61957 -5.85092
1894 5.32007  -6.194
1895  5.80334 -6.80625
1896 6.31988 -7.3907
1897  6.83377 -7.97749
1898  7.44167 -8.46622
1899   8.2216 -8.47699
1900  8.79597 -7.94927
1901  9.35094 -7.40117
1902  9.87335 -6.82196
1903  10.4129 -6.25871
1904  10.9467 -5.68997
1905  11.5155 -5.15621
1906  12.0567 -4.59449
1907 12.6266  -4.062
1908  13.1497 -3.48336
1909  13.6779 -2.90947
1910  13.8461 -2.14782
1911  13.3928 -1.51307
1912   12.8209 -0.982667
1913    12.307 -0.395853
1914  11.8041 0.200337
1915  11.3031 0.798173
1916 10.7881 1.38398
1917 10.2836 1.97888
1918 9.76857 2.56464
1919 9.23728 3.13571
1920 8.61879 3.61098
1921 7.87072 3.39008
1922 7.28981 2.86956
1923 6.71753 2.33957
1924 6.13348 1.82257
1925 5.53269 1.32513
1926  4.92769 0.832809
1927  4.32356 0.339435
1928   3.73093 -0.167715
1929   3.15139 -0.689754
1930  2.45399 -0.34041
1931 2.92637 0.28028
1932   3.4948 0.814404
1933 4.05639 1.35572
1934 4.59432 1.92055
1935 -11.356 -29.149
1936 -11.8445  -28.541
1937  -12.309 -27.9143
1938 -12.8173 -27.3227
1939 -13.2795 -26.6944
1940 -13.7562 -26.0771
1941 -14.2168 -25.4476
1942 -14.7131 -24.8459
1943 -15.1796 -24.2207
1944 -15.6011 -23.5644
1945 -15.3539 -22.8246
1946 -14.8136 -22.2621
1947 -14.1828 -21.8033
1948 -13.5995 -21.2854
1949 -12.9977 -20.7892
1950 -12.4388 -20.2451
1951 -11.8425 -19.7423
1952 -11.2687  -19.214
1953  -10.661 -18.7249
1954 -10.1038 -18.1791
1955  -9.4987 -17.6869
1956  -8.9007 -17.1861
1957 -8.30336 -16.6845
1958 -7.73498 -16.1504
1959 -7.11604 -15.6757
1960 -6.53458 -15.1558
1961 -5.95331 -14.6357
1962 -5.36983  -14.118
1963 -4.77911 -13.6087
1964 -4.21861 -13.0662
1965 -3.61712 -12.5696
1966 -3.02037 -12.0673
1967 -2.40928 -11.5826
1968  -1.8208 -11.0707
1969 -1.19973 -10.5988
1970 -0.623186  -10.0734
1971 -0.00327603    -9.60001
1972 0.572315 -9.07362
1973  1.18216 -8.58732
1974  1.75019 -8.05276
1975  2.33739 -7.53935
1976  2.89485 -6.99379
1977  3.48066 -6.47879
1978  4.04891 -5.94447
1979  4.78935 -5.69922
1980  5.42928 -6.14518
1981  5.92544 -6.74703
1982  6.44022 -7.33303
1983  6.9828 -7.8934
1984 7.56012 -8.4179
1985  8.31291 -8.21368
1986  8.86421 -7.66189
1987  9.40588 -7.10065
1988  9.94839 -6.54021
1989   10.524 -6.01381
1990  11.0775 -5.46427
1991  11.6438 -4.92788
1992  12.1888 -4.36985
1993   12.763 -3.84191
1994  13.2927 -3.26943
1995  13.6911 -2.59882
1996  13.3857 -1.88111
1997   12.884 -1.28387
1998    12.346 -0.719095
1999   11.8069 -0.155324
2000  11.2585 0.399262
2001  10.7222 0.965693
2002 10.1898 1.53576
2003 9.68655 2.13166
2004 9.16616 2.71269
2005 8.60713 3.25665
2006 7.88484 3.55107
2007 7.21581 3.15007
2008 6.65414 2.60884
2009 6.07042 2.09148
2010 5.49228 1.56787
2011 4.89983 1.06053
2012  4.31006 0.550067
2013   3.73347 0.0247617
2014   3.22044 -0.562775
2015  2.64447 -1.08876
2016   2.16038 -0.477152
2017 2.68304 0.10184
2018  3.22297 0.664755
2019 3.75437 1.23573
2020  4.2587 1.83075
2021 -10.8416 -28.7999
2022 -11.3437  -28.203
2023  -11.852 -27.6114
2024 -12.3574 -27.0173
2025  -12.841 -26.4053
2026 -13.3626 -25.8254
2027 -13.8652 -25.2288
2028 -14.3869  -24.649
2029 -14.9073  -24.068
2030 -15.3357 -23.4162
2031 -15.0113 -22.7069
2032 -14.5069 -22.1119
2033 -13.9214 -21.5966
2034 -13.3445 -21.0717
2035 -12.7433 -20.5747
2036 -12.1719 -20.0437
2037 -11.5846 -19.5304
2038 -11.0257 -18.9863
2039 -10.4137 -18.5027
2040 -9.83528 -17.9794
2041 -9.25893 -17.4539
2042 -8.68897 -16.9214
2043 -8.09679 -16.4137
2044 -7.50466  -15.906
2045 -6.92094 -15.3886
2046 -6.37298 -14.8335
2047 -5.79052 -14.3147
2048 -5.24385 -13.7584
2049 -4.66553  -13.235
2050 -4.11107 -12.6864
2051 -3.51368 -12.1848
2052 -2.92938 -11.6681
2053 -2.30749 -11.1973
2054 -1.72053 -10.6836
2055 -1.10227 -10.2081
2056 -0.516471  -9.69306
2057 0.100977 -9.21645
2058 0.702695 -8.72013
2059  1.34818 -8.28223
2060  1.96469 -7.80442
2061  2.54545 -7.28372
2062  3.11201 -6.74762
2063  3.69445 -6.22881
2064  4.34266 -5.79497
2065  5.10352 -5.96674
2066  5.68022 -6.49192
2067  6.19625 -7.07682
2068  6.74833 -7.62783
2069  7.33931 -8.13689
2070  8.11224 -8.03216
2071  8.71337 -7.53513
2072  9.28834 -7.00805
2073  9.89369 -6.51616
2074  10.4834 -6.00563
2075  11.0772 -5.49986
2076  11.6256 -4.94521
2077  12.2117 -4.43048
2078  12.7655 -3.88127
2079  13.3395 -3.35305
2080  13.8155 -2.73517
2081  13.6568 -1.97149
2082  13.1421 -1.38541
2083   12.6253 -0.801201
2084   12.1044 -0.220582
2085  11.6017 0.375776
2086  11.0722 0.948508
2087 10.5667 1.54259
2088 10.0559 2.13208
2089  9.5278 2.70606
2090 8.93885 3.21747
2091 8.16724 3.33156
2092 7.54743 2.85802
2093 6.96562 2.33851
2094 6.41588 1.78516
2095 5.84661 1.25193
2096  5.28468 0.710979
2097  4.71698 0.176079
2098   4.17539 -0.385236
2099   3.64424 -0.956448
2100  2.96487 -1.33967
2101  3.47739 -0.75169
2102   3.99818 -0.171015
2103 4.46556 0.45345
2104 4.96179 1.05525
2105 5.41347 1.69116
2106 5.85565 2.33371
2107 -11.1033 -29.8809
2108 -11.5811 -29.2643
2109 -12.0871 -28.6707
2110 -12.6267 -28.1074
2111 -13.0843 -27.4758
2112 -13.5872 -26.8795
2113 -14.0346 -26.2406
2114 -14.5621  -25.666
2115 -15.0783 -25.0813
2116 -15.6381 -24.5381
2117 -15.8136 -23.7781
2118 -15.3083  -23.184
2119 -14.7167 -22.6756
2120 -14.1342 -22.1568
2121 -13.5344 -21.6582
2122 -12.9676 -21.1224
2123 -12.3605 -20.6327
2124 -11.7806 -20.1109
2125 -11.1793 -19.6142
2126 -10.5975 -19.0946
2127  -9.9752 -18.6244
2128 -9.39776    -18.1
2129 -8.78024 -17.6235
2130 -8.17703  -17.129
2131 -7.54192 -16.6762
2132 -6.98212  -16.133
2133 -6.36619 -15.6544
2134 -5.78526 -15.1339
2135 -5.16514 -14.6608
2136 -4.57528 -14.1505
2137 -3.96121 -13.6695
2138 -3.43487 -13.0939
2139 -2.81154  -12.625
2140 -2.21573 -12.1216
2141 -1.60121 -11.6412
2142 -1.07188 -11.0683
2143 -0.474104  -10.5672
2144 0.113086 -10.0538
2145 0.708316 -9.54971
2146  1.26175 -9.00007
2147  1.83681 -8.47308
2148  2.36007 -7.89464
2149  2.92535 -7.35718
2150  3.43693 -6.76838
2151 4.00652 -6.2355
2152  4.65812 -5.80676
2153  5.39928 -6.04981
2154 5.92808 -6.6232
2155  6.41917 -7.22919
2156  6.94649 -7.80394
2157    7.531 -8.32041
2158  8.30926 -8.26837
2159  8.92587 -7.79067
2160  9.47902 -7.24074
2161 10.0809 -6.7446
2162  10.6419 -6.20273
2163  11.2402 -5.70228
2164   11.793 -5.15201
2165  12.3677 -4.62464
2166  12.9112 -4.06508
2167  13.4766 -3.52778
2168   13.988 -2.93881
2169  14.2087 -2.19069
2170  13.701 -1.5985
2171  13.1693 -1.02782
2172   12.6195 -0.474516
2173  12.0946 0.102424
2174  11.5258 0.636185
2175 11.0172 1.22751
2176 10.4521 1.76522
2177 9.93978 2.35334
2178 9.37474 2.89105
2179 8.83415 3.45333
2180 8.2589 3.9801
2181 7.73634 4.55918
2182 7.18166 5.10757
2183  6.6378 5.66669
2184 6.08806 6.22003
2185 5.41478 6.61385
2186 4.75975 6.19036
2187 4.20167 5.64543
2188 3.69252 5.05453
2189 3.14015 4.50381
2190 2.63149 3.91249
2191  2.1496 3.29915
2192 2.56212 3.96114
2193 3.10052 4.52552
2194  3.5861 5.13594
2195 -11.3964 -29.0711
2196 -11.8465  -28.434
2197 -12.3418 -27.8315
2198 -12.8517 -27.2412
2199 -13.3256 -26.6217
2200 -13.8468 -26.0413
2201 -14.3174 -25.4193
2202  -14.831 -24.8323
2203 -15.3135 -24.2195
2204 -15.7807 -23.5949
2205 -15.6492  -22.826
2206 -15.1034 -22.2688
2207 -14.4894 -21.7878
2208 -13.8887 -21.2902
2209 -13.2648  -20.822
2210 -12.6646 -20.3239
2211 -12.0383 -19.8589
2212 -11.4205 -19.3828
2213 -10.7999 -18.9103
2214  -10.182 -18.4343
2215 -9.54066 -17.9904
2216 -8.93657 -17.4969
2217  -8.3127 -17.0288
2218 -7.73516 -16.5045
2219 -7.10964 -16.0385
2220 -6.50751 -15.5427
2221 -5.87881  -15.081
2222 -5.29489 -14.5639
2223 -4.68495 -14.0777
2224 -4.12213 -13.5377
2225 -3.52549 -13.0353
2226 -2.96478  -12.493
2227 -2.36616  -11.993
2228 -1.78074 -11.4776
2229  -1.1706 -10.9916
2230 -0.613307  -10.4459
2231 -0.0139337   -9.94674
2232 0.570394 -9.43005
2233  1.16837 -8.92922
2234   1.7415 -8.40016
2235  2.35477 -7.91818
2236 2.93455 -7.3964
2237 3.51966 -6.8806
2238 4.07777 -6.3357
2239  4.69947 -5.86465
2240  5.39137 -6.22475
2241  5.86917 -6.84128
2242   6.4133 -7.40014
2243  6.94198 -7.97363
2244   7.5116 -8.50649
2245  8.29078 -8.54229
2246  8.83006 -7.97875
2247  9.38003 -7.42564
2248  9.92456 -6.86718
2249   10.493 -6.33309
2250  11.0576 -5.79492
2251  11.6151 -5.24937
2252   12.147 -4.67884
2253 12.6894 -4.1183
2254 13.1957  -3.525
2255  13.6265 -2.87471
2256  13.5963 -2.09529
2257  13.0702 -1.51948
2258  12.4821 -1.00706
2259  11.9293 -0.45678
2260   11.3506 0.0662411
2261  10.765 0.58149
2262 10.1545 1.06692
2263 9.58561 1.60056
2264 9.00278 2.11893
2265 8.46245 2.68146
2266 7.89773 3.21951
2267 7.35884 3.78342
2268 6.80472 4.33238
2269 6.27618   4.906
2270  5.7071 5.43943
2271 5.11903 5.95184
2272 4.35369 6.10236
2273  3.7458 5.61361
2274 3.24082 5.01914
2275 2.71801 4.44028
2276 2.20429 3.85335
2277 1.70171 3.25685
2278 1.22485  2.6396
2279 0.719762  2.04522
2280 -0.0233134    1.80807
2281 0.495539  2.39047
2282 1.08426 2.90214
2283 1.63135 3.45811
2284 -11.0117 -28.8443
2285 -11.5043 -28.2395
2286 -11.9949 -27.6332
2287 -12.4741 -27.0177
2288 -12.9837 -26.4272
2289 -13.4902  -25.834
2290 -14.0173 -25.2591
2291 -14.5324 -24.6733
2292 -15.0547  -24.094
2293 -15.4579 -23.4263
2294 -15.0392 -22.7683
2295 -14.4423 -22.2661
2296 -13.8672 -21.7392
2297 -13.2525 -21.2591
2298 -12.6757  -20.734
2299 -12.0618 -20.2529
2300  -11.469 -19.7459
2301 -10.8382 -19.2871
2302 -10.2329 -18.7952
2303 -9.60443 -18.3332
2304 -9.02957  -17.806
2305 -8.42216 -17.3166
2306 -7.84674   -16.79
2307 -7.25361 -16.2835
2308 -6.68686 -15.7476
2309 -6.08446 -15.2521
2310 -5.53172 -14.7017
2311 -4.93264 -14.2022
2312 -4.36162 -13.6709
2313 -3.75827 -13.1766
2314 -3.16568 -12.6694
2315 -2.55004 -12.1904
2316 -1.97713 -11.6611
2317 -1.39292 -11.1443
2318 -0.839192  -10.5949
2319 -0.241356   -10.094
2320 0.331906 -9.56502
2321 0.928746 -9.06284
2322  1.46196 -8.49357
2323  2.05341 -7.98505
2324  2.60657 -7.43512
2325  3.18818 -6.91539
2326  3.71893 -6.34381
2327  4.35803 -5.89664
2328 5.09071 -6.1642
2329  5.62494 -6.73253
2330  6.17294 -7.28758
2331  6.69045 -7.87118
2332  7.29429 -8.36492
2333  8.02814 -8.62925
2334  8.62814 -8.13086
2335  9.19605 -7.59618
2336  9.73422 -7.03158
2337  10.2944 -6.48879
2338  10.8287 -5.92052
2339  11.3895 -5.37846
2340  11.9333 -4.81928
2341  12.4911 -4.27406
2342  13.0148 -3.69599
2343   13.538 -3.11749
2344  13.7045 -2.35546
2345  13.2596 -1.71478
2346  12.6808 -1.19191
2347   12.1417 -0.628187
2348    11.6041 -0.0630577
2349  11.0853 0.519408
2350 10.5422 1.07928
2351 10.0065 1.64619
2352 9.44145 2.18389
2353 8.89543  2.7409
2354 8.33682 3.28529
2355 7.80283 3.85384
2356 7.24278 4.39674
2357 6.72069 4.97624
2358 6.14335 5.50072
2359 5.53685  5.9912
2360 4.79229 6.22363
2361 4.15868 5.76874
2362 3.67833 5.15419
2363 3.17663 4.55695
2364 2.65592 3.97621
2365  2.1182 3.41118
2366 1.61574 2.81457
2367  1.0927 2.23594
2368 0.407307  1.86359
2369 0.857955  2.50023
2370 1.34274 3.11128
2371 1.83011 3.72028
2372 2.32722 4.32135
2373 -10.9463 -28.9171
2374 -11.4893 -28.3572
2375 -12.0609 -27.8264
2376 -12.5916 -27.2548
2377 -13.1701 -26.7316
2378 -13.6856 -26.1463
2379 -14.2433 -25.6009
2380 -14.7603 -25.0169
2381 -15.3117 -24.4652
2382 -15.6629 -23.7687
2383 -15.2233 -23.1244
2384 -14.6027 -22.6519
2385 -14.0407 -22.1111
2386 -13.4488  -21.603
2387 -12.8942 -21.0546
2388 -12.2781 -20.5762
2389 -11.7095 -20.0423
2390 -11.1076 -19.5462
2391 -10.5559 -18.9947
2392 -9.95967 -18.4919
2393 -9.41216 -17.9363
2394 -8.81001 -17.4405
2395 -8.24708 -16.9006
2396 -7.65394 -16.3941
2397 -7.09752 -15.8474
2398  -6.5003 -15.3457
2399 -5.95862 -14.7845
2400 -5.37034 -14.2723
2401 -4.81243 -13.7272
2402 -4.22805 -13.2106
2403 -3.68822 -12.6476
2404 -3.08238 -12.1563
2405 -2.49989 -11.6375
2406 -1.90661 -11.1311
2407 -1.33849 -10.5967
2408 -0.734848  -10.1027
2409 -0.157997   -9.5777
2410 0.450946 -9.09027
2411 0.990724  -8.5272
2412 1.55433  -7.988
2413  2.11713 -7.44794
2414  2.69974 -6.92932
2415  3.25739 -6.38395
2416  3.87607 -5.90894
2417  4.61575 -5.66142
2418 5.28611 -6.0602
2419  5.83116 -6.61816
2420  6.33084 -7.21709
2421    6.892 -7.75885
2422  7.50555 -8.24046
2423  8.26392 -8.05804
2424  8.81994 -7.51101
2425 9.36982 -6.9578
2426  9.96725 -6.45633
2427  10.5341 -5.92055
2428  11.1126 -5.39738
2429  11.6652 -4.84685
2430  12.2645 -4.34759
2431   12.834 -3.81466
2432  13.4232 -3.30351
2433 13.8412  -2.645
2434  13.5249 -1.93201
2435  12.9716 -1.38222
2436   12.4495 -0.802722
2437   11.9136 -0.236006
2438  11.4076 0.357616
2439  10.8538 0.906877
2440 10.3404 1.49407
2441 9.80051 2.05704
2442 9.29182 2.64834
2443  8.7492 3.20866
2444 8.24372 3.80271
2445 7.70383 4.36566
2446 7.22001 4.97748
2447 6.66554 5.52608
2448 6.09358 6.05642
2449 5.39625 6.40589
2450 4.70216 6.05003
2451 4.17689 5.47341
2452 3.62772  4.9195
2453 3.06738 4.37689
2454 2.47391 3.87075
2455 1.89593 3.34697
2456 1.34282   2.797
2457 0.684626  2.37845
2458 1.17596 2.98425
2459 1.74302 3.51982
2460 2.28784 4.07801
2461 2.84316 4.62575
2462 3.37622 5.19517
2463 -11.2549 -29.1779
2464 -11.7377 -28.5652
2465 -12.2157 -27.9488
2466 -12.7314 -27.3637
2467  -13.199 -26.7393
2468 -13.7031 -26.1441
2469 -14.1927 -25.5369
2470 -14.7093 -24.9526
2471 -15.2069 -24.3519
2472 -15.7064 -23.7528
2473 -15.3759 -23.0462
2474 -14.8355 -22.4838
2475 -14.2129 -22.0139
2476 -13.6105 -21.5184
2477 -12.9872 -21.0495
2478 -12.3996 -20.5365
2479 -11.7727 -20.0724
2480 -11.1868 -19.5575
2481 -10.5781 -19.0698
2482 -9.99262 -18.5544
2483 -9.38919 -18.0601
2484 -8.81739 -17.5296
2485 -8.22971 -17.0168
2486 -7.63574 -16.5112
2487 -7.04593 -16.0008
2488 -6.48574  -15.458
2489  -5.8968 -14.9466
2490 -5.32934 -14.4115
2491  -4.7355 -13.9057
2492 -4.15155 -13.3886
2493 -3.56299 -12.8768
2494 -2.99441 -12.3428
2495  -2.3888 -11.8512
2496  -1.8192 -11.3184
2497 -1.22902 -10.8084
2498 -0.656326  -10.2788
2499 -0.0511848   -9.78668
2500 0.534959 -9.27206
2501  1.15756 -8.80221
2502  1.74671 -8.29103
2503  2.33957 -7.78416
2504 2.89319 -7.2347
2505  3.46883 -6.70835
2506   4.0191 -6.15554
2507  4.64176 -5.68576
2508 5.34228 -6.0288
2509   5.8595 -6.61266
2510  6.40894 -7.16629
2511  6.93128 -7.74557
2512  7.54722 -8.22413
2513  8.29415 -7.99943
2514  8.85768 -7.46013
2515  9.44122 -6.94256
2516  9.98011 -6.37864
2517  10.5659 -5.86362
2518   11.119 -5.31363
2519  11.6824 -4.77424
2520  12.2365 -4.22524
2521   12.814 -3.70095
2522  13.3685 -3.15236
2523  13.7813 -2.49052
2524  13.4911 -1.76649
2525  12.9875 -1.17087
2526  12.4316 -0.62374
2527    11.9168 -0.0377068
2528  11.3854 0.533201
2529 10.8817  1.1288
2530 10.3339 1.68401
2531 9.81486 2.26628
2532 9.28323 2.83705
2533 8.76424 3.41932
2534 8.22374  3.9817
2535 7.70399  4.5633
2536 7.15156 5.11396
2537 6.60178 5.66726
2538 5.97957 6.13763
2539 5.24899 6.41085
2540 4.60026 5.97777
2541 4.02702 5.44882
2542 3.49088 4.88229
2543 2.91974 4.35107
2544 2.37798  3.7899
2545 1.84667 3.21885
2546 1.35543 2.61297
2547 0.956186   1.9429
2548 1.56136   2.435
2549 2.11634 2.98309
2550 2.70521 3.49458
2551 3.27151 4.03096
2552 -10.6004 -28.6623
2553 -11.1245 -28.0846
2554 -11.6664 -27.5236
2555 -12.2445      -27
2556 -12.7922 -26.4446
2557  -13.348 -25.8973
2558 -13.8761 -25.3233
2559 -14.4246 -24.7688
2560 -14.9497  -24.192
2561 -15.479 -23.619
2562 -15.3088 -22.8578
2563  -14.783 -22.2817
2564 -14.1862 -21.7795
2565 -13.6172  -21.246
2566 -13.0298 -20.7328
2567 -12.4753 -20.1842
2568 -11.8707 -19.6914
2569 -11.3085 -19.1507
2570 -10.7146 -18.6451
2571 -10.1397 -18.1179
2572 -9.54166 -17.6172
2573 -8.98988 -17.0659
2574 -8.38862  -16.569
2575 -7.83369 -16.0209
2576 -7.24337  -15.511
2577 -6.67429 -14.9776
2578 -6.09231 -14.4583
2579 -5.52894 -13.9188
2580 -4.92761  -13.422
2581 -4.35042 -12.8974
2582 -3.77748 -12.3681
2583 -3.22934 -11.8132
2584 -2.64231 -11.2996
2585 -2.05598 -10.7852
2586 -1.4452   -10.3
2587 -0.86752 -9.77593
2588 -0.256105   -9.2916
2589 0.345172 -8.79474
2590  0.96053 -8.31544
2591  1.55238 -7.80738
2592  2.18551 -7.35182
2593  2.78001 -6.84687
2594  3.36737 -6.33364
2595  3.91082 -5.77412
2596  4.65394 -5.53712
2597   5.2521 -6.03772
2598  5.73717 -6.64854
2599  6.22632 -7.25612
2600  6.70267 -7.87376
2601  7.31202 -8.36068
2602  8.04926 -8.10597
2603  8.64679 -7.60463
2604  9.26697 -7.13157
2605  9.84463 -6.60745
2606  10.4267 -6.08826
2607  11.0213 -5.58337
2608  11.6365 -5.10383
2609  12.2411 -4.61101
2610  12.8395 -4.11079
2611  13.3876 -3.55579
2612  13.7901 -2.88769
2613  13.4976 -2.16464
2614  12.9802 -1.58094
2615  12.4333 -1.02475
2616   11.9267 -0.431646
2617  11.3982 0.141956
2618  10.9227 0.760276
2619 10.3989 1.33819
2620 9.90612 1.94285
2621 9.36805 2.50754
2622 8.86283 3.10181
2623 8.34083 3.68139
2624 7.84602 4.28436
2625 7.30847 4.84954
2626 6.77383 5.41748
2627 6.25127 5.99656
2628 5.73108 6.57777
2629 5.18943 7.13903
2630 4.69184 7.73971
2631 4.16979 8.31924
2632 3.67181 8.91959
2633 3.12756 9.47833
2634 2.36129 9.62404
2635 1.75298 9.13582
2636 1.19629 8.58948
2637 0.64549 8.03719
2638 0.0652434   7.51593
2639 -0.490258   6.96837
2640 -1.0566 6.43203
2641 -1.61385  5.88626
2642 -2.29259  5.50194
2643 -3.05773  5.65347
2644 -2.5252 6.22339
2645 -1.96164  6.76265
2646 -1.43373  7.33686
2647 -10.6225 -28.6447
2648 -11.1121 -28.0375
2649 -11.6088 -27.4361
2650  -12.151 -26.8753
2651 -12.6501 -26.2759
2652 -13.1813 -25.7048
2653 -13.6786 -25.1039
2654 -14.2622 -24.5863
2655 -14.7927 -24.0145
2656 -15.2721 -23.3993
2657 -14.9115 -22.7076
2658   -14.35 -22.1663
2659 -13.7669 -21.6482
2660 -13.1967  -21.116
2661 -12.5981  -20.616
2662 -12.0246 -20.0873
2663 -11.4282 -19.5845
2664 -10.8295 -19.0845
2665 -10.2339 -18.5809
2666 -9.67413 -18.0377
2667 -9.07253 -17.5413
2668 -8.50467 -17.0065
2669 -7.90288 -16.5103
2670 -7.33386 -15.9768
2671  -6.7434 -15.4671
2672 -6.17844 -14.9293
2673 -5.57946 -14.4297
2674 -5.04284 -13.8636
2675 -4.45315 -13.3531
2676 -3.89935 -12.8038
2677 -3.33911 -12.2611
2678 -2.77048 -11.7272
2679 -2.15951 -11.2423
2680 -1.58628 -10.7133
2681 -0.978364  -10.2246
2682 -0.404509  -9.69634
2683 0.205906 -9.21075
2684 0.788573  -8.6922
2685 1.37614 -8.1792
2686  1.94814 -7.64891
2687  2.53657 -7.13689
2688  3.06222 -6.56062
2689   3.5809 -5.97807
2690  4.27264 -5.61765
2691  4.95096 -6.00272
2692  5.50884 -6.54785
2693  6.00421 -7.15036
2694  6.53212 -7.72457
2695   7.0876 -8.27214
2696  7.85917 -8.38654
2697  8.44335 -7.86969
2698  9.02977 -7.35539
2699  9.61082 -6.83502
2700  10.1797 -6.30135
2701  10.7713 -5.79307
2702  11.3407 -5.25998
2703   11.911 -4.72778
2704  12.4983 -4.21451
2705 13.0705 -3.6845
2706  13.4908 -3.02737
2707  13.1516 -2.32496
2708  12.6203 -1.75395
2709   12.102 -1.17097
2710   11.5391 -0.631039
2711    11.0032 -0.0643065
2712  10.4656 0.500804
2713 9.97325 1.10579
2714 9.44024 1.67526
2715 8.93807 2.27211
2716 8.39684 2.83378
2717 7.88635 3.42353
2718 7.38217 4.01867
2719 6.89633 4.62889
2720 6.35844 5.19376
2721 5.85192 5.78692
2722 5.30295 6.34101
2723 4.76932 6.90991
2724  4.2288 7.47226
2725 3.73297 8.07439
2726 3.17696 8.62143
2727 2.51265 9.03019
2728 1.80896 8.69372
2729 1.22644 8.17499
2730 0.689919  7.60883
2731 0.127009  7.06889
2732 -0.42392  6.51673
2733 -0.999579   5.99041
2734 -1.52061  5.40996
2735 -2.05073  4.83779
2736 -2.72785  4.45061
2737 -2.2392 5.05857
2738 -1.67851  5.60081
2739 -1.17142  6.19349
2740 -0.637756   6.76235
2741 -0.1391 7.36213
2742 -11.312  -28.18
2743 -11.7996 -27.5711
2744  -12.311 -26.9822
2745 -12.8468 -26.4153
2746 -13.3217 -25.7966
2747 -13.8366 -25.2106
2748 -14.3285 -24.6053
2749 -14.8638 -24.0379
2750 -15.2345 -23.3517
2751 -14.9746 -22.6162
2752 -14.3941 -22.0953
2753 -13.8074 -21.5813
2754 -13.2042 -21.0868
2755 -12.6291 -20.5598
2756 -12.0192 -20.0736
2757 -11.4511 -19.5391
2758 -10.8332 -19.0631
2759 -10.2607 -18.5333
2760 -9.66174 -18.0337
2761 -9.08378 -17.5099
2762 -8.47622 -17.0207
2763 -7.91124  -16.483
2764 -7.29892 -15.9998
2765 -6.72342 -15.4733
2766 -6.10656 -14.9959
2767 -5.52296 -14.4784
2768 -4.93882 -13.9615
2769 -4.3755 -13.422
2770 -3.77095 -12.9291
2771 -3.18092  -12.419
2772 -2.56053 -11.9462
2773 -1.98071 -11.4245
2774 -1.36004 -10.9521
2775 -0.787268  -10.4226
2776 -0.193129  -9.91723
2777 0.363658 -9.37098
2778 0.975975 -8.88779
2779  1.55187 -8.36173
2780  2.16468 -7.87916
2781  2.73013 -7.34189
2782  3.31996 -6.83149
2783  3.85956 -6.26826
2784  4.52243 -5.85716
2785  5.28154 -6.03644
2786  5.84284 -6.57805
2787  6.38037 -7.14326
2788  6.90657 -7.71903
2789  7.55042 -8.15933
2790  8.29358 -7.92245
2791  8.87117 -7.39823
2792 9.44754 -6.8727
2793  10.0121 -6.33449
2794  10.5817 -5.80163
2795  11.1185 -5.23571
2796 11.6981 -4.7137
2797  12.2735 -4.18718
2798   12.845 -3.65629
2799  13.3179 -3.03601
2800  13.1374 -2.27718
2801  12.6135 -1.69932
2802  12.0898 -1.12126
2803   11.5474 -0.560805
2804    11.072 0.0576243
2805   10.537 0.625174
2806 10.0278 1.21611
2807 9.48658 1.77774
2808 8.97004  2.3622
2809 8.41251 2.90768
2810 7.90474 3.49978
2811 7.36135 4.05936
2812 6.85604 4.65355
2813  6.3293 5.22882
2814 5.82719 5.82572
2815 5.32031 6.41857
2816 4.8438 7.0361
2817 4.30906 7.60394
2818 3.77925  8.1764
2819 3.19678 8.69517
2820 2.48439 9.01283
2821 1.81136 8.61859
2822 1.21193 8.11951
2823 0.665443  7.56295
2824 0.0957184   7.03021
2825 -0.453825   6.47667
2826 -1.00971   5.9295
2827 -1.54562  5.36276
2828 -2.16724   4.8916
2829 -2.94601  4.93529
2830 -2.47037  5.55348
2831 -1.94625  6.13115
2832 -1.44248  6.72665
2833 -0.904506   7.29143
2834 -0.394606   7.88169
2835 0.174641  8.41494
2836 0.729192  8.96346
2837 -10.4705 -28.6153
2838 -10.9903 -28.0337
2839 -11.5353 -27.4757
2840 -12.1277 -26.9683
2841 -12.6398   -26.38
2842 -13.2101 -25.8478
2843 -13.7722 -25.3071
2844 -14.3613 -24.7957
2845 -14.9168 -24.2482
2846 -15.3081 -23.5735
2847 -14.9353 -22.8883
2848 -14.4191 -22.3035
2849  -13.855 -21.7649
2850 -13.3082 -21.2086
2851 -12.7079 -20.7106
2852 -12.1389  -20.177
2853 -11.5625 -19.6516
2854 -11.0141 -19.0969
2855 -10.4184 -18.5933
2856  -9.8535 -18.0555
2857 -9.23921 -17.5748
2858 -8.68578 -17.0252
2859 -8.09236  -16.519
2860  -7.5033 -16.0077
2861 -6.91678 -15.4935
2862 -6.37638  -14.931
2863 -5.78414 -14.4234
2864 -5.22188 -13.8828
2865 -4.64808 -13.3545
2866 -4.09653 -12.8029
2867 -3.50523 -12.2942
2868 -2.93591 -11.7611
2869 -2.3458 -11.251
2870 -1.7662 -10.729
2871 -1.16601 -10.2308
2872 -0.585884  -9.70944
2873 0.0354308  -9.23788
2874 0.618523 -8.71981
2875  1.22679 -8.23153
2876  1.82078 -7.72599
2877  2.41252 -7.21781
2878  2.97045 -6.67273
2879  3.53069 -6.13002
2880  4.16077 -5.67024
2881  4.91575 -5.86623
2882  5.46438 -6.42067
2883  5.93633 -7.04169
2884  6.44871 -7.62979
2885  6.96249 -8.21667
2886  7.65343 -8.57861
2887  8.32955 -8.18968
2888  8.91447 -7.67367
2889    9.528 -7.19203
2890  10.1205 -6.68479
2891 10.7223 -6.1885
2892  11.2978 -5.66199
2893  11.8871 -5.15106
2894 12.4969 -4.6647
2895  13.0951 -4.16407
2896 13.6057 -3.5744
2897 13.6693  -2.797
2898  13.2067 -2.16899
2899 12.727 -1.554
2900   12.2154 -0.965135
2901  11.7072 -0.37345
2902  11.1904 0.210769
2903  10.6735 0.794871
2904 10.1529 1.37578
2905 9.67717 1.99388
2906 9.16955  2.5861
2907 8.69645 3.20623
2908 8.19322 3.80219
2909 7.75536 4.44769
2910 7.26891 5.05742
2911 6.82322 5.69755
2912 6.32773 6.29995
2913 5.86996 6.93149
2914  5.3821 7.54009
2915 4.89283 8.14756
2916 4.39409 8.74727
2917 3.88745 9.34033
2918 3.21254 9.73134
2919 2.51897 9.37445
2920 1.90996  8.8871
2921  1.3078 8.39132
2922 0.729031  7.86842
2923 0.136812   7.3608
2924 -0.447269   6.84383
2925 -1.01893  6.31317
2926 -1.60303  5.79624
2927 -2.34711  5.56223
2928 -2.75769  6.22543
2929 -2.34601  6.88794
2930 -1.75046  7.39164
2931 -1.10971  7.83644
2932 -0.493648   8.31483
2933 0.125005  8.78988
2934 0.716688  9.29812
2935 -10.3925  -29.283
2936 -10.8584 -28.6574
2937 -11.4018 -28.0978
2938  -11.931 -27.5248
2939 -12.4683 -26.9594
2940 -12.9994 -26.3881
2941 -13.5361 -25.8221
2942 -14.0508  -25.236
2943 -14.5882 -24.6707
2944 -15.1262  -24.106
2945 -15.6617 -23.5388
2946  -15.468 -22.7832
2947 -14.9255 -22.2228
2948  -14.322 -21.7287
2949 -13.7593 -21.1885
2950 -13.1694 -20.6782
2951 -12.5981 -20.1471
2952 -11.9895 -19.6593
2953 -11.4383 -19.1074
2954 -10.8371 -18.6104
2955 -10.2541 -18.0922
2956 -9.64554 -17.6043
2957 -9.05893 -17.0903
2958 -8.44865 -16.6045
2959 -7.83918 -16.1177
2960 -7.21708 -15.6472
2961 -6.65072 -15.1109
2962 -6.04864  -14.615
2963 -5.47713 -14.0842
2964 -4.88794 -13.5731
2965 -4.30473 -13.0551
2966  -3.7271 -12.5309
2967 -3.12679 -12.0329
2968 -2.50664 -11.5598
2969 -1.90607 -11.0621
2970 -1.28999 -10.5837
2971 -0.697173  -10.0768
2972 -0.0649531      -9.62
2973 0.524904 -9.10963
2974  1.14716 -8.63932
2975  1.76587 -8.16435
2976  2.38202 -7.68606
2977  2.93304 -7.13399
2978  3.49884 -6.59709
2979  4.00686 -6.00521
2980  4.75426 -5.78207
2981  5.38496 -6.24101
2982   5.9052 -6.82217
2983  6.44534 -7.38489
2984   6.9918 -7.94146
2985  7.65572 -8.35087
2986  8.35309 -8.00148
2987  8.93385 -7.48079
2988  9.51521 -6.96078
2989  10.0675 -6.40996
2990  10.6618 -5.90486
2991  11.2439 -5.38559
2992  11.8434 -4.88659
2993 12.4126 -4.3533
2994  13.0015 -3.84182
2995  13.5366 -3.27433
2996  13.8884 -2.57816
2997  13.5346 -1.88301
2998  13.0496 -1.27211
2999   12.5195 -0.699947
3000    12.0285 -0.0938683
3001  11.4823 0.462922
3002 10.9448 1.02819
3003 10.3894 1.57584
3004 9.85082 2.14007
3005 9.28662 2.67865
3006 8.76671 3.26011
3007 8.22172 3.81813
3008 7.72636 4.42064
3009 7.17229 4.96964
3010 6.65285 5.55152
3011 6.07857 6.07936
3012 5.53407 6.63785
3013 4.94697 7.15137
3014 4.39579 7.70329
3015 3.80648 8.21428
3016 3.21376  8.7213
3017 2.58324 9.18049
3018 1.80593 9.24522
3019 1.22824 8.72112
3020 0.720003  8.12943
3021 0.226207  7.52564
3022 -0.30317  6.95279
3023 -0.821144    6.3696
3024 -1.34482  5.79153
3025 -1.83918   5.1882
3026 -2.39484  4.64081
3027 -3.16685  4.75219
3028 -2.67652   5.3588
3029 -2.15118  5.93536
3030 -1.63953   6.5241
3031  19.4469 -22.3215
3032  20.0459 -21.8218
3033  20.6332 -21.3086
3034  21.2069 -20.7801
3035  21.8162 -20.2931
3036   22.394 -19.7691
3037  22.9919 -19.2682
3038  23.5673 -18.7416
3039  24.1868 -18.2676
3040  24.7912 -17.7746
3041 25.5174  -17.49
3042  26.2102 -17.8484
3043  25.6098 -18.3464
3044  24.9714 -18.7945
3045  24.3754 -19.2977
3046  23.7709 -19.7906
3047 23.1819 -20.302
3048  22.5919 -20.8121
3049  22.0252 -21.3481
3050  21.4156 -21.8347
3051  20.8259 -22.3452
3052  20.1989 -22.8093
3053  19.4395 -22.9871
3054  18.8864 -22.4371
3055  18.4394 -21.7979
3056  18.0198 -21.1403
3057  17.5767 -20.4985
3058 17.1461 -19.848
3059  16.6799 -19.2227
3060  16.2302 -18.5854
3061  15.7442 -17.9753
3062  15.2877 -17.3429
3063  14.7701 -16.7593
3064  14.2801 -16.1524
3065 13.7558 -15.575
3066 13.2697 -14.965
3067  12.7368 -14.3954
3068  12.2383 -13.7955
3069  11.7014 -13.2297
3070   11.209 -12.6247
3071  10.7054 -12.0291
3072  10.2216 -11.4173
3073  9.67057 -10.8652
3074 9.14592 -10.288
3075 8.61497 -9.7166
3076  8.12538 -9.10939
3077  7.71507 -8.44603
3078  7.93891 -7.69884
3079  8.53173 -7.19193
3080  9.17553 -6.75156
3081  9.77479 -6.25227
3082  10.4135 -5.80454
3083  11.0147 -5.30765
3084  11.6352 -4.83503
3085  12.2173 -4.31584
3086  12.8218 -3.82285
3087  13.3372 -3.23737
3088  13.5564 -2.48882
3089  13.1414 -1.82839
3090  12.6658 -1.21022
3091    12.161 -0.615598
3092    11.6749 -0.0056016
3093  11.1657 0.585305
3094 10.6763 1.19265
3095 10.1649  1.7816
3096 9.67163 2.38584
3097 9.14343 2.95978
3098 8.47092 3.35491
3099 7.78495 2.98364
3100 7.19103 2.47802
3101 6.61314 1.95414
3102 6.00416 1.46676
3103  5.40286 0.969932
3104  4.80437 0.469721
3105    4.21814 -0.0448046
3106    3.6476 -0.576674
3107   2.89591 -0.784902
3108  3.35767 -0.15627
3109  3.91646 0.387933
3110  4.51353 0.889837
3111 5.09695 1.40754
3112 5.68113 1.92439
3113  20.0337 -19.6483
3114  20.7157 -19.2697
3115   21.408 -18.9104
3116  22.1069 -18.5642
3117  22.8077 -18.2218
3118  23.4934 -17.8499
3119  24.2003 -17.5202
3120  24.9207 -17.2212
3121  25.6697 -17.4388
3122  25.0885 -17.9591
3123  24.4215 -18.3634
3124  23.7898 -18.8209
3125  23.1495 -19.2664
3126  22.5356 -19.7475
3127  21.9025 -20.2032
3128  21.2872 -20.6825
3129  20.6496 -21.1318
3130   20.032 -21.6082
3131  19.3852 -22.0442
3132  18.6565 -22.3225
3133  18.0303 -21.8574
3134 17.5696 -21.228
3135  17.1657 -20.5607
3136  16.6981 -19.9364
3137  16.2593 -19.2916
3138  15.7789 -18.6771
3139  15.3376 -18.0339
3140   14.858 -17.4187
3141  14.3911 -16.7939
3142  13.8995 -16.1884
3143  13.4696 -15.5376
3144  12.9897 -14.9226
3145  12.5501 -14.2783
3146 12.0669 -13.666
3147  11.6535 -13.0046
3148  11.1839 -12.3818
3149  10.7463 -11.7361
3150  10.2579 -11.1279
3151  9.79958 -10.4968
3152  9.32274 -9.87951
3153  8.82474 -9.27919
3154  8.28916 -8.71213
3155  7.90571 -8.03289
3156  8.35392 -7.39452
3157 8.95655 -6.8993
3158  9.53678 -6.37803
3159  10.1516 -5.89802
3160 10.7424 -5.3887
3161  11.3528 -4.90315
3162  11.9511 -4.40272
3163  12.5261 -3.87567
3164  13.0897 -3.33646
3165  13.5407 -2.70009
3166  13.2399 -1.98043
3167   12.765 -1.36165
3168   12.2347 -0.789679
3169   11.7438 -0.183576
3170   11.213 0.387957
3171  10.7043 0.979288
3172 10.1648  1.5426
3173 9.65446 2.13249
3174 9.09302 2.67395
3175 8.34049 2.87915
3176 7.69131 2.44675
3177 7.08075 1.96135
3178 6.50907  1.4307
3179  5.89627 0.948139
3180  5.30663 0.437524
3181    4.71551 -0.0713708
3182   4.13278 -0.589859
3183  3.55212 -1.11066
3184  2.77699 -1.02361
3185    3.3095 -0.453671
3186  3.83291 0.124642
3187  4.39672 0.663636
3188  4.9426 1.22078
3189 5.50121 1.76517
3190 6.04141 2.32783
3191 6.59091  2.8814
3192 7.14129 3.43411
3193  19.7895 -19.4597
3194  20.4653 -19.0703
3195 21.1628 -18.721
3196   21.865 -18.3815
3197  22.5591 -18.0257
3198  23.2407 -17.6464
3199  23.9239 -17.2702
3200   24.627 -16.9324
3201  25.2999 -16.5379
3202  26.0391 -16.2888
3203  26.4643 -16.9427
3204   25.873 -17.4514
3205  25.2577 -17.9308
3206  24.6167 -18.3753
3207  23.9889 -18.8383
3208  23.3583 -19.2973
3209   22.766 -19.8048
3210   22.155 -20.2897
3211  21.5481 -20.7796
3212 20.9399 -21.268
3213 20.3695   -21.8
3214  19.7208 -22.2331
3215  18.9546 -22.3794
3216 18.3773 -21.855
3217  17.8599 -21.2712
3218   17.391 -20.6479
3219  16.8969 -20.0444
3220   16.428 -19.4211
3221  15.9364 -18.8155
3222  15.4542 -18.2024
3223  14.9346 -17.6207
3224    14.47 -16.9941
3225  13.9738 -16.3923
3226  13.5095 -15.7655
3227  13.0367 -15.1451
3228  12.5897 -14.5059
3229  12.1187 -13.8842
3230  11.6475 -13.2626
3231  11.1536 -12.6589
3232  10.6706 -12.0464
3233  10.1706 -11.4478
3234  9.73381 -10.8016
3235    9.26 -10.182
3236 8.78251 -9.5652
3237  8.27388 -8.97385
3238  7.83727 -8.32749
3239  8.13662 -7.60722
3240  8.72433 -7.09439
3241  9.3126 -6.5822
3242    9.935 -6.11207
3243  10.5319 -5.61002
3244  11.1275 -5.10626
3245  11.6923 -4.56835
3246  12.2928 -4.07061
3247  12.8853 -3.56329
3248   13.405 -2.98165
3249  13.3068 -2.20786
3250  12.8502 -1.57548
3251   12.3394 -0.985975
3252   11.8584 -0.371908
3253  11.3478 0.217719
3254  10.8582 0.824884
3255 10.3801 1.44122
3256 9.91458 2.06705
3257 9.40305 2.65589
3258 8.87335 3.22845
3259 8.11836 3.42437
3260 7.46184  3.0032
3261 6.87613 2.48808
3262 6.29295  1.9701
3263  5.6876 1.47822
3264  5.08546 0.982403
3265  4.49765 0.469687
3266   3.91016 -0.043395
3267   3.17433 -0.302139
3268  3.70999 0.264837
3269  4.27676 0.800722
3270 4.82748 1.35309
3271 5.40516  1.8772
3272  19.9805 -20.2488
3273  20.7046 -19.9588
3274  21.4322 -19.6778
3275  22.1479 -19.3678
3276  22.8838 -19.1092
3277  23.5931 -18.7847
3278  24.2985 -18.4519
3279  24.9955 -18.1016
3280  25.7295 -17.8377
3281  26.4512 -18.1336
3282  25.8408 -18.6192
3283  25.1922 -19.0525
3284  24.5263 -19.4586
3285  23.8782 -19.8925
3286  23.2031 -20.2834
3287  22.5591 -20.7234
3288 21.8822 -21.111
3289  21.2386 -21.5516
3290  20.5781 -21.9665
3291  19.9316 -22.4029
3292  19.2459 -22.7747
3293 18.4839 -22.608
3294  17.9734 -22.0183
3295 17.4889 -21.407
3296  17.0352 -20.7725
3297  16.5697 -20.1467
3298  16.1383 -19.4968
3299  15.6749 -18.8694
3300 15.2647 -18.206
3301  14.8237 -17.5626
3302  14.4185 -16.8962
3303 13.9658 -16.261
3304 13.5407 -15.607
3305  13.0924 -14.9687
3306  12.6509 -14.3257
3307  12.1757 -13.7071
3308  11.7283 -13.0682
3309  11.2558 -12.4476
3310  10.8021 -11.8131
3311  10.2878 -11.2267
3312  9.81309 -10.6078
3313  9.32275 -10.0012
3314  8.85021 -9.38061
3315  8.36672 -8.76854
3316   7.9482 -8.11033
3317  8.26859 -7.39917
3318  8.87649 -6.91043
3319  9.46824 -6.40226
3320  10.0767 -5.91428
3321  10.6345 -5.36905
3322  11.2264 -4.86106
3323  11.7999 -4.33233
3324  12.4301 -3.87269
3325  13.0058 -3.34642
3326  13.5419 -2.77992
3327  13.4366 -2.00708
3328  12.9674 -1.38394
3329   12.4243 -0.824066
3330   11.9111 -0.236735
3331     11.4 0.352523
3332  10.9462 0.986938
3333 10.4548 1.59266
3334 9.96515 2.19983
3335 9.46033 2.79443
3336 8.90938 3.34657
3337 8.14715 3.51212
3338 7.53034 3.03469
3339 7.00587 2.45734
3340 6.44657 1.91366
3341 5.90403 1.35327
3342 5.35824 0.79603
3343  4.84457 0.209044
3344   4.28929 -0.338734
3345   3.74337 -0.895839
3346  3.07054 -1.29042
3347   2.49751 -0.761237
3348   3.01003 -0.173253
3349 3.52655 0.41122
3350 4.01167   1.022
3351  20.2261 -21.2089
3352  20.9668 -20.9644
3353 21.7254 -20.783
3354  22.4564 -20.5107
3355  23.1996 -20.2742
3356  23.9186 -19.9718
3357 24.6508 -19.703
3358  25.3794 -19.4244
3359  26.1398 -19.2507
3360  26.768 -19.713
3361  26.0894 -20.0975
3362  25.3813 -20.4245
3363   24.704 -20.8114
3364  24.0117 -21.1708
3365  23.3541 -21.5904
3366  22.6947 -22.0069
3367  22.0436 -22.4365
3368  21.3667 -22.8239
3369  20.7203 -23.2605
3370  20.0506 -23.6604
3371  19.3023 -23.8803
3372   18.729 -23.3513
3373 18.2696 -22.721
3374  17.8407 -22.0695
3375 17.3941  -21.43
3376  17.0011 -20.7563
3377  16.5062 -20.1534
3378  16.0504 -19.5204
3379  15.5679 -18.9076
3380  15.1336 -18.2596
3381  14.6804 -17.6248
3382  14.2663 -16.9638
3383  13.7938 -16.3433
3384  13.3687 -15.6893
3385  12.8916 -15.0722
3386  12.4687 -14.4168
3387  11.9722 -13.8152
3388  11.5111 -13.1861
3389 10.9964   -12.6
3390  10.5436 -11.9649
3391  10.0314 -11.3767
3392  9.54544 -10.7665
3393  9.03525 -10.1765
3394  8.55804 -9.55952
3395   8.0495 -8.96809
3396  7.75079 -8.24755
3397  8.21046 -7.61739
3398  8.82297 -7.13445
3399  9.41202 -6.62316
3400  9.99413 -6.10398
3401  10.4975 -5.50818
3402  11.0446 -4.95217
3403  11.5813 -4.38618
3404  12.1498 -3.85209
3405  12.7245 -3.32477
3406  13.2832 -2.78051
3407  13.5349 -2.04223
3408 13.1412 -1.3689
3409   12.5885 -0.818458
3410    12.044 -0.259962
3411  11.4594 0.256366
3412  10.9189 0.818768
3413 10.3399 1.34141
3414 9.79142 1.89596
3415 9.19781 2.40196
3416 8.61313 2.91824
3417 7.83867 3.01098
3418 7.21534 2.54209
3419 6.69545 1.96061
3420 6.18787 1.36836
3421  5.64229 0.810918
3422  5.11744 0.233917
3423   4.60418 -0.353425
3424   4.02691 -0.877977
3425   3.25201 -0.967059
3426   2.95088 -0.247533
3427  3.43056 0.367534
3428  3.96529 0.935392
3429 4.51256 1.49118
3430   5.038 2.06764
3431  23.7409 -19.0755
3432  23.1552 -19.5907
3433  22.5662 -20.1021
3434  21.9678 -20.6024
3435 21.3527 -21.082
3436  20.7645 -21.5942
3437  20.1113 -22.0205
3438   19.359 -21.8146
3439  18.8396 -21.2326
3440  18.3247 -20.6467
3441  17.8422 -20.0339
3442  17.3243 -19.4506
3443   16.838 -18.8408
3444  16.3167 -18.2605
3445  15.8035 -17.6731
3446  15.2626 -17.1112
3447  14.7383 -16.5337
3448  14.2157 -15.9546
3449  13.7255 -15.3479
3450  13.1955 -14.7757
3451  12.6935 -14.1787
3452   12.159 -13.6106
3453  11.6446 -13.0242
3454  11.0875 -12.4783
3455  10.5505 -11.9126
3456  9.97494 -11.3862
3457  9.46824 -10.7932
3458  8.93684 -10.2222
3459 8.41374 -9.6436
3460  7.87057 -9.08381
3461  7.41699 -8.44925
3462  7.74337 -7.74082
3463  8.37539 -7.28371
3464  8.96931 -6.77808
3465  9.60261 -6.32274
3466  10.2121 -5.83604
3467    10.84 -5.37325
3468   11.435 -4.86883
3469  12.0546 -4.39505
3470  12.6666 -3.91149
3471  13.2612 -3.40666
3472 13.5447   -2.68
3473  13.2317 -1.96557
3474  12.7263 -1.37142
3475   12.2215 -0.776862
3476   11.728 -0.17279
3477  11.2617 0.452481
3478 10.7783 1.06465
3479 10.3243 1.69889
3480 9.85202 2.31966
3481 9.3695 2.9325
3482 8.87173 3.53302
3483 8.40152 4.15535
3484 7.91055 4.76145
3485 7.45971 5.39796
3486 6.99145 6.02176
3487 6.52642 6.64798
3488 6.03663 7.25503
3489    5.58 7.88739
3490 5.07742  8.4839
3491 4.60696 9.10604
3492 4.1857 9.7625
3493 4.30337 10.5336
3494 4.87041 11.0692
3495  5.4903 11.5426
3496 6.11263 12.0128
3497 6.51973 12.6782
3498 6.09945 13.3352
3499 5.5972 13.932
3500  5.0886 14.5234
3501  4.5653 15.1018
3502 4.05311 15.6901
3503 3.58486 16.3139
3504 3.10113 16.9258
3505 2.62472 17.5434
3506 2.14263 18.1565
3507 1.71024 18.8057
3508 1.26315 19.4449
3509 0.829118   20.093
3510 0.370493  20.7239
3511 0.076276  21.4463
3512 0.756137  21.8286
3513 1.24987 21.2248
3514 1.69599  20.585
3515  23.6686 -19.5967
3516 23.0787 -20.107
3517  22.4858 -20.6139
3518  21.8854 -21.1117
3519  21.3087 -21.6369
3520  20.7038 -22.1294
3521  19.9671 -22.3857
3522  19.3527 -21.9052
3523  18.8358 -21.3211
3524 18.3828 -20.686
3525  17.8946 -20.0778
3526  17.4379 -19.4454
3527  16.9393 -18.8456
3528  16.4733 -18.2201
3529  15.9773 -17.6182
3530  15.5253 -16.9824
3531  15.0149 -16.3927
3532  14.5133 -15.7953
3533  13.9809 -15.2253
3534  13.4887 -14.6201
3535  12.9579 -14.0486
3536 12.4776 -13.434
3537  11.9461 -12.8632
3538  11.4353 -12.2737
3539 10.8899 -11.716
3540  10.3555 -11.1479
3541 9.80738 -10.593
3542  9.28085 -10.0175
3543 8.69336 -9.5044
3544  8.11365 -8.98255
3545    7.738 -8.29896
3546  8.15081 -7.63715
3547  8.71903 -7.10281
3548  9.30948 -6.59314
3549  9.87484 -6.05576
3550   10.438 -5.51607
3551  10.9674 -4.94326
3552  11.5385 -4.41203
3553 12.1044 -3.8752
3554  12.7136 -3.38813
3555  13.2375 -2.81024
3556  13.0381 -2.05617
3557  12.5429 -1.45348
3558    12.056 -0.844127
3559   11.5553 -0.246112
3560  11.0739 0.367609
3561 10.5909 0.98008
3562 10.1371 1.61452
3563 9.64039  2.2159
3564 9.19554 2.85661
3565 8.69729 3.45673
3566 8.20711 4.06347
3567   7.733 4.68284
3568 7.28633 5.32228
3569 6.85176 5.97001
3570 6.41449 6.61591
3571 5.93083 7.22785
3572 5.48994  7.8713
3573 5.01352 8.48889
3574 4.56563 9.12748
3575 4.11208 9.76206
3576 4.20991 10.5359
3577 4.76739 11.0814
3578  5.3914 11.5494
3579 6.00936 12.0254
3580 6.32082 12.7405
3581  5.9828 13.4434
3582 5.53922  14.085
3583 5.07501 14.7119
3584 4.62869 15.3515
3585 4.12539 15.9474
3586 3.69327 16.5968
3587 3.20222 17.2028
3588 2.73186  17.825
3589 2.22796 18.4204
3590 1.71569 19.0086
3591 1.22007 19.6109
3592 0.740338   20.226
3593 0.240681  20.8249
3594 -0.107525   21.5229
3595 0.166861   22.253
3596 0.69361 21.6777
3597  1.2074 21.0909
3598 1.74384 20.5246
3599  23.4666 -19.3163
3600  22.8734 -19.8227
3601  22.3095 -20.3617
3602  21.7158 -20.8675
3603    21.15 -21.4044
3604  20.5505 -21.9034
3605  19.8741 -22.2919
3606 19.1913 -21.915
3607  18.6429 -21.3603
3608  18.1387 -20.7651
3609  17.6277 -20.1758
3610  17.1609 -19.5509
3611  16.6353 -18.9746
3612  16.2056 -18.3236
3613   15.686 -17.7419
3614  15.196 -17.135
3615  14.6463 -16.5816
3616  14.1486 -15.9811
3617  13.6413 -15.3886
3618  13.1338 -14.7962
3619   12.585 -14.2419
3620   12.086 -13.6425
3621  11.5607 -13.0658
3622  11.0726 -12.4575
3623  10.5458 -11.8823
3624  10.0893 -11.2498
3625  9.55506 -10.6815
3626  9.03237 -10.1025
3627 8.48452 -9.5473
3628  7.98644 -8.94704
3629  7.70771 -8.21854
3630  8.12566 -7.55997
3631   8.7085 -7.04161
3632  9.32537 -6.56424
3633  9.89975 -6.03653
3634  10.4846 -5.52043
3635  11.0562 -4.98971
3636   11.659 -4.49464
3637  12.2594 -3.99682
3638  12.8594 -3.49844
3639  13.3276 -2.87459
3640   13.179 -2.10889
3641  12.6744 -1.51406
3642   12.1784 -0.912066
3643   11.6711 -0.319549
3644  11.1882 0.292993
3645  10.6992 0.900612
3646 10.2398 1.53102
3647 9.74957 2.13768
3648 9.28209 2.76207
3649 8.79476  3.3711
3650 8.33113 3.99835
3651  7.8475 4.61032
3652 7.39935 5.24872
3653 6.90491 5.85199
3654 6.42689 6.46834
3655 5.90326 7.04646
3656 5.42755  7.6646
3657 4.95126  8.2823
3658 4.47922 8.90325
3659 4.01268 9.52834
3660 3.94404 10.3053
3661 4.44228 10.9054
3662 5.05726 11.3852
3663 5.69846 11.8294
3664 6.30129 12.3244
3665 5.86156 12.9686
3666 5.40443 13.6006
3667  4.9412 14.2281
3668 4.45677 14.8395
3669 4.01677 15.4835
3670 3.54002 16.1009
3671 3.08358 16.7334
3672  2.5932 17.3399
3673 2.12271 17.9621
3674 1.64617 18.5796
3675 1.16448 19.1931
3676 0.676574  19.8016
3677 0.335094  20.5029
3678 0.992829  20.9222
3679 1.53919 20.3655
3680 2.05814 19.7832
3681 2.54776  19.176
3682 3.06651 18.5935
3683  23.4093 -19.7427
3684  22.8172 -20.2504
3685  22.2199 -20.7521
3686  21.5968 -21.2213
3687  21.0034 -21.7275
3688  20.3927 -22.2128
3689  19.7108 -22.5914
3690  18.9641 -22.3657
3691  18.4604 -21.7702
3692  17.9939 -21.1451
3693  17.5081 -20.5348
3694  17.0525 -19.9017
3695  16.5516 -19.3038
3696  16.0823 -18.6808
3697 15.5594 -18.102
3698  15.0735 -17.4919
3699  14.5475 -16.9159
3700  14.0682 -16.3006
3701  13.5513 -15.7164
3702 13.0919 -15.086
3703  12.5865 -14.4919
3704  12.1032 -13.8797
3705  11.5981 -13.2853
3706  11.1242 -12.6658
3707  10.6277 -12.0642
3708  10.1253 -11.4676
3709  9.59217 -10.8982
3710  9.06484 -10.3235
3711  8.52262 -9.76275
3712  8.01148 -9.17357
3713  7.60826 -8.50588
3714   7.9073 -7.78548
3715  8.48667 -7.26325
3716 9.09648 -6.7769
3717  9.68613 -6.26631
3718  10.2814 -5.76226
3719  10.8652 -5.24496
3720   11.478 -4.76246
3721  12.0896 -4.27827
3722     12.7 -3.79267
3723  13.2933 -3.28641
3724   13.478 -2.52858
3725 13.0498 -1.8766
3726  12.6325 -1.21759
3727   12.1761 -0.585091
3728   11.7375 0.0599352
3729  11.263 0.67902
3730 10.8031 1.30898
3731 10.3338 1.93202
3732 9.89994 2.58021
3733 9.42275  3.1972
3734 8.96605 3.82952
3735  8.4774 4.43749
3736 8.03111 5.07719
3737 7.54296 5.68556
3738 7.09003 6.32059
3739  6.5985 6.92622
3740 6.11999  7.5422
3741 5.62449  8.1446
3742 5.12785 8.74605
3743 4.59635 9.31693
3744 4.30647 10.0411
3745 4.68256 10.7244
3746  5.2455 11.2643
3747 5.83451 11.7756
3748 6.36344 12.3489
3749  6.0275 13.0529
3750 5.52165 13.6466
3751 5.01373 14.2386
3752 4.52281 14.8447
3753 3.98906 15.4135
3754  3.4776 16.0024
3755 2.97844 16.6017
3756 2.50627 17.2226
3757 2.01122 17.8254
3758 1.55182 18.4557
3759 1.03455 19.0395
3760 0.567558  19.6643
3761 0.0744866   20.2687
3762 -0.3704 20.9093
3763 -0.389974   21.6891
3764 0.219875  21.2028
3765 0.780544  20.6605
3766 1.29753 20.0765
3767 1.85491 19.5308
3768  23.6439 -19.5311
3769 23.0251 -20.006
3770  22.4249 -20.5042
3771  21.8052 -20.9778
3772   21.206 -21.4771
3773  20.5871 -21.9519
3774  19.8997 -22.3205
3775  19.2647 -21.8675
3776  18.7242 -21.3052
3777  18.2249 -20.7059
3778  17.7045 -20.1249
3779  17.2364 -19.5009
3780 16.7262 -18.911
3781  16.2358 -18.3045
3782  15.6846 -17.7525
3783  15.1655 -17.1704
3784  14.6145 -16.6183
3785  14.1272 -16.0092
3786  13.6362 -15.4032
3787  13.1693 -14.7783
3788  12.6499 -14.1964
3789  12.1589 -13.5904
3790  11.6392 -13.0087
3791  11.1716 -12.3844
3792  10.6431 -11.8107
3793  10.1425 -11.2126
3794     9.61 -10.6426
3795  9.09214 -10.0593
3796  8.54422 -9.50419
3797  8.03993 -8.90913
3798   7.6814 -8.21642
3799  8.09223 -7.55338
3800  8.65234 -7.01054
3801  9.27425 -6.53976
3802  9.85549 -6.01961
3803 10.4641 -5.5318
3804  11.0291 -4.99402
3805  11.6344 -4.50202
3806  12.2364 -4.00611
3807  12.8624 -3.54081
3808  13.3637 -2.94321
3809  13.1959 -2.18147
3810  12.6982 -1.58089
3811   12.2049 -0.976687
3812   11.7132 -0.371207
3813  11.2372 0.246702
3814  10.7336 0.842313
3815 10.2394 1.44583
3816 9.76249 2.06303
3817 9.3262 2.7096
3818 8.81871 3.30193
3819 8.36207 3.93429
3820 7.83836 4.51233
3821 7.37711 5.14134
3822 6.89496 5.75447
3823 6.42477 6.37682
3824 5.93243  6.9818
3825 5.46484  7.6061
3826 4.95635 8.19758
3827  4.4696 8.80706
3828 4.03375 9.45393
3829  4.0779 10.2327
3830 4.58856 10.8223
3831 5.18412  11.326
3832 5.78644 11.8216
3833 6.25078 12.4483
3834 5.85443 13.1201
3835 5.36448  13.727
3836 4.83115 14.2962
3837 4.32044 14.8857
3838 3.78224 15.4503
3839 3.26284 16.0322
3840 2.69384 16.5657
3841 2.17316 17.1465
3842 1.62578 17.7022
3843 1.14106 18.3133
3844 0.626728  18.8997
3845 0.139213  19.5086
3846 -0.354733   20.1122
3847 -0.642163   20.8373
3848 -0.0471782    21.3417
3849 0.564686   20.858
3850 1.14735 20.3394
3851 1.71707 19.8067
3852 2.30949 19.2993
3853 -9.81007  1.51427
3854 -9.22925   2.0349
3855 -8.63338  2.53822
3856 -8.09025  3.09805
3857 -7.52496   3.6355
3858 -7.01161  4.22276
3859  -6.462 4.77622
3860 -5.91929  5.33647
3861 -5.14262  5.40838
3862 -4.5499 4.90134
3863 -4.03126  4.31875
3864 -3.48473  3.76224
3865 -2.99656  3.15389
3866 -2.46448  2.58355
3867 -1.97581   1.9756
3868 -1.44885  1.40052
3869 -0.962566  0.790663
3870 -0.434325  0.216763
3871 0.0569489 -0.389084
3872 0.607647 -0.94147
3873  1.13837 -1.51308
3874  1.68425 -2.07023
3875 2.20436 -2.6515
3876  2.76023 -3.19868
3877 3.32027 -3.7416
3878   3.8832 -4.28152
3879 4.41854 -4.8488
3880  4.95822 -5.41196
3881  5.44887 -6.01831
3882  5.97313 -6.59585
3883  6.48604 -7.18349
3884  7.06022 -7.71143
3885  7.73332 -8.10556
3886  8.42356 -7.74229
3887  8.97565 -7.19129
3888  9.48154 -6.59759
3889  10.0314 -6.04441
3890  10.5545 -5.46574
3891  11.1162 -4.92462
3892  11.6341 -4.34139
3893  12.1849 -3.78902
3894  12.6784 -3.18498
3895  13.2574 -2.66239
3896  13.9847 -2.94437
3897  14.5787 -3.44989
3898 15.1821 -3.9441
3899  15.7495 -4.47938
3900  16.3499 -4.97723
3901  16.9223 -5.50707
3902  17.5321 -5.99351
3903  18.1054 -6.52238
3904  18.6842 -7.04526
3905  19.2318 -7.60068
3906  19.8086 -8.12578
3907  20.3559 -8.68151
3908  20.9305 -9.20906
3909   21.465 -9.77712
3910  22.0068 -10.3382
3911  22.5483 -10.8996
3912  23.1334 -11.4154
3913 23.7877  -11.84
3914  24.4539 -11.4343
3915 25.0377 -10.917
3916  25.6135 -10.3908
3917  26.2054 -9.88279
3918  26.9141 -9.55719
3919  27.5543 -10.0029
3920  28.1396 -10.5185
3921  28.7105 -11.0499
3922  29.2821 -11.5807
3923   29.825 -12.1407
3924  30.3807 -12.6881
3925  30.9027 -13.2676
3926  31.4605 -13.8129
3927 31.9796 -14.395
3928  32.5191 -14.9583
3929  33.0253 -15.5518
3930  32.9785 -16.3304
3931  32.4297 -15.7761
3932  31.8753 -15.2274
3933  31.2743 -14.7303
3934  30.6901 -14.2135
3935 -10.7777  1.97785
3936 -10.1776  2.47615
3937 -9.57772  2.97465
3938 -8.95658  3.44643
3939 -8.37359  3.96462
3940 -7.74291  4.42359
3941 -7.16142  4.94346
3942 -6.54605  5.42274
3943 -5.86427  5.80167
3944 -5.23025  5.34733
3945 -4.68347  4.79107
3946 -4.17509   4.1995
3947 -3.62803  3.64351
3948 -3.11819   3.0532
3949 -2.59865  2.47141
3950 -2.11016  1.86332
3951 -1.58833  1.28358
3952 -1.08223 0.690068
3953 -0.544115  0.125415
3954 -0.0174762  -0.449956
3955 0.513522 -1.02131
3956  1.01127 -1.62185
3957 1.55209 -2.1839
3958  2.08373 -2.75466
3959  2.65081 -3.29022
3960  3.19134 -3.85256
3961  3.75058 -4.39629
3962  4.26358 -4.98386
3963   4.8129 -5.53762
3964  5.33515 -6.11697
3965  5.90028 -6.65458
3966  6.44515 -7.21272
3967   7.0382 -7.71937
3968  7.73407 -8.07173
3969  8.40872 -7.68026
3970  8.97605 -7.14496
3971  9.52442 -6.59027
3972  10.0615 -6.02461
3973 10.5824 -5.4441
3974  11.1417 -4.90037
3975  11.6782 -4.33421
3976  12.2456 -3.79897
3977  12.7649 -3.21699
3978   13.364 -2.71745
3979  14.0926 -2.99589
3980  14.6601 -3.53098
3981  15.2265 -4.06725
3982  15.7713 -4.62551
3983  16.3617 -5.13517
3984  16.9187 -5.68121
3985   17.505 -6.19564
3986  18.0673 -6.73626
3987  18.6431 -7.26243
3988   19.174 -7.83382
3989  19.7359 -8.37488
3990  20.2529 -8.95885
3991  20.8327 -9.48063
3992  21.3758 -10.0405
3993   21.938 -10.5812
3994  22.4828 -11.1394
3995  23.0735 -11.6488
3996 23.7424  -12.05
3997   24.398 -11.6273
3998  24.9463 -11.0726
3999  25.4788 -10.5026
4000  26.0279 -9.94866
4001  26.7413 -9.63316
4002  27.3789 -10.0824
4003  27.9702 -10.5911
4004  28.5441 -11.1194
4005  29.1394 -11.6234
4006  29.6856 -12.1802
4007  30.2538 -12.7146
4008  30.7881 -13.2828
4009 31.3675 -13.805
4010  31.9268 -14.3487
4011  32.4762 -14.9024
4012  33.0076 -15.4733
4013 33.0677 -16.251
4014  32.4165 -15.8217
4015  31.9211 -15.2192
4016   31.423 -14.6189
4017  30.8401 -14.1006
4018 -11.0801  1.36203
4019 -10.534 1.91896
4020 -9.98129  2.46937
4021 -9.44083  3.03177
4022 -8.86864  3.56187
4023 -8.33659  4.13224
4024 -7.7641 4.66201
4025 -7.19473  5.19514
4026 -6.43796  5.38408
4027 -5.81487  4.91487
4028 -5.2626 4.36406
4029 -4.71677  3.80685
4030 -4.19655  3.22568
4031 -3.62807   2.6916
4032 -3.10523  2.11278
4033 -2.52726  1.58899
4034 -2.00013  1.01408
4035  -1.4364 0.474992
4036   -0.89123 -0.0828531
4037 -0.318415  -0.61227
4038 0.223461 -1.17331
4039 0.786497 -1.71312
4040  1.34836 -2.25414
4041  1.93733 -2.76553
4042 2.48734 -3.3186
4043  3.06602 -3.84161
4044  3.61312 -4.39756
4045  4.17407 -4.93953
4046 4.70353 -5.5123
4047  5.26833 -6.05026
4048  5.81963 -6.60205
4049  6.41014 -7.11166
4050  6.97922 -7.64509
4051  7.74753 -7.77966
4052  8.36883 -7.30809
4053  8.93159 -6.76799
4054  9.51228 -6.24722
4055 10.0554 -5.6874
4056 10.6272 -5.1569
4057  11.1775 -4.60411
4058  11.7358 -4.05933
4059  12.2709 -3.49183
4060  12.8928 -3.02114
4061  13.5919 -2.67512
4062  14.2612 -3.07555
4063  14.7873 -3.65144
4064  15.2992 -4.23997
4065  15.8409 -4.80122
4066  16.3634 -5.38034
4067   16.926 -5.92061
4068  17.4385 -6.50857
4069  17.9859 -7.06426
4070  18.4948 -7.65534
4071  19.0411 -8.21211
4072  19.5566 -8.79747
4073  20.0808 -9.37511
4074  20.5679 -9.98427
4075  21.0958 -10.5585
4076  21.5953 -11.1576
4077  22.1359 -11.7199
4078  22.7135 -12.2441
4079 23.3478 -12.698
4080   24.071 -12.4058
4081   24.632 -11.8639
4082  25.2268 -11.3594
4083   25.838 -10.8747
4084 26.5878  -10.66
4085  27.1849 -11.1619
4086  27.6981 -11.7494
4087 28.2178 -12.331
4088  28.7035 -12.9413
4089  29.2425 -13.5051
4090  29.7565 -14.0918
4091   30.283 -14.6673
4092  30.7828 -15.2662
4093  31.3016 -15.8486
4094  31.7824 -16.4628
4095   32.281 -17.0626
4096  33.0516 -17.1834
4097   32.623 -16.5316
4098  32.1081 -15.9458
4099  31.5949 -15.3584
4100 -11.1168  1.85444
4101 -10.5224  2.35952
4102 -9.94242  2.88109
4103 -9.38158  3.42319
4104 -8.77038  3.90779
4105 -8.19065  4.42962
4106 -7.59306  4.93089
4107 -7.01508  5.45468
4108 -6.28317  5.72432
4109 -5.65706  5.25914
4110 -5.13801  4.67692
4111 -4.60309  4.10923
4112 -4.06989  3.53995
4113 -3.50384   3.0033
4114 -2.98144  2.42407
4115 -2.43312  1.86933
4116 -1.90421  1.29605
4117  -1.3523 0.744864
4118 -0.840539  0.156223
4119 -0.283186 -0.389446
4120 0.257976 -0.95118
4121 0.832876 -1.47833
4122  1.35129 -2.06113
4123  1.91499 -2.60024
4124  2.42903 -3.18689
4125  2.98582 -3.73314
4126  3.52223 -4.29941
4127  4.07763 -4.84708
4128  4.57633 -5.44682
4129  5.12073 -6.00542
4130  5.63575 -6.59121
4131  6.20344 -7.12612
4132  6.73735 -7.69475
4133  7.40223 -8.10259
4134  8.07072 -7.70068
4135  8.61798 -7.14489
4136  9.15143 -6.57584
4137  9.68475 -6.00665
4138  10.2341 -5.45287
4139  10.7666 -4.88294
4140  11.3484 -4.36341
4141 11.8812 -3.7938
4142  12.4145 -3.22459
4143  12.9852 -2.69286
4144 13.7617 -2.6196
4145 14.3904 -3.0814
4146  14.9749 -3.59779
4147   15.567 -4.10558
4148  16.1037 -4.67163
4149  16.6832 -5.19364
4150  17.2258 -5.75402
4151  17.8025 -6.27922
4152  18.3505 -6.83428
4153   18.931 -7.35525
4154  19.4474 -7.93981
4155  20.0022 -8.48808
4156  20.5362 -9.05663
4157  21.0835 -9.61238
4158  21.6143 -10.1839
4159  22.1521 -10.7489
4160  22.6916 -11.3122
4161  23.2979 -11.8029
4162  24.0158 -12.1078
4163   24.627 -11.6232
4164  25.1952 -11.0888
4165  25.762 -10.553
4166   26.399 -10.1028
4167  27.1622 -9.94159
4168  27.7171 -10.4897
4169  28.2722 -11.0376
4170  28.8026 -11.6096
4171  29.3606 -12.1546
4172  29.8833 -12.7336
4173  30.4354 -13.2846
4174  30.9903 -13.8327
4175  31.5171 -14.4079
4176  32.0207 -15.0036
4177  32.5522 -15.5745
4178  33.0225 -16.1967
4179  32.8267 -16.9517
4180 32.2675 -16.408
4181  31.7536 -15.8212
4182 -10.3809  1.89128
4183 -9.80699  2.41953
4184 -9.21322  2.92534
4185 -8.64811  3.46297
4186 -8.04743  3.96054
4187 -7.46623  4.48075
4188 -6.8526 4.96226
4189 -6.23659  5.44073
4190 -5.45826  5.49174
4191 -4.82879  5.03112
4192 -4.33506  4.42728
4193 -3.83903  3.82532
4194 -3.37992  3.19476
4195 -2.83187  2.63974
4196 -2.31921  2.05188
4197 -1.7524 1.51603
4198 -1.22635 0.940125
4199 -0.661681  0.402025
4200 -0.157038  -0.19273
4201  0.380144 -0.758271
4202 0.848412 -1.38207
4203  1.40045 -1.93312
4204  1.92924 -2.50651
4205  2.48591 -3.05288
4206  3.01734 -3.62383
4207 3.58516 -4.1586
4208  4.08557 -4.75693
4209  4.61018 -5.33414
4210   5.0685 -5.96529
4211 5.58678 -6.5482
4212  6.10637 -7.12995
4213  6.67543 -7.66339
4214  7.27241 -8.16541
4215  7.99775 -7.87858
4216  8.54776 -7.32551
4217   9.0881 -6.76298
4218  9.66268 -6.23548
4219  10.1745 -5.64685
4220  10.7308 -5.10012
4221  11.2329 -4.50327
4222  11.7657 -3.93358
4223 12.2761 -3.3437
4224 12.8546 -2.8206
4225  13.6031 -2.60091
4226  14.2371 -3.05521
4227  14.8146 -3.57957
4228  15.3508 -4.14602
4229   15.925 -4.67389
4230  16.4906 -5.21106
4231  17.0853 -5.71575
4232  17.6607 -6.24232
4233  18.2283 -6.77739
4234  18.7377 -7.36801
4235 19.2763 -7.9322
4236  19.8103 -8.50081
4237  20.3715 -9.04247
4238  20.9012 -9.61504
4239  21.4434 -10.1757
4240   21.986 -10.7361
4241  22.5572 -11.2673
4242  23.1436 -11.7816
4243  23.8238 -12.1634
4244  24.5343 -11.8416
4245  25.1131 -11.3188
4246 25.6704 -10.773
4247  26.2328 -10.2326
4248  26.9493 -9.92424
4249  27.5852 -10.3759
4250  28.1535 -10.9101
4251  28.7453 -11.4183
4252  29.3246 -11.9405
4253  29.9187 -12.4459
4254  30.5002 -12.9658
4255  31.0873 -13.4794
4256  31.6525 -14.0169
4257  32.2147 -14.5576
4258  32.7486 -15.1262
4259  33.2879 -15.6897
4260  33.4891 -16.4433
4261 32.9496  -15.88
4262 32.3551 -15.375
4263   31.767 -14.8627
