0 0 0
1 -0.604284  0.493194
2 -1.21153  0.98274
3 -1.79973  1.49501
4 -2.39502  1.99903
5 -2.97711  2.51822
6 -3.58956  3.00124
7 -4.16826  3.52422
8 -4.7464 4.04781
9 -5.31845  4.57806
10 -5.94489  5.04279
11 -6.59841  4.61699
12 -7.2045 4.12602
13 -7.80208  3.62472
14 -8.3985 3.12204
15 -9.0061 2.63294
16 -9.62153  2.15373
17 -10.2236  1.65781
18 -10.8347  1.17315
19 -11.4189 0.656315
20 -12.0299 0.171441
21  -12.6191 -0.339733
22  -13.2128 -0.845548
23 -13.787 -1.3735
24 -14.3792 -1.88111
25  -14.965 -2.39613
26 -15.5473 -2.91507
27 -16.0897 -3.47561
28 -16.6661  -4.0012
29 -17.2579 -4.50924
30 -17.8543 -5.01191
31   -18.43 -5.53821
32  -19.04 -6.0243
33 -19.6428 -6.51931
34 -20.2344 -7.02769
35 -20.8064 -7.55797
36 -21.4021 -8.06152
37  -21.956 -8.61068
38 -22.5168 -9.15287
39 -23.0914  -9.6803
40  -23.645 -10.2298
41 -24.1927 -10.7851
42 -24.7457 -11.3352
43 -25.2122 -11.9604
44 -24.7496 -12.5883
45 -24.2595 -13.1951
46 -23.7621  -13.796
47 -23.2915  -14.418
48 -22.7901 -15.0155
49 -22.2469 -15.5753
50 -21.7196   -16.15
51 -21.1931 -16.7255
52 -20.6809 -17.3138
53 -20.1581 -17.8927
54 -19.6085 -18.4461
55 -19.0892 -19.0282
56 -18.5494 -19.5912
57  -18.047 -20.1878
58 -17.5317 -20.7734
59 -17.0156 -21.3583
60 -16.4953 -21.9394
61 -15.9805 -22.5254
62 -15.4065 -23.0535
63 -14.63 -22.98
64 -13.9769 -22.5536
65  -13.384 -22.0467
66 -12.8058 -21.5232
67 -12.2385 -20.9879
68 -11.6757 -20.4479
69 -11.1324 -19.8882
70 -10.5616 -19.3566
71 -9.98203 -18.8346
72 -9.42622 -18.2873
73 -8.87878 -17.7317
74 -8.30981 -17.1982
75 -7.73859  -16.667
76 -7.16637  -16.137
77 -6.58967 -15.6118
78 -6.01167  -15.088
79 -5.43197 -14.5662
80 -4.85157 -14.0451
81 -4.24341 -13.5567
82 -3.65088 -13.0494
83 -3.03083 -12.5762
84 -2.40697  -12.108
85 -1.79422 -11.6254
86 -1.20007   -11.12
87 -0.622435  -10.5959
88 -0.025226  -10.0941
89 0.557905 -9.57609
90  1.16299 -9.08388
91  1.78615 -8.61476
92  2.36582 -8.09286
93  2.96452 -7.59291
94  3.57575 -7.10834
95  4.21049 -6.65501
96   4.7059 -7.25748
97  5.19933 -7.86158
98  5.67053 -8.48316
99  6.17497 -9.07809
100  6.67244 -9.67886
101  7.21501 -10.2392
102   7.7311 -10.8241
103  8.27538 -11.3828
104  8.79461 -11.9649
105  9.30029 -12.5587
106  9.82831 -13.1328
107  10.3257 -13.7337
108 10.8225 -14.335
109  11.3236 -14.9328
110  11.8401 -15.5172
111  12.3559 -16.1023
112  12.8592 -16.6982
113  13.3597 -17.2965
114   13.862 -17.8932
115    14.38 -18.4764
116  14.8901 -19.0664
117  15.4055 -19.6519
118  15.9157 -20.2419
119  16.303 -20.919
120  16.0771 -21.6655
121 15.5025 -22.193
122  14.8976 -22.6855
123  14.3228 -23.2127
124  13.7616 -23.7544
125  13.1986 -24.2943
126 12.6224  -24.82
127  12.0454 -25.3449
128  11.4634 -25.8641
129  10.8699 -26.3703
130  10.2766 -26.8767
131   9.6945 -27.3958
132  9.11826 -27.9215
133  8.52946 -28.4331
134  7.9375 -28.941
135  7.34656 -29.4501
136  6.7751 -29.981
137   6.1962 -30.5037
138  5.61053 -31.0189
139  5.02761 -31.5372
140  4.44944 -32.0607
141  3.87255 -32.5857
142  3.30318 -33.1188
143 2.73766 -33.656
144 2.19263 -34.214
145  1.61956 -34.7432
146  1.03131 -35.2554
147 0.464704 -35.7914
148 -0.130666  -36.2954
149 -0.72435 -36.8013
150 -1.32138 -37.3032
151 -1.93288 -37.7874
152 -2.54824 -38.2667
153 -3.04299 -37.6637
154 -3.56015 -37.0798
155 -4.09166 -36.5089
156 -4.66287 -35.9778
157 -5.24288 -35.4563
158  -5.8196 -34.9311
159 -6.34501 -34.3546
160 -6.88376 -33.7906
161 -7.45028 -33.2544
162  -8.0185 -32.7201
163 -0.718966   1.27247
164 -1.28421  1.80996
165 -1.88223  2.31073
166 -2.46307  2.83133
167 -3.05006    3.345
168 -3.62358  3.87365
169 -4.18571   4.4144
170 -4.74936  4.95356
171 -5.30886  5.49702
172 -5.85905  6.04993
173 -6.50313  6.48989
174 -7.27267  6.36261
175 -7.85579  5.84456
176 -8.38804  5.27438
177 -8.93662  4.71989
178 -9.49547  4.17575
179 -10.0711  3.64942
180 -10.6465  3.12283
181 -11.2079  2.58129
182 -11.7534  2.02377
183 -12.2973  1.46467
184 -12.8409 0.905329
185 -13.4044 0.365992
186   -13.972 -0.169066
187 -14.5186 -0.72543
188  -15.071 -1.27615
189 -15.6231 -1.82713
190 -16.1529 -2.39956
191 -16.7062 -2.94942
192  -17.261 -3.49768
193 -17.7961 -4.06516
194  -18.329 -4.63476
195 -18.8647 -5.20172
196 -19.3937 -5.77487
197 -19.8958 -6.37183
198 -20.4222 -6.94737
199 -20.9574 -7.51478
200 -21.5281 -8.04652
201  -22.095 -8.58225
202 -22.6544 -9.12577
203 -23.2309 -9.65121
204 -23.8125 -10.1709
205 -24.3714 -10.7151
206 -24.9389 -11.2501
207 -25.2847 -11.9493
208 -25.2744 -12.7293
209 -24.8159 -13.3603
210 -24.2987 -13.9441
211 -23.7588 -14.5071
212 -23.2253 -15.0761
213 -22.6938  -15.647
214 -22.1579 -16.2137
215 -21.6176 -16.7763
216 -21.0912 -17.3519
217  -20.557 -17.9203
218 -20.0325 -18.4976
219 -19.4934 -19.0613
220 -18.9633 -19.6335
221 -18.4235 -20.1965
222 -17.8805 -20.7565
223  -17.341 -21.3198
224 -16.8148 -21.8956
225 -16.2727 -22.4564
226 -15.7305 -23.0171
227 -15.1665 -23.5559
228 -14.4304 -23.2979
229 -13.8574 -22.7687
230 -13.2986 -22.2244
231 -12.7469 -21.6731
232 -12.1946 -21.1223
233   -11.62 -20.5948
234 -11.0585 -20.0533
235 -10.5145 -19.4944
236 -9.93779 -18.9692
237 -9.37858 -18.4255
238 -8.80827 -17.8933
239 -8.23864 -17.3605
240 -7.65613 -16.8418
241 -7.07855 -16.3176
242 -6.52866 -15.7644
243 -5.97771 -15.2122
244 -5.42673 -14.6601
245 -4.85262 -14.1321
246  -4.2855 -13.5966
247 -3.68913 -13.0939
248 -3.12244 -12.5579
249 -2.53453 -12.0453
250 -1.96316 -11.5143
251  -1.3962 -10.9786
252 -0.825634  -10.4468
253 -0.209061  -9.96904
254 0.404389  -9.4873
255 1.01788 -9.0056
256  1.61709 -8.50626
257  2.22317 -8.01527
258  2.83806 -7.53536
259  3.45026 -7.05203
260  4.07321 -6.58264
261  4.81886 -6.35369
262  5.46714 -6.78742
263  5.93864 -7.40878
264  6.42704 -8.01695
265  6.88689 -8.64698
266  7.38416 -9.24792
267  7.86877 -9.85911
268  8.37803 -10.4499
269 8.86402  -11.06
270  9.35442 -11.6666
271  9.82415 -12.2893
272  10.2945 -12.9115
273   10.746 -13.5475
274  11.2499 -14.1429
275    11.74 -14.7497
276  12.2362 -15.3515
277  12.7264 -15.9582
278  13.2054 -16.5739
279  13.6647 -17.2042
280  14.1431 -17.8204
281   14.632 -18.4281
282 15.1157  -19.04
283  15.5813 -19.6658
284 16.0503 -20.289
285 16.4629 -20.951
286 16.4081 -21.729
287   15.824 -22.2459
288 15.2155 -22.734
289  14.5755 -23.1798
290  13.9608 -23.6599
291  13.3466 -24.1407
292 12.7028 -24.581
293  12.0595 -25.0222
294  11.4308 -25.4839
295  10.8182 -25.9666
296 10.2005 -26.443
297  9.57112 -26.9037
298   8.9602 -27.3886
299  8.39745 -27.9287
300 7.78204 -28.408
301  7.17778 -28.9012
302  6.55683 -29.3732
303  5.94034 -29.8511
304  5.33042 -30.3373
305  4.70301 -30.8007
306  4.07237 -31.2597
307  3.43844 -31.7142
308 2.81134 -32.178
309  2.16205 -32.6103
310  1.51839 -33.0508
311   0.8792 -33.4979
312 0.207647 -33.8946
313 -0.465799  -34.2882
314 -1.13219 -34.6935
315 -1.81039 -35.0788
316 -2.48252 -35.4746
317  -3.1692 -35.8446
318  -3.9044 -36.1051
319 -4.62587 -35.8086
320  -5.0418 -35.1488
321 -5.40742 -34.4598
322 -5.77265 -33.7706
323 -6.17816 -33.1043
324 -6.58582 -32.4393
325 -6.99471  -31.775
326 -7.37446 -31.0937
327 -7.74785 -30.4089
328 -8.13192   -29.73
329 -8.51674 -29.0516
330 -1.52363  0.48062
331 -2.12216 0.980784
332 -2.6832 1.52267
333 -3.24471  2.06406
334 -3.80704   2.6046
335 -4.35744  3.15728
336 -4.87017  3.74508
337 -5.39579  4.32138
338 -5.95345  4.86674
339 -6.4953 5.42781
340 -7.11268  5.90451
341 -7.87835  5.75567
342 -8.45313   5.2284
343 -9.01854  4.69108
344 -9.5955 4.16617
345 -10.1539  3.62153
346 -10.751 3.11974
347 -11.328 2.59488
348 -11.9109  2.07653
349 -12.4526  1.51538
350   -13.02 0.980087
351 -13.5834 0.440691
352  -14.1414 -0.104328
353  -14.7066 -0.641877
354 -15.2678 -1.18359
355 -15.8356  -1.7184
356 -16.4011 -2.25559
357 -16.9552 -2.80452
358 -17.4917 -3.37076
359 -18.0326  -3.9327
360 -18.5771 -4.49126
361 -19.1576 -5.01216
362 -19.7142 -5.55865
363 -20.2802 -6.09528
364 -20.8495  -6.6285
365  -21.428 -7.15175
366 -21.988 -7.6947
367 -22.5543 -8.23104
368 -23.1125 -8.77585
369 -23.6806 -9.31037
370 -24.2325 -9.86151
371 -24.8103 -10.3855
372 -25.3778 -10.9206
373 -25.9166 -11.4846
374 -25.4613  -12.118
375 -24.9386 -12.6969
376 -24.4121 -13.2724
377 -23.9381 -13.8919
378  -23.458 -14.5066
379 -22.9148 -15.0664
380 -22.3906  -15.644
381 -21.8549 -16.2109
382 -21.3223 -16.7808
383 -20.7879 -17.3489
384 -20.2516 -17.9153
385 -19.7272 -18.4927
386 -19.2112 -19.0776
387  -18.683 -19.6516
388 -18.1737 -20.2424
389 -17.6697 -20.8376
390 -17.1512 -21.4204
391 -16.6368 -22.0067
392 -16.1027 -22.5752
393   -15.35 -22.7798
394 -14.6714 -22.3951
395 -14.0372 -21.9411
396 -13.4071 -21.4813
397 -12.8175 -20.9706
398 -12.2035 -20.4896
399 -11.6244 -19.9671
400 -11.0341 -19.4572
401 -10.4171 -18.9801
402 -9.77986 -18.5302
403 -9.17332 -18.0398
404 -8.55378 -17.5659
405 -7.92098 -17.1099
406 -7.29983 -16.6381
407  -6.6825 -16.1614
408 -6.07968 -15.6664
409 -5.47705 -15.1712
410 -4.89117 -14.6562
411 -4.30457 -14.1421
412 -3.72728 -13.6176
413 -3.13799 -13.1066
414 -2.54645 -12.5982
415 -1.94664 -12.0996
416 -1.35408 -11.5923
417 -0.742911  -11.1077
418 -0.12906 -10.6265
419 0.499902 -10.1652
420  1.10529 -9.67332
421  1.69952 -9.16805
422 2.28886 -8.6571
423  2.89352 -8.16436
424  3.47993 -7.65005
425 4.10187 -7.1793
426  4.87493 -7.07552
427  5.38488 -7.66573
428  5.89141 -8.25888
429  6.42004 -8.83243
430  6.88796 -9.45648
431  7.43805 -10.0095
432  7.94909 -10.5987
433  8.47535 -11.1745
434  9.03911 -11.7135
435  9.56945 -12.2855
436  10.1027 -12.8547
437 10.6262 -13.433
438  11.1397 -14.0201
439  11.6401 -14.6184
440   12.163 -15.1972
441  12.7014 -15.7616
442  13.2222 -16.3422
443 13.7418 -16.924
444 14.2677   -17.5
445  14.7674 -18.0989
446   15.292 -18.6761
447 15.7821 -19.283
448  16.2891 -19.8757
449  16.7929 -20.4712
450  17.0669 -21.2015
451  16.8497 -21.9506
452  16.3767 -22.5708
453  15.8252 -23.1224
454  15.2194 -23.6137
455  14.5976 -24.0847
456  13.9821 -24.5638
457  13.3871 -25.0681
458  12.7886 -25.5684
459  12.2261 -26.1087
460  11.6409 -26.6244
461 11.0336 -27.114
462   10.482 -27.6654
463  9.90449 -28.1897
464   9.3286 -28.7158
465 8.74922 -29.238
466  8.16315 -29.7527
467  7.59276 -30.2847
468  7.02938 -30.8242
469 6.43224 -31.326
470  5.85743 -31.8532
471  5.30793 -32.4068
472  4.75087 -32.9528
473  4.16678 -33.4697
474 3.58117 -33.985
475   3.0178 -34.5244
476  2.43648 -35.0445
477  1.85894 -35.5688
478  1.27617 -36.0872
479 0.662897 -36.5692
480 0.0580256  -37.0616
481 -0.546428  -37.5546
482 -1.14714 -38.0522
483 -1.76681 -38.5259
484 -2.44856 -38.9049
485  -3.2112 -38.7412
486 -3.71701 -38.1474
487 -4.20934 -37.5424
488 -4.71337 -36.9472
489 -5.22769 -36.3608
490 -5.78824 -35.8184
491 -6.29914  -35.229
492 -6.81978 -34.6482
493 -7.31113 -34.0424
494 -7.82639 -33.4568
495 -8.33881 -32.8687
496 10.9499  -14.53
497  11.5379 -15.0425
498  12.0955 -15.5879
499  12.6655 -16.1203
500  13.2226 -16.6663
501  13.8106 -17.1788
502  14.3557 -17.7368
503  14.9195 -18.2757
504  15.4788 -18.8194
505  16.0525 -19.3479
506  16.5752 -19.9268
507  17.0887 -20.5139
508  17.2088 -21.2846
509 16.7678 -21.928
510 16.1928 -22.455
511  15.6243 -22.9891
512    15.03 -23.4943
513  14.4656 -24.0326
514  13.8748 -24.5419
515  13.3152 -25.0853
516  12.7252 -25.5955
517  12.1682 -26.1415
518  11.5799 -26.6536
519  11.0285 -27.2053
520  10.4488 -27.7272
521  9.89494 -28.2764
522 9.31769 -28.801
523  8.76316 -29.3495
524   8.1878 -29.8762
525  7.62987 -30.4213
526  7.05245 -30.9456
527  6.50241 -31.4987
528 5.92312 -32.021
529  5.35304 -32.5534
530  4.76486 -33.0657
531  4.19136 -33.5943
532 3.62343 -34.129
533   3.0782 -34.6868
534  2.51197 -35.2232
535  1.97764 -35.7915
536  1.39154 -36.3061
537 0.829634 -36.8471
538 0.227346 -37.3428
539 -0.34128 -37.8767
540 -0.929847  -38.3885
541 -1.52288 -38.8952
542 -2.22635 -39.2321
543 -2.92155 -38.8785
544  -3.4105 -38.2707
545  -3.9161 -37.6768
546 -4.38109 -37.0505
547 -4.89916 -36.4674
548 -5.39182 -35.8627
549 -5.91906 -35.2879
550  -6.4144 -34.6854
551 -6.92848 -34.0988
552 -7.42332 -33.4958
553 -7.95564 -32.9257
554 -8.46284 -32.3331
555 -8.99585 -31.7637
556 -9.48043 -31.1524
557 -10.0304 -30.5993
558 -10.5474 -30.0153
559 -11.0644 -29.4312
560 -11.5592 -28.8283
561 -12.0944 -28.2608
562  -12.638 -27.7014
563 -13.1981 -27.1586
564 -13.7414 -26.5989
565 -14.2877 -26.0422
566   -14.83 -25.4816
567 -15.3278 -24.8811
568 -15.7993 -24.2598
569 -15.701 -23.486
570 -15.1823 -22.9034
571 -14.6274 -22.3553
572 -14.0337 -21.8495
573 -13.4446 -21.3382
574 -12.8186 -20.8729
575 -12.2281 -20.3633
576 -11.6241 -19.8697
577 -11.0531 -19.3384
578 -10.4773 -18.8122
579 -9.91546 -18.2711
580 -9.32403 -17.7626
581 -8.72885 -17.2584
582  -8.1205 -16.7703
583 -7.50854 -16.2866
584 -6.89249 -15.8082
585 -6.31806 -15.2805
586 -5.71409  -14.787
587 -5.13445  -14.265
588 -4.52089 -13.7834
589 -3.93482 -13.2687
590  -3.3246 -12.7829
591 -2.73549 -12.2717
592 -2.10195 -11.8167
593 -1.4892 -11.334
594 -0.855136  -10.8797
595 -0.263393  -10.3716
596  0.35461 -9.89568
597 0.941841  -9.3823
598  1.56405 -8.91192
599  2.16923 -8.41982
600  2.79234 -7.95064
601  3.37743 -7.43482
602  3.93045 -6.88476
603  4.32369 -6.21114
604  4.09029 -5.46688
605 3.60328 -4.8576
606 3.13729 -4.2321
607  2.63077 -3.63894
608  2.16578 -3.01269
609 1.66296 -2.4164
610 1.19283  -1.794
611  0.70555 -1.18494
612  0.223487 -0.571736
613 -0.278119  0.025583
614 -0.754853  0.642938
615 -1.27215  1.22672
616 -1.76953  1.82757
617 -2.26492  2.43005
618 -2.76134  3.03169
619 -3.2521 3.63795
620 -3.74108  4.24565
621 -4.24825  4.83825
622 -4.74094  5.44295
623 -5.26748  6.01841
624 -5.95383  6.38898
625 -6.68242   6.1105
626 -7.32763  5.67221
627 -7.94547  5.19609
628 -8.58309  4.74684
629 -9.17962  4.24429
630 -9.80501  3.77815
631 -10.4085  3.28402
632 -11.0435  2.83107
633 -11.6599  2.35306
634 -12.304 1.91314
635 -12.9347  1.45419
636 -13.5784  1.01375
637 -14.2012 0.544128
638  -14.8367 0.0918619
639  -15.4598 -0.377312
640 -16.1031 -0.81842
641 -16.7373 -1.27254
642 -17.3726 -1.72511
643  -17.971 -2.22545
644 -18.5978 -2.68958
645 -19.2024  -3.1825
646 -19.842 -3.6289
647 -20.4704 -4.09101
648 -21.1124 -4.53396
649 -21.7485  -4.9853
650  -22.388 -5.43197
651 -23.0102 -5.90231
652 -23.6537  -6.3432
653 -24.2813 -6.80635
654  -24.944 -7.21763
655 -25.5742 -7.67729
656 -26.2009  -8.1417
657 -26.8342 -8.59704
658 -27.4352 -9.09421
659  -27.894 -9.72501
660 -27.6917 -10.4783
661 -27.2713 -11.1353
662 -26.8613 -11.7989
663 -26.4047 -12.4313
664 -25.9771 -13.0836
665 -25.5234 -13.7181
666  12.3022 -13.8743
667  12.8142 -14.4627
668  13.2766 -15.0908
669 13.7535 -15.708
670  14.2254 -16.3291
671  14.7272 -16.9263
672  15.2233 -17.5282
673  15.7087 -18.1388
674  16.1474 -18.7837
675   16.638 -19.3901
676   17.089 -20.0265
677  17.5754 -20.6362
678  18.0003 -21.2903
679   17.991 -22.0703
680  17.4606 -22.6422
681   16.863 -23.1435
682   16.219 -23.5834
683  15.6058 -24.0655
684  14.9833 -24.5356
685  14.3987 -25.0519
686  13.8043 -25.5569
687  13.2308 -26.0857
688   12.638 -26.5925
689  12.0651 -27.1219
690  11.4662 -27.6216
691  10.8998 -28.1579
692  10.3265 -28.6867
693  9.77797 -29.2413
694  9.18821 -29.7518
695  8.60765 -30.2727
696  8.00858 -30.7722
697 7.42436 -31.289
698  6.81483 -31.7757
699  6.21746 -32.2773
700  5.60709 -32.7629
701  5.03947 -33.2979
702  4.46937 -33.8302
703  3.88465 -34.3465
704  3.2823 -34.842
705  2.71442 -35.3767
706  2.12546 -35.8881
707  1.55816 -36.4235
708 0.972689 -36.9388
709 0.409272 -37.4783
710 -0.183241  -37.9855
711 -0.75992 -38.5107
712 -1.34914 -39.0218
713 -2.04916 -39.3659
714 -2.72335 -38.9736
715 -3.26164 -38.4091
716  -3.7612 -37.8101
717 -4.28589 -37.2329
718 -4.78076   -36.63
719 -5.27056  -36.023
720 -5.75647 -35.4128
721 -6.26526 -34.8216
722 -6.74715 -34.2083
723 -7.24177 -33.6052
724 -7.71697 -32.9866
725 -8.23955 -32.4076
726 -8.73774 -31.8074
727 -9.25925 -31.2274
728 -9.78823 -30.6542
729 -10.3227 -30.0861
730 -10.8366 -29.4993
731 -11.3692 -28.9295
732 -11.8927 -28.3512
733 -12.4381 -27.7935
734 -12.9502 -27.2052
735  -13.473 -26.6264
736 -13.9879 -26.0405
737  -14.518 -25.4683
738 -15.0363 -24.8854
739 -15.5379 -24.2881
740 -15.7171 -23.5289
741 -15.2258 -22.9232
742 -14.6373 -22.4113
743 -14.0456  -21.903
744 -13.4528 -21.3961
745 -12.8905 -20.8555
746 -12.2822 -20.3672
747 -11.6905  -19.859
748 -11.0692 -19.3874
749  -10.49 -18.865
750 -9.87654 -18.3833
751 -9.28547 -17.8743
752 -8.67205 -17.3925
753  -8.0884 -16.8751
754 -7.48022 -16.3867
755 -6.88955 -15.8773
756 -6.28687 -15.3821
757 -5.71656   -14.85
758 -5.12219 -14.3449
759 -4.53769 -13.8284
760 -3.93454 -13.3339
761   -3.359 -12.8074
762 -2.75581 -12.3129
763 -2.17389 -11.7935
764 -1.56822  -11.302
765 -0.973739   -10.797
766 -0.368164  -10.3054
767 0.231049 -9.80606
768 0.849867 -9.33123
769 1.46372   -8.85
770  2.07733 -8.36846
771  2.65147 -7.84047
772  3.22393 -7.31068
773  3.75357 -6.73807
774  4.06308 -6.02211
775  3.75215 -5.30676
776  3.31964 -4.65766
777  2.82101 -4.05785
778  2.35573 -3.43182
779  1.85501 -2.83376
780  1.38265 -2.21305
781 0.862036 -1.63222
782 0.375823 -1.02231
783 -0.140346 -0.437525
784 -0.637468  0.163531
785 -1.15652 0.745752
786 -1.66278  1.33914
787 -2.1845 1.91897
788 -2.71161  2.49391
789 -3.24402  3.06394
790 -3.75708  3.65146
791 -4.25754  4.24974
792 -4.72971  4.87059
793 -5.24002  5.46049
794 -5.77988  6.02347
795 -6.49953  6.32432
796 -7.22141  6.02886
797 -7.84219  5.55661
798 -8.47011  5.09388
799 -9.06565  4.59016
800 -9.66723  4.09367
801 -10.2664  3.59429
802 -10.8808  3.11379
803 -11.4996  2.63891
804 -12.1197  2.16574
805 -12.708 1.65355
806 -13.3085  1.15577
807 -13.9052 0.653481
808 -14.5406 0.201082
809  -15.1637 -0.268228
810  -15.7951 -0.726065
811 -16.4065 -1.21043
812 -17.0319 -1.67657
813 -17.6331 -2.17353
814 -18.2537 -2.64602
815 -18.8718 -3.12184
816 -19.4755 -3.61571
817 -20.0788 -4.11011
818 -20.7029 -4.57804
819 -21.3125 -5.06461
820 -21.9464 -5.51917
821 -22.5638 -5.99574
822 -23.1834 -6.46952
823 -23.8026 -6.94391
824 -24.4226 -7.41726
825 -25.0313  -7.9049
826 -25.6561 -8.37191
827 -26.2594 -8.86627
828 -26.8547 -9.37028
829 -27.3481 -9.97442
830 -27.3123 -10.7536
831 -26.8529 -11.3839
832 -26.3897 -12.0115
833 -25.8976 -12.6167
834 -25.4113 -13.2265
835 -24.8838 -13.8012
836  15.2922 -16.0236
837  15.7489 -16.6559
838  16.1721 -17.3111
839  16.5917 -17.9687
840  16.9666 -18.6526
841  17.3814 -19.3132
842  17.7759 -19.9861
843  18.1888 -20.6478
844  18.5715 -21.3275
845  18.9794 -21.9923
846  19.3677 -22.6688
847 19.5136 -23.435
848  19.0012 -24.0231
849  18.3956 -24.5147
850 17.7437 -24.943
851  17.1202 -25.4116
852  16.4851 -25.8645
853   15.872 -26.3466
854  15.2399 -26.8037
855  14.6129 -27.2677
856  13.9662 -27.7038
857  13.3384 -28.1666
858  12.6971 -28.6107
859  12.0679 -29.0716
860  11.4392 -29.5332
861 10.8265 -30.016
862  10.1971 -30.4767
863  9.60054 -30.9792
864  8.98313 -31.4559
865  8.37546 -31.9449
866  7.75176 -32.4133
867 7.12311 -32.875
868  6.48914 -33.3294
869  5.88705 -33.8253
870  5.24861 -34.2734
871  4.63574 -34.7559
872  4.01464 -35.2277
873  3.40954 -35.7199
874  2.77586 -36.1747
875  2.14919 -36.6391
876  1.51364 -37.0913
877 0.895858 -37.5675
878 0.282782 -38.0497
879 -0.313132   -38.553
880 -0.917835  -39.0457
881 -1.54525 -39.5091
882 -2.32462 -39.5404
883 -2.85712 -38.9705
884 -3.33211 -38.3518
885 -3.83576 -37.7562
886 -4.33948 -37.1606
887 -4.85212 -36.5728
888  -5.3503 -35.9726
889 -5.86683 -35.3881
890 -6.37252 -34.7942
891 -6.89563 -34.2157
892 -7.37256 -33.5985
893 -7.89425 -33.0186
894  -8.3997 -32.4245
895 -8.91667 -31.8405
896  -9.4192 -31.2439
897 -9.90783 -30.6359
898  -10.401 -30.0316
899 -10.9207   -29.45
900 -11.4272 -28.8568
901 -11.9676 -28.2944
902  -12.476 -27.7029
903 -13.0043 -27.1289
904 -13.4778 -26.5091
905 -13.9985 -25.9283
906 -14.5174  -25.346
907 -15.0473 -24.7737
908 -15.4611 -24.1125
909 -15.0722 -23.4363
910 -14.5119 -22.8937
911 -13.9619 -22.3406
912 -13.3815 -21.8195
913 -12.8354 -21.2626
914 -12.2806 -20.7144
915 -11.7308  -20.161
916 -11.1628 -19.6264
917 -10.6118 -19.0744
918 -10.0687 -18.5145
919 -9.51577 -17.9644
920 -8.93808 -17.4403
921 -8.36631 -16.9097
922 -7.79609 -16.3775
923 -7.2415 -15.829
924 -6.64476 -15.3267
925 -6.07661 -14.7923
926 -5.47302 -14.2983
927 -4.8822 -13.789
928 -4.28904 -13.2825
929 -3.70585 -12.7645
930 -3.08694 -12.2898
931 -2.50266 -11.7731
932 -1.90398 -11.2731
933 -1.32117 -10.7547
934 -0.70085 -10.2818
935 -0.107265  -9.77582
936 0.494885 -9.28003
937   1.0928 -8.77913
938  1.71702 -8.31142
939  2.31186 -7.80687
940  2.92441 -7.32399
941  3.50104 -6.79873
942  4.02899 -6.22456
943  4.29168 -5.49013
944  3.95447 -4.78679
945  3.42283 -4.21603
946  2.91738 -3.62196
947  2.37098 -3.06532
948  1.84824 -2.48641
949  1.30316 -1.92847
950 0.786456 -1.34417
951 0.245027 -0.78269
952 -0.275247 -0.201559
953 -0.801724  0.373963
954  -1.3018 0.972564
955 -1.81944  1.55604
956 -2.30231  2.16861
957 -2.81018  2.76061
958 -3.30698  3.36194
959 -3.81821  3.95104
960 -4.31178  4.55502
961 -4.83469  5.13378
962 -5.34184   5.7264
963 -5.86725  6.30289
964 -6.51988  6.73005
965 -7.26599   6.5026
966 -7.9313 6.09546
967 -8.55844  5.63168
968 -9.19111  5.17548
969 -9.80065  4.68878
970 -10.4284  4.22582
971 -11.0322  3.73205
972 -11.6344  3.23627
973 -12.2317  2.73471
974 -12.8565  2.26773
975 -13.4561  1.76881
976 -14.0762  1.29573
977 -14.6582 0.776424
978 -15.2809 0.306626
979   -15.895 -0.174187
980  -16.5346 -0.620711
981 -17.1447 -1.10663
982  -17.782 -1.55647
983 -18.4022 -2.02947
984 -19.0468 -2.46865
985 -19.6744 -2.93181
986 -20.3239 -3.36364
987 -20.9548 -3.82234
988 -21.5845 -4.28258
989 -22.2076 -4.75178
990 -22.8427 -5.20463
991 -23.4716 -5.66604
992 -24.1271 -6.08887
993 -24.7622 -6.54166
994  -25.384 -7.01255
995 -25.9911 -7.50225
996 -26.6179 -7.96651
997 -27.2138 -8.46978
998 -27.7747 -9.01187
999 -28.2084 -9.66019
1000 -28.0612 -10.4262
1001 -27.6055 -11.0592
1002 -27.1458 -11.6893
1003 -26.6713 -12.3084
1004 -26.2129 -12.9395
1005 -25.7233 -13.5467
1006 -11.3673 -29.2701
1007 -11.8618 -28.6669
1008 -12.3326  -28.045
1009  -12.835 -27.4483
1010 -13.3086 -26.8286
1011 -13.8224 -26.2417
1012 -14.2858 -25.6143
1013 -14.7835 -25.0137
1014 -15.2964  -24.426
1015 -15.7633 -23.8012
1016  -15.621 -23.0343
1017 -15.0754 -22.4769
1018 -14.4486 -22.0127
1019 -13.8648 -21.4954
1020 -13.2456  -21.021
1021 -12.6478   -20.52
1022 -12.0331 -20.0398
1023 -11.4477 -19.5244
1024 -10.8242 -19.0557
1025 -10.2605 -18.5166
1026 -9.67862 -17.9972
1027 -9.09888 -17.4753
1028 -8.50096 -16.9745
1029 -7.94916 -16.4232
1030  -7.3374 -15.9393
1031 -6.76009 -15.4148
1032 -6.15755 -14.9195
1033 -5.59935 -14.3746
1034 -4.98218 -13.8977
1035 -4.41245 -13.3649
1036 -3.80661 -12.8737
1037 -3.23615 -12.3417
1038 -2.62709 -11.8544
1039 -2.03983 -11.3411
1040  -1.4323 -10.8519
1041 -0.848391  -10.3347
1042 -0.229758  -9.85965
1043 0.357223 -9.34598
1044 0.993555 -8.89489
1045 1.59173 -8.3943
1046 2.23795 -7.9575
1047  2.83377 -7.45411
1048  3.45865 -6.98729
1049  4.03521 -6.46195
1050  4.70312 -6.05909
1051  5.40892 -6.39112
1052  5.89694 -6.99959
1053  6.39637 -7.59872
1054  6.90788 -8.18759
1055  7.49692 -8.69889
1056  8.24974 -8.49478
1057  8.81682 -7.95922
1058 9.41538 -7.4591
1059  9.96733 -6.90796
1060    10.55 -6.38944
1061  11.1357 -5.87426
1062 11.7235 -5.3616
1063  12.3049 -4.84158
1064  12.8851 -4.32025
1065  13.3761 -3.71418
1066  13.7324 -3.02034
1067  13.3755 -2.32681
1068  12.9035 -1.70583
1069  12.3796 -1.12793
1070   11.9012 -0.511895
1071   11.386 0.073731
1072  10.8987 0.682773
1073  10.396 1.27922
1074 9.91773 1.89535
1075 9.39944 2.47826
1076 8.84305 3.02491
1077 8.09003 3.22827
1078 7.44387 2.79137
1079 6.87582 2.25684
1080  6.2978 1.73311
1081 5.71657 1.21295
1082  5.10906 0.723734
1083  4.50323 0.232433
1084   3.90726 -0.270774
1085   3.26534 -0.713864
1086    3.9601 -0.359322
1087   4.63003 0.0401675
1088  5.30633 0.428782
1089  5.94077 0.882527
1090 -11.3896 -29.2595
1091 -11.8492 -28.6293
1092 -12.3375 -28.0211
1093 -12.8402 -27.4246
1094  -13.324 -26.8128
1095 -13.8312 -26.2202
1096 -14.2874 -25.5876
1097 -14.8111 -25.0095
1098 -15.2998 -24.4016
1099  -15.734 -23.7536
1100 -15.5128 -23.0056
1101 -15.0066 -22.4122
1102 -14.3909 -21.9334
1103 -13.7844 -21.4429
1104 -13.1672  -20.966
1105 -12.5735   -20.46
1106 -11.9622 -19.9757
1107 -11.3694 -19.4687
1108  -10.742 -19.0053
1109 -10.1668 -18.4784
1110   -9.574 -17.9715
1111 -9.01699 -17.4255
1112 -8.43735 -16.9035
1113 -7.88265 -16.3552
1114 -7.29131 -15.8465
1115 -6.72445 -15.3107
1116 -6.12217 -14.8151
1117 -5.55231 -14.2825
1118  -4.9465 -13.7912
1119 -4.36942 -13.2664
1120 -3.76649 -12.7716
1121 -3.18453 -12.2522
1122 -2.59193  -11.745
1123 -2.01526 -11.2198
1124 -1.40441 -10.7348
1125 -0.82571 -10.2118
1126 -0.220426  -9.71985
1127 0.364234 -9.20354
1128 0.980927 -8.72595
1129  1.56359 -8.20739
1130  2.17254 -7.71997
1131 2.75573  -7.202
1132  3.35091 -6.69787
1133  3.93642 -6.18252
1134  4.69685 -6.00887
1135   5.3261 -6.46978
1136   5.8001 -7.08923
1137  6.29618 -7.69116
1138  6.78885 -8.29586
1139  7.46233 -8.68935
1140   8.1414 -8.30561
1141  8.72709 -7.79047
1142  9.31885 -7.28232
1143 9.88672 -6.7476
1144  10.4764 -6.23701
1145  11.0324 -5.68997
1146  11.6323 -5.19142
1147  12.2158 -4.67383
1148  12.8123 -4.17122
1149  13.3599 -3.61579
1150  13.7137 -2.92064
1151  13.3893 -2.21126
1152  12.9323 -1.57921
1153   12.4141 -0.996237
1154   11.9471 -0.371461
1155  11.4658 0.242352
1156  10.9935 0.863113
1157 10.4891 1.45801
1158 10.0013 2.06668
1159 9.47164 2.63929
1160 8.89503 3.16457
1161 8.12578 3.29365
1162 7.49258 2.83817
1163 6.91604 2.31282
1164 6.34145 1.78533
1165 5.77538  1.2487
1166 5.17886 0.74615
1167  4.59331 0.230852
1168   3.99546 -0.270121
1169    3.3632 -0.726897
1170  3.13454 -1.47263
1171  3.89777 -1.31175
1172   4.56922 -0.914823
1173   5.19049 -0.443204
1174   5.81325 0.0264484
1175  6.40112 0.539097
1176 -11.6362 -29.4713
1177 -12.1499 -28.8843
1178 -12.5743 -28.2299
1179 -13.0336 -27.5994
1180 -13.4844 -26.9629
1181 -13.9822 -26.3624
1182  -14.453 -25.7405
1183 -14.9567 -25.1449
1184 -15.4426 -24.5348
1185 -15.9253 -23.9221
1186 -15.6254 -23.2021
1187 -15.0531 -22.6721
1188 -14.4179 -22.2195
1189 -13.8197 -21.7189
1190 -13.1979 -21.2479
1191 -12.6044 -20.7419
1192 -12.0095 -20.2374
1193 -11.4371 -19.7075
1194 -10.8522 -19.1915
1195 -10.2703  -18.672
1196  -9.6644 -18.1809
1197 -9.09483 -17.6479
1198 -8.49345 -17.1512
1199  -7.9189 -16.6237
1200 -7.32108 -16.1227
1201 -6.77316 -15.5675
1202 -6.19173 -15.0476
1203 -5.59904 -14.5405
1204 -4.98663 -14.0575
1205 -4.39547 -13.5486
1206 -3.80978 -13.0335
1207   -3.221 -12.5219
1208 -2.59952 -12.0505
1209  -1.9954 -11.5571
1210 -1.37741 -11.0812
1211 -0.785263  -10.5735
1212 -0.166997   -10.098
1213 0.426674 -9.59204
1214  1.04729 -9.11956
1215  1.62442 -8.59485
1216  2.21666 -8.08725
1217  2.79694 -7.56603
1218  3.39134 -7.06097
1219  3.95612 -6.52299
1220  4.64199 -6.15152
1221  5.33975 -6.50012
1222  5.81817 -7.11617
1223  6.33007 -7.70469
1224  6.83931 -8.29552
1225  7.44333 -8.78904
1226  8.22315 -8.80598
1227  8.80168 -8.28281
1228  9.36096 -7.73912
1229  9.88793 -7.16405
1230  10.4319 -6.60508
1231  10.9702 -6.04058
1232  11.5432 -5.51133
1233  12.0888 -4.95391
1234  12.6629 -4.42594
1235  13.1905 -3.85145
1236  13.7233 -3.28176
1237  13.8975 -2.52146
1238  13.4492 -1.88314
1239  12.8815 -1.34824
1240   12.3723 -0.757381
1241   11.8741 -0.157234
1242  11.3779 0.444542
1243 10.8675  1.0344
1244 10.3678 1.63327
1245 9.85734 2.22308
1246 9.33058 2.79834
1247 8.71587 3.27848
1248 7.96608  3.0635
1249 7.38107 2.54759
1250 6.80462 2.02213
1251 6.21651 1.50977
1252  5.6118 1.01709
1253  5.00293 0.529569
1254   4.39491 0.0409849
1255    3.7983 -0.461465
1256   3.21465 -0.978907
1257   2.52003 -0.624062
1258      2.9973 -0.00712504
1259  3.56994 0.522489
1260 4.13579 1.05934
1261 4.67816 1.61991
1262 -11.2389 -30.0533
1263  -11.712 -29.4332
1264 -12.2136 -28.8358
1265 -12.7489 -28.2685
1266 -13.2018 -27.6334
1267 -13.7001 -27.0334
1268 -14.1428 -26.3912
1269 -14.6659 -25.8126
1270 -15.1777  -25.224
1271 -15.7334 -24.6767
1272 -15.9032 -23.9153
1273 -15.3934  -23.325
1274  -14.798 -22.8211
1275 -14.2117 -22.3067
1276 -13.6081 -21.8126
1277 -13.0373 -21.2811
1278 -12.4265 -20.7959
1279 -11.8427 -20.2786
1280 -11.2377 -19.7863
1281  -10.652 -19.2712
1282 -10.0262 -18.8056
1283 -9.44481 -18.2856
1284 -8.82373 -17.8138
1285 -8.21681 -17.3238
1286 -7.57832 -16.8758
1287 -7.01445 -16.3369
1288 -6.39494 -15.8629
1289 -5.81011 -15.3468
1290 -5.18645 -14.8784
1291 -4.59277 -14.3725
1292  -3.9751 -13.8961
1293 -3.44444 -13.3245
1294 -2.81761 -12.8603
1295 -2.21803 -12.3614
1296 -1.59992 -11.8856
1297 -1.06629 -11.3167
1298 -0.464765  -10.8202
1299  0.12627 -10.3112
1300 0.725274 -9.81157
1301 1.28282 -9.2661
1302  1.86183 -8.74346
1303  2.38942 -8.16897
1304  2.95873 -7.63577
1305  3.47472 -7.05084
1306   4.0483 -6.52226
1307  4.70311 -6.09843
1308  5.44243 -6.34704
1309   5.9669 -6.92439
1310  6.45342 -7.53406
1311   6.9764 -8.11276
1312  7.55701 -8.63361
1313  8.33564 -8.58742
1314  8.95582 -8.11437
1315  9.51309 -7.56861
1316  10.1187 -7.07702
1317  10.6838 -6.53938
1318  11.2858 -6.04345
1319  11.8428 -5.49735
1320  12.4214 -4.97431
1321   12.969 -4.41886
1322  13.5385 -3.88583
1323  14.0543 -3.30072
1324  14.2806 -2.55428
1325  13.7774 -1.95828
1326    13.25 -1.38363
1327   12.7044 -0.826203
1328   12.1838 -0.245331
1329  11.6191 0.292691
1330  11.1149 0.887824
1331 10.5539 1.42977
1332  10.046 2.02173
1333   9.485 2.56367
1334 8.94865 3.12999
1335 8.37738 3.66108
1336  7.8592 4.24407
1337 7.30866 4.79662
1338 6.76902 5.35981
1339 6.22345 5.91727
1340 5.55315 6.31614
1341 4.89495 5.89759
1342 4.33279 5.35688
1343 3.81921 4.76982
1344 3.26272 4.22327
1345 2.74963 3.63579
1346 2.26314 3.02609
1347 2.68063 3.68496
1348 3.22325 4.24528
1349 3.71341 4.85203
1350 -11.5338 -29.2094
1351 -11.9781 -28.5683
1352  -12.468 -27.9614
1353 -12.9725 -27.3665
1354 -13.4409 -26.7428
1355 -13.9568 -26.1577
1356 -14.4218 -25.5315
1357 -14.9301 -24.9399
1358 -15.4071 -24.3227
1359 -15.8687  -23.694
1360 -15.7302 -22.9263
1361 -15.1794 -22.3741
1362 -14.5611 -21.8986
1363  -13.956 -21.4064
1364 -13.3279 -20.9439
1365 -12.7233 -20.4511
1366 -12.0928 -19.9918
1367 -11.4708 -19.5213
1368 -10.8459 -19.0544
1369 -10.2238 -18.5839
1370 -9.57844 -18.1458
1371 -8.96994 -17.6578
1372 -8.34188 -17.1953
1373 -7.75965 -16.6762
1374 -7.12997 -16.2159
1375  -6.5234 -15.7255
1376 -5.89057 -15.2695
1377 -5.30202 -14.7577
1378 -4.68773  -14.277
1379 -4.12008 -13.7421
1380 -3.51894  -13.245
1381 -2.95338 -12.7079
1382 -2.35028 -12.2132
1383 -1.76025 -11.7031
1384 -1.14576 -11.2226
1385 -0.583587  -10.6819
1386 0.0202517  -10.1882
1387 0.609203  -9.6768
1388  1.21166 -9.18137
1389  1.78953 -8.65748
1390  2.40711 -8.18103
1391  2.99156 -7.66449
1392  3.58129 -7.15398
1393  4.14427 -6.61412
1394  4.77018 -6.14868
1395  5.45882 -6.51499
1396  5.93105 -7.13579
1397  6.47013 -7.69952
1398  6.99363 -8.27775
1399 7.55844 -8.8157
1400  8.33726 -8.85852
1401  8.88159 -8.29985
1402  9.43651 -7.75171
1403  9.98605 -7.19816
1404  10.5593 -6.66921
1405  11.1287 -6.13614
1406  11.6911 -5.59563
1407  12.2281 -5.02991
1408  12.7755 -4.47426
1409  13.2871 -3.88554
1410  13.7237 -3.23916
1411 13.7006 -2.4595
1412  13.1796 -1.87898
1413  12.5962 -1.36129
1414   12.0484 -0.806058
1415   11.4744 -0.277854
1416  10.8935 0.242642
1417  10.2873 0.733544
1418 9.72328 1.27228
1419 9.14513 1.79587
1420 8.60988 2.36324
1421 8.05003 2.90634
1422 7.51622 3.47508
1423 6.96707   4.029
1424 6.44371 4.60736
1425 5.87945 5.14588
1426 5.29601 5.66356
1427 4.53205 5.82096
1428 3.9198 5.3377
1429 3.40949 4.74779
1430  2.8815 4.17366
1431 2.36252 3.59138
1432 1.85459 2.99942
1433 1.37219 2.38648
1434 0.861784  1.79667
1435 0.116605  1.56621
1436 0.640676  2.14392
1437 1.23398 2.65028
1438 1.78604  3.2013
1439 -11.1351 -28.9939
1440 -11.6229 -28.3853
1441 -12.1087  -27.775
1442 -12.5829 -27.1557
1443 -13.0877 -26.5611
1444 -13.5895  -25.964
1445 -14.1121 -25.3849
1446 -14.6224  -24.795
1447 -15.1401 -24.2115
1448  -15.538 -23.5407
1449 -15.114 -22.886
1450 -14.5132 -22.3886
1451 -13.9339 -21.8663
1452 -13.3154 -21.3911
1453 -12.7345 -20.8706
1454 -12.1167 -20.3944
1455 -11.5199 -19.8922
1456 -10.8854 -19.4384
1457 -10.2762 -18.9513
1458 -9.64411 -18.4943
1459 -9.06507 -17.9717
1460 -8.45378 -17.4873
1461 -7.87417 -16.9653
1462 -7.27703 -16.4635
1463 -6.70602 -15.9321
1464 -6.09969 -15.4414
1465 -5.54259 -14.8955
1466 -4.93954 -14.4008
1467 -4.3643 -13.874
1468 -3.75703 -13.3845
1469 -3.16042  -12.882
1470 -2.54098  -12.408
1471 -1.96386 -11.8833
1472 -1.37556 -11.3711
1473 -0.817469  -10.8262
1474 -0.215659    -10.33
1475 0.361801 -9.80567
1476 0.962624 -9.30827
1477  1.50036 -8.74326
1478  2.09584 -8.23947
1479  2.65337 -7.69397
1480  3.23911 -7.17889
1481  3.77439 -6.61156
1482 4.41704 -6.1695
1483  5.14756 -6.44289
1484  5.67724 -7.01546
1485  6.22081 -7.57486
1486  6.73365 -8.16257
1487 7.33353 -8.6611
1488  8.06525 -8.93128
1489   8.6692 -8.43769
1490  9.24135 -7.90755
1491  9.78401 -7.34726
1492  10.3485 -6.80895
1493  10.8873 -6.24495
1494  11.4525 -5.70738
1495  12.0007 -5.15255
1496 12.5628 -4.6118
1497  13.0911 -4.03792
1498 13.6189 -3.4636
1499  13.7914 -2.70293
1500  13.3517 -2.05872
1501   12.777 -1.53126
1502   12.2425 -0.963254
1503   11.7094 -0.393857
1504  11.1953 0.192725
1505  10.6566 0.756907
1506 10.1254 1.32807
1507  9.5647 1.87025
1508 9.02314 2.43161
1509 8.46889 2.98042
1510 7.93944 3.55321
1511 7.38374 4.10056
1512 6.86628 4.68421
1513 6.29314 5.21327
1514 5.69058 5.70856
1515 4.94789 5.94693
1516 4.31067  5.4971
1517 3.82544  4.8864
1518   3.319 4.29317
1519 2.79367  3.7166
1520 2.25146 3.15588
1521 1.74427 2.56329
1522 1.21663 1.98885
1523 0.528293  1.62198
1524 0.984001  2.25501
1525 1.47364 2.86217
1526 1.96585 3.46727
1527 2.46773 4.06435
1528 -10.7288 -28.8411
1529 -11.2481 -28.2592
1530 -11.7854 -27.6937
1531 -12.3592 -27.1654
1532 -12.9024 -26.6056
1533 -13.4536 -26.0537
1534  -13.977 -25.4754
1535  -14.521 -24.9164
1536 -15.0413 -24.3353
1537 -15.5659 -23.7581
1538 -15.3895 -22.9983
1539  -14.859 -22.4265
1540 -14.2581 -21.9292
1541 -13.6848 -21.4004
1542 -13.0932  -20.892
1543 -12.5343 -20.3479
1544 -11.9256 -19.8601
1545 -11.3591  -19.324
1546  -10.761 -18.8233
1547 -10.1818 -18.3008
1548 -9.57971  -17.805
1549 -9.02343 -17.2582
1550 -8.41813 -16.7663
1551 -7.85873 -16.2227
1552 -7.26426 -15.7178
1553 -6.69083  -15.189
1554 -6.10463 -14.6744
1555 -5.53687 -14.1396
1556 -4.93149 -13.6478
1557 -4.35003 -13.1278
1558 -3.77278 -12.6033
1559 -3.22012 -12.0528
1560 -2.62891 -11.5441
1561 -2.03839 -11.0345
1562 -1.42366 -10.5543
1563 -0.841714   -10.035
1564 -0.226357  -9.55568
1565 0.378964 -9.06375
1566 0.998222  -8.5895
1567  1.5942 -8.0863
1568  2.23104 -7.63593
1569  2.82966 -7.13587
1570  3.42119 -6.62745
1571  3.9692 -6.0724
1572  4.71424 -5.84148
1573  5.30829 -6.34696
1574  5.78834 -6.96173
1575   6.2725 -7.57328
1576  6.74378 -8.19481
1577 7.34913 -8.6867
1578  8.08843 -8.43803
1579  8.69004 -7.94158
1580  9.31407 -7.47362
1581    9.896 -6.95423
1582  10.4823 -6.43983
1583   11.081 -5.93982
1584  11.7001 -5.46533
1585  12.3087 -4.97747
1586  12.9112 -4.48216
1587  13.4638 -3.93167
1588  13.8718 -3.26688
1589  13.5852 -2.54145
1590  13.0726 -1.95355
1591 12.5303 -1.3929
1592   12.0286 -0.795673
1593   11.5047 -0.217767
1594  11.0343 0.404422
1595  10.5152 0.986605
1596 10.0274 1.59527
1597 9.49399 2.16434
1598 8.99365 2.76273
1599 8.47641 3.34656
1600 7.98655 3.95355
1601 7.45364 4.52311
1602 6.92366 5.09541
1603 6.40585 5.67875
1604 5.89044 6.26419
1605 5.35339 6.82986
1606 4.86074 7.43459
1607 4.34345 8.01837
1608  3.8504 8.62277
1609 3.31073 9.18595
1610 2.54568 9.33792
1611  1.9334 8.85469
1612 1.37225 8.31292
1613 0.816957  7.76516
1614 0.232465  7.24866
1615 -0.327497   6.70567
1616 -0.898203   6.17398
1617 -1.4599 5.63278
1618 -2.14177  5.25402
1619 -2.90564  5.41181
1620 -2.36847  5.97736
1621 -1.80052  6.51199
1622 -1.26793  7.08186
1623  -10.746 -28.8055
1624 -11.2308 -28.1944
1625 -11.7227 -27.5891
1626 -12.2605 -27.0241
1627 -12.7548 -26.4208
1628 -13.2815 -25.8455
1629 -13.7741 -25.2407
1630 -14.3536 -24.7185
1631 -14.8796 -24.1426
1632 -15.3542 -23.5236
1633 -14.9881 -22.8348
1634 -14.4223 -22.2979
1635 -13.8352 -21.7844
1636 -13.2608 -21.2567
1637 -12.6582 -20.7614
1638 -12.0806 -20.2373
1639 -11.4803 -19.7392
1640 -10.8777  -19.244
1641 -10.2781  -18.745
1642 -9.71409 -18.2063
1643 -9.10859 -17.7146
1644 -8.53654 -17.1843
1645 -7.93086 -16.6929
1646 -7.35764 -16.1639
1647 -6.76319 -15.6589
1648 -6.19401 -15.1255
1649 -5.59112 -14.6307
1650 -5.05005 -14.0688
1651 -4.45635 -13.5629
1652 -3.89824  -13.018
1653 -3.33375 -12.4798
1654 -2.76093 -11.9504
1655 -2.14616 -11.4703
1656 -1.56877 -10.9459
1657 -0.95703 -10.4619
1658 -0.37903  -9.9382
1659 0.235191 -9.45743
1660 0.821926 -8.94348
1661  1.41352 -8.43513
1662  1.98968 -7.90937
1663 2.58212  -7.402
1664  3.11229 -6.82989
1665  3.63555 -6.25144
1666  4.33011 -5.89648
1667  5.00538 -6.28688
1668  5.55894 -6.83639
1669  6.04955 -7.44279
1670  6.57291 -8.02113
1671  7.12407 -8.57306
1672  7.89471 -8.69354
1673  8.48294 -8.18131
1674   9.0734 -7.67164
1675  9.65853 -7.15587
1676 10.2316 -6.6267
1677  10.8272 -6.12309
1678  11.4008 -5.59451
1679  11.9752 -5.06682
1680  12.5665 -4.55819
1681  13.143 -4.0327
1682  13.5684 -3.37891
1683  13.2348 -2.67385
1684  12.7079 -2.09866
1685  12.1943 -1.51163
1686   11.6357 -0.967274
1687   11.1042 -0.396338
1688  10.5711 0.172991
1689  10.0835 0.781842
1690   9.555 1.35549
1691 9.05755 1.95628
1692 8.52077 2.52219
1693 8.01494 3.11595
1694 7.51546 3.71504
1695 7.03444 4.32907
1696 6.50102 4.89816
1697 5.99919 5.49529
1698  5.4546 6.05369
1699 4.92547 6.62678
1700  4.3894 7.19337
1701 3.89833 7.79938
1702 3.34665 8.35079
1703 2.68558 8.76477
1704 1.97926 8.43385
1705 1.39267 7.91973
1706 0.851704  7.35781
1707 0.284558  6.82233
1708 -0.270705   6.27452
1709 -0.850493   5.75275
1710 -1.37609  5.17643
1711 -1.91069  4.60845
1712 -2.59084  4.22662
1713 -2.09742  4.83071
1714 -1.53247  5.36852
1715 -1.02073  5.95718
1716 -0.482599   6.52182
1717 0.0207671   7.11766
1718  -11.428 -28.3366
1719 -11.9106 -27.7238
1720 -12.4174 -27.1309
1721 -12.9486 -26.5597
1722 -13.4185 -25.9372
1723 -13.9287 -25.3472
1724 -14.4157 -24.7379
1725 -14.9464 -24.1663
1726 -15.3116 -23.4771
1727  -15.046 -22.7437
1728 -14.4613 -22.2275
1729 -13.8704 -21.7182
1730 -13.2633 -21.2285
1731  -12.684 -20.7062
1732 -12.0702 -20.2249
1733 -11.4979 -19.6949
1734 -10.8762 -19.2239
1735 -10.2995 -18.6987
1736 -9.69656 -18.2039
1737 -9.11443 -17.6847
1738 -8.50298 -17.2004
1739 -7.93371 -16.6672
1740 -7.31755 -16.1889
1741 -6.73785  -15.667
1742 -6.11719 -15.1946
1743 -5.52947 -14.6818
1744 -4.94121 -14.1696
1745 -4.37359 -13.6346
1746 -3.76512 -13.1466
1747 -3.17103 -12.6412
1748 -2.54687 -12.1734
1749  -1.9629 -11.6563
1750 -1.33847 -11.1889
1751 -0.76148  -10.664
1752 -0.163316  -10.1634
1753 0.397822 -9.62163
1754  1.01399 -9.14336
1755  1.59407 -8.62192
1756  2.21072 -8.14427
1757  2.78045 -7.61154
1758  3.37434 -7.10588
1759  3.91844 -6.54698
1760  4.58457 -6.14119
1761  5.34223 -6.32654
1762  5.89917 -6.87263
1763  6.43217 -7.44212
1764  6.95374 -8.02208
1765  7.59405 -8.46751
1766  8.33908 -8.23659
1767  8.92084 -7.71701
1768  9.5014 -7.1961
1769  10.0703 -6.66242
1770  10.6441 -6.13414
1771  11.1854 -5.57253
1772  11.7691 -5.05517
1773  12.3488 -4.53327
1774  12.9245 -4.00698
1775 13.4024 -3.3905
1776  13.2279 -2.63025
1777  12.7087 -2.04822
1778  12.1896 -1.46598
1779   11.6516 -0.901209
1780   11.1813 -0.278997
1781  10.6508 0.292815
1782  10.1464 0.887806
1783 9.60964 1.45375
1784  9.0978 2.04232
1785 8.54465 2.59225
1786 8.04163 3.18838
1787 7.50274 3.75229
1788  7.0022 4.35051
1789 6.48007 4.92998
1790 5.98276 5.53087
1791 5.48063 6.12776
1792 5.00908 6.74908
1793  4.4789 7.32118
1794 3.95369 7.89786
1795 3.37538 8.42127
1796 2.66556 8.74462
1797  1.9894 8.35578
1798 1.38599 7.86151
1799 0.835072  7.30934
1800 0.261104  6.78118
1801 -0.29285  6.23206
1802 -0.853091   5.68935
1803 -1.39352  5.12691
1804 -2.01889  4.66074
1805 -2.79729  4.71066
1806 -2.31671  5.32503
1807 -1.78799  5.89848
1808 -1.27947  6.48993
1809 -0.736998    7.0504
1810 -0.222393   7.63655
1811 0.351102  8.16524
1812 0.910023   8.7093
1813  19.3894 -22.6937
1814  19.9924 -22.1989
1815  20.5839 -21.6905
1816  21.1619 -21.1667
1817  21.7751 -20.6846
1818  22.3571 -20.1654
1819  22.9591 -19.6693
1820  23.5387 -19.1474
1821  24.1621 -18.6786
1822  24.7704 -18.1904
1823   25.499 -17.9118
1824  26.1888 -18.2758
1825  25.5844 -18.7689
1826  24.9423 -19.2117
1827  24.3423 -19.7101
1828  23.7338 -20.1981
1829  23.1407 -20.7047
1830 22.5465  -21.21
1831  21.9755 -21.7413
1832  21.3619 -22.2229
1833  20.7681 -22.7287
1834  20.1374 -23.1876
1835  19.3765 -23.3592
1836  18.8279 -22.8048
1837 18.3861 -22.162
1838 17.9719 -21.501
1839   17.534 -20.8556
1840  17.1088 -20.2017
1841  16.6477 -19.5725
1842  16.2032 -18.9316
1843  15.7222 -18.3176
1844  15.2708 -17.6815
1845   14.758 -17.0937
1846  14.2729 -16.4829
1847  13.7533 -15.9011
1848  13.2722 -15.2872
1849   12.744 -14.7133
1850  12.2503 -14.1094
1851   11.718 -13.5392
1852  11.2306 -12.9303
1853  10.7318 -12.3306
1854   10.253 -11.7149
1855  9.70653 -11.1583
1856  9.18659 -10.5769
1857   8.6603 -10.0012
1858 8.17567   -9.39
1859  7.77076 -8.72333
1860  8.00067 -7.97799
1861  8.59759 -7.47591
1862  9.24495 -7.04079
1863  9.84825 -6.54639
1864  10.4906 -6.10387
1865  11.0958 -5.61189
1866  11.7202 -5.14433
1867  12.3065 -4.62989
1868  12.9149 -4.14183
1869   13.435 -3.56056
1870  13.6604 -2.81382
1871  13.2508 -2.15004
1872  12.7801 -1.52802
1873  12.2802 -0.92931
1874    11.799 -0.315381
1875  11.2947 0.279647
1876  10.8103 0.890951
1877 10.3037 1.48404
1878 9.81534 2.09228
1879 9.29183 2.67049
1880 8.62255 3.07108
1881 7.93358  2.7054
1882 7.33557 2.20462
1883 6.75344 1.68546
1884 6.14052 1.20304
1885  5.53519 0.711123
1886  4.93266 0.215796
1887   4.34226 -0.293946
1888   3.76742 -0.821158
1889  3.01406 -1.02327
1890   3.48092 -0.398411
1891 4.04411 0.14123
1892  4.64524 0.638263
1893 5.23285 1.15121
1894 5.82122 1.66329
1895  20.0338 -20.0224
1896  20.7184 -19.6486
1897  21.4132 -19.2941
1898  22.1146 -18.9528
1899  22.8178 -18.6153
1900   23.506 -18.2483
1901  24.2152 -17.9235
1902  24.9377 -17.6296
1903  25.6852 -17.8524
1904  25.1004 -18.3686
1905  24.4305 -18.7682
1906  23.7956 -19.2213
1907  23.1522 -19.6623
1908  22.5349 -20.1391
1909  21.8987 -20.5903
1910    21.28 -21.0653
1911  20.6393 -21.5101
1912  20.0184 -21.9822
1913  19.3686 -22.4137
1914  18.6379 -22.6868
1915   18.015 -22.2174
1916  17.5587 -21.5847
1917  17.1595 -20.9146
1918  16.6963 -20.2871
1919   16.262 -19.6392
1920  15.7859 -19.0213
1921  15.3492 -18.3751
1922  14.8739 -17.7566
1923  14.4114 -17.1285
1924   13.924 -16.5195
1925  13.4987 -15.8657
1926  13.0231 -15.2475
1927   12.588 -14.6001
1928  12.1091 -13.9844
1929  11.7004 -13.3201
1930 11.2351 -12.694
1931  10.8021 -12.0452
1932  10.3179 -11.4337
1933  9.86408 -10.7994
1934  9.39158 -10.1788
1935  8.89779 -9.57496
1936   8.3662 -9.00416
1937  7.98752 -8.32225
1938  8.44019 -7.68704
1939  9.04628 -7.19606
1940  9.63015 -6.67886
1941  10.2483 -6.20317
1942  10.8426 -5.69801
1943  11.4564 -5.21674
1944  12.0582 -4.72051
1945  12.6369 -4.19751
1946  13.2043 -3.66226
1947  13.6598 -3.02907
1948   13.364 -2.30732
1949  12.8935 -1.68523
1950  12.3672 -1.10955
1951   11.8805 -0.500025
1952   11.3537 0.0752134
1953  10.8492 0.670094
1954 10.3136 1.23718
1955 9.80745 1.83062
1956 9.24982 2.37601
1957 8.49875 2.58647
1958 7.84655 2.15863
1959 7.23261 1.67752
1960 6.65723 1.15089
1961  6.04105 0.672635
1962  5.44785 0.166165
1963   4.85318 -0.338576
1964   4.26683 -0.852969
1965  3.68254 -1.36969
1966  2.90804 -1.27721
1967   3.44453 -0.711015
1968   3.97198 -0.136384
1969  4.53955 0.398647
1970  5.08933 0.951952
1971 5.65173 1.49241
1972 6.19587 2.05127
1973 6.74923 2.60098
1974 7.30347 3.14982
1975 19.7001   -19.9
1976  20.3804 -19.5184
1977  21.0819 -19.1773
1978   21.788 -18.8459
1979  22.4862 -18.4982
1980  23.1721 -18.1269
1981  23.8597 -17.7586
1982 24.5667 -17.429
1983  25.2441 -17.0424
1984  25.9861 -16.8018
1985  26.4037 -17.4606
1986  25.8065 -17.9624
1987  25.1857 -18.4347
1988  24.5396 -18.8717
1989  23.9065 -19.3273
1990 23.2706 -19.779
1991  22.6724 -20.2796
1992  22.0559 -20.7574
1993  21.4433 -21.2403
1994  20.8296 -21.7216
1995   20.253 -22.2469
1996  19.5993 -22.6724
1997  18.8315 -22.8099
1998  18.2603 -22.2787
1999 17.7497 -21.689
2000  17.2881 -21.0603
2001   16.801 -20.4511
2002  16.3393 -19.8224
2003  15.8548 -19.2111
2004  15.3798 -18.5925
2005  14.8669 -18.0048
2006  14.4096 -17.3729
2007  13.9204 -16.7654
2008  13.4634 -16.1333
2009  12.9979 -15.5074
2010  12.5583 -14.8631
2011  12.0946 -14.2359
2012  11.6306 -13.6089
2013  11.1438 -12.9995
2014  10.6679 -12.3815
2015  10.1748 -11.7771
2016  9.74558 -11.1258
2017  9.27899 -10.5008
2018 8.80868 -9.8785
2019  8.30695 -9.28129
2020  7.87787 -8.62991
2021  8.18555 -7.91316
2022  8.77917 -7.40718
2023  9.37334 -6.90185
2024  10.0012 -6.43897
2025  10.6039 -5.94388
2026  11.2052 -5.44706
2027  11.7762 -4.91574
2028 12.3825  -4.425
2029  12.9808 -3.92458
2030  13.5073 -3.34901
2031   13.418 -2.57414
2032 12.9688 -1.9365
2033  12.4649 -1.34111
2034   11.9911 -0.721507
2035   11.4873 -0.125997
2036  11.0047 0.486807
2037 10.5339 1.10865
2038 10.0756 1.73983
2039 9.57094 2.33457
2040 9.04792 2.91323
2041 8.29525  3.1179
2042 7.63389 2.70437
2043 7.04224 2.19608
2044 6.4531 1.6849
2045 5.84208 1.20007
2046  5.23423 0.711277
2047  4.64051 0.205414
2048  4.04711 -0.30082
2049   3.30832 -0.551011
2050    3.85053 0.00971383
2051  4.42348 0.538988
2052 4.98057 1.08493
2053 5.56428  1.6023
2054   23.789 -19.4277
2055  23.2028 -19.9423
2056  22.6133 -20.4531
2057  22.0144 -20.9528
2058  21.3988 -21.4318
2059  20.8101 -21.9435
2060  20.1565 -22.3692
2061  19.4044 -22.1625
2062 18.8856  -21.58
2063  18.3712 -20.9936
2064  17.8894 -20.3803
2065  17.3721 -19.7965
2066  16.8864 -19.1862
2067  16.3657 -18.6054
2068  15.8531 -18.0175
2069 15.3127 -17.455
2070 14.7889 -16.877
2071   14.267 -16.2974
2072  13.7774 -15.6902
2073  13.2479 -15.1175
2074 12.7465  -14.52
2075  12.2126 -13.9513
2076  11.6987 -13.3645
2077 11.1422 -12.818
2078  10.6057 -12.2518
2079  10.0307 -11.7248
2080  9.52458 -11.1313
2081  8.99374 -10.5598
2082  8.47121 -9.98068
2083  7.92859 -9.42035
2084  7.47565 -8.78534
2085  7.80273 -8.07724
2086   8.4352 -7.62075
2087  9.02962 -7.11571
2088 9.66337  -6.661
2089 10.2734 -6.1749
2090  10.9017 -5.71273
2091 11.4972 -5.2089
2092  12.1172 -4.73573
2093  12.7297 -4.25278
2094  13.3248 -3.74854
2095  13.6091 -3.02217
2096  13.2968 -2.30742
2097   12.792 -1.71277
2098  12.2877 -1.11771
2099   11.7948 -0.513154
2100  11.3292 0.112578
2101  10.8464 0.725221
2102  10.393 1.35991
2103 9.92133 1.98115
2104 9.43942 2.59447
2105 8.94224 3.19548
2106 8.47264 3.81828
2107 7.98227 4.42486
2108 7.53207 5.06182
2109 7.06442 5.68608
2110 6.60001 6.31276
2111 6.11082 6.92029
2112 5.65481  7.5531
2113 5.15283 8.15011
2114 4.68299 8.77272
2115 4.26237 9.42959
2116  4.3808 10.2006
2117 4.94837 10.7356
2118 5.56873 11.2084
2119 6.19153  11.678
2120 6.59929 12.3429
2121 6.17965 13.0004
2122   5.678 13.5977
2123 5.16998 14.1896
2124 4.64726 14.7685
2125 4.13564 15.3573
2126 3.66802 15.9816
2127 3.18489 16.5939
2128 2.70909  17.212
2129 2.22761 17.8257
2130 1.79586 18.4753
2131 1.34941 19.1149
2132 0.916015  19.7634
2133 0.458014  20.3948
2134 0.164512  21.1174
2135 0.844751  21.4991
2136 1.33789 20.8948
2137 1.78337 20.2545
2138  23.7347 -19.9378
2139   23.145 -20.4483
2140  22.5524 -20.9554
2141  21.9521 -21.4535
2142  21.3756 -21.9789
2143  20.7709 -22.4716
2144  20.0343 -22.7282
2145  19.4197 -22.2479
2146 18.9026 -21.664
2147  18.4494 -21.0292
2148  17.9609 -20.4211
2149   17.504 -19.7889
2150  17.0051 -19.1893
2151 16.5389 -18.564
2152  16.0426 -17.9622
2153  15.5905 -17.3267
2154  15.0798 -16.7371
2155   14.578 -16.1399
2156  14.0453 -15.5701
2157   13.553 -14.9651
2158   13.022 -14.3938
2159  12.5414 -13.7794
2160  12.0097 -13.2087
2161  11.4986 -12.6195
2162 10.9531 -12.062
2163  10.4185 -11.4941
2164   9.8701 -10.9394
2165  9.34336 -10.3641
2166  8.75567 -9.85122
2167  8.17576 -9.32958
2168  7.79985 -8.64614
2169  8.21241 -7.98418
2170  8.78042 -7.44961
2171  9.37068 -6.93972
2172  9.93583 -6.40212
2173  10.4988 -5.86222
2174   11.028 -5.28922
2175  11.5989 -4.75776
2176  12.1646 -4.22072
2177  12.7736 -3.73342
2178  13.2973 -3.15533
2179  13.0976 -2.40133
2180  12.6022 -1.79884
2181  12.1151 -1.18967
2182   11.614 -0.59184
2183   11.1324 0.0216976
2184  10.6492 0.633985
2185 10.1952 1.26825
2186 9.69825 1.86945
2187 9.25315 2.50998
2188 8.75467 3.10992
2189 8.26427 3.71647
2190 7.78992 4.33566
2191   7.343 4.97493
2192 6.90819 5.62249
2193 6.47068 6.26823
2194 5.98679 6.87999
2195 5.54565 7.52327
2196 5.06899 8.14067
2197 4.62086 8.77909
2198 4.16707  9.4135
2199  4.2646 10.1874
2200 4.82188 10.7331
2201 5.44572 11.2013
2202 6.06349 11.6775
2203 6.37468 12.3928
2204  6.0364 13.0956
2205 5.59257  13.737
2206 5.12812 14.3637
2207 4.68156 15.0032
2208 4.17803 15.5989
2209 3.74566 16.2481
2210 3.25438 16.8539
2211 2.78379  17.476
2212 2.27966 18.0712
2213 1.76717 18.6592
2214 1.27132 19.2613
2215 0.791355  19.8761
2216 0.291471  20.4749
2217 -0.0570004    21.1727
2218 0.217108   21.903
2219 0.744076  21.3279
2220 1.25809 20.7412
2221 1.79474 20.1752
2222  23.4907 -19.6681
2223  22.8963 -20.1731
2224  22.3312 -20.7107
2225  21.7361 -21.2151
2226   21.169 -21.7506
2227  20.5684 -22.2482
2228 19.8911 -22.635
2229  19.2091 -22.2564
2230  18.6621 -21.7004
2231 18.1594 -21.104
2232  17.6498 -20.5135
2233  17.1845 -19.8875
2234  16.6603 -19.3098
2235  16.2322 -18.6579
2236   15.714 -18.0748
2237  15.2255 -17.4668
2238  14.6771 -16.9121
2239  14.1809 -16.3103
2240   13.675 -15.7165
2241  13.169 -15.123
2242  12.6215 -14.5674
2243  12.1239 -13.9667
2244  11.6001 -13.3888
2245  11.1134 -12.7792
2246   10.588 -12.2028
2247  10.1331 -11.5691
2248  9.60022 -10.9996
2249  9.07893 -10.4193
2250  8.53243 -9.86279
2251  8.03581 -9.26132
2252  7.75885 -8.53215
2253   8.1784 -7.87459
2254   8.7625 -7.35765
2255  9.38052 -6.88178
2256  9.95619 -6.35547
2257  10.5423 -5.84079
2258  11.1152 -5.31146
2259  11.7191 -4.81785
2260  12.3208 -4.32149
2261   12.922 -3.82457
2262  13.3917 -3.20185
2263  13.2449 -2.43579
2264  12.7418 -1.83975
2265  12.2473 -1.23655
2266   11.7415 -0.642802
2267      11.26 -0.0290894
2268  10.7724 0.579715
2269 10.3146 1.21123
2270 9.82585 1.81909
2271 9.35988 2.44461
2272 8.87404 3.05482
2273 8.41193  3.6832
2274 7.92978 4.29633
2275 7.48319 4.93582
2276 6.99022 5.54029
2277 6.51369  6.1578
2278 5.99147 6.73719
2279 5.51725 7.35648
2280 5.04247 7.97533
2281 4.57194 8.59743
2282 4.10692 9.22365
2283 4.04017 10.0008
2284 4.53986 10.5997
2285  5.156 11.078
2286 5.79828 11.5206
2287 6.40231 12.0141
2288 5.96414 12.6594
2289 5.50855 13.2925
2290 5.04685 13.9212
2291  4.5639 14.5337
2292 4.12547 15.1788
2293 3.65022 15.7973
2294 3.19532 16.4309
2295 2.70641 17.0387
2296 2.23743 17.6619
2297 1.76239 18.2806
2298 1.28218 18.8953
2299 0.795762   19.505
2300 0.455987  20.2071
2301 1.11474 20.6248
2302 1.65974 20.0668
2303 2.17728 19.4832
2304 2.66542 18.8748
2305 3.18276 18.2911
2306 -9.70539  1.26549
2307 -9.12214  1.78339
2308 -8.52391  2.28391
2309 -7.97817   2.8412
2310 -7.41036  3.37599
2311 -6.89427  3.96083
2312 -6.34207  4.51172
2313 -5.79675  5.06941
2314 -5.01974  5.13769
2315 -4.42941  4.62787
2316 -3.9135 4.04286
2317 -3.36959   3.4838
2318 -2.88427  2.87317
2319 -2.35487  2.30034
2320 -1.86905   1.6901
2321 -1.34479  1.11257
2322 -0.86137 0.500436
2323  -0.335824 -0.0759329
2324  0.152606 -0.684075
2325  0.70071 -1.23904
2326  1.22875 -1.81312
2327  1.77201 -2.37282
2328   2.2894 -2.95653
2329   2.8427 -3.50631
2330  3.40019 -4.05184
2331  3.96058 -4.59439
2332  4.49326 -5.16418
2333  5.03029 -5.72986
2334 5.51809 -6.3385
2335  6.03964 -6.91849
2336  6.54979 -7.50853
2337  7.12149 -8.03915
2338  7.79274 -8.43643
2339 8.48468 -8.0764
2340  9.03934 -7.52799
2341    9.548 -6.93667
2342  10.1005 -6.38608
2343  10.6262 -5.80986
2344  11.1905 -5.27138
2345  11.7112 -4.69058
2346 12.2645 -4.1408
2347  12.7608 -3.53908
2348  13.3423 -3.01921
2349  14.0682 -3.30459
2350  14.6598 -3.81288
2351   15.261 -4.30992
2352  15.8258 -4.84785
2353 16.4239 -5.3485
2354  16.9938 -5.88103
2355  17.6013 -6.37032
2356  18.1721 -6.90187
2357  18.7484 -7.42745
2358  19.2935 -7.98543
2359  19.8678 -8.51323
2360  20.4125 -9.07152
2361  20.9846 -9.60175
2362  21.5164 -10.1723
2363  22.0556 -10.7359
2364  22.5944 -11.2999
2365  23.1772 -11.8184
2366  23.8295 -12.2461
2367  24.4975 -11.8435
2368  25.0837 -11.3289
2369   25.662 -10.8055
2370  26.2562 -10.3002
2371  26.9665 -9.97791
2372  27.6046 -10.4266
2373  28.1874 -10.9449
2374 28.7559 -11.479
2375   29.325 -12.0125
2376 29.8653 -12.575
2377 30.4184 -13.125
2378 30.9377 -13.707
2379  31.4929 -14.2548
2380  32.0093 -14.8394
2381  32.5462 -15.4053
2382  33.0496 -16.0011
2383  32.9991 -16.7794
2384  32.4529 -16.2226
2385  31.9011 -15.6714
2386  31.3024 -15.1714
2387  30.7207 -14.6518
2388 -10.6491  1.75651
2389 -10.0462  2.25135
2390 -9.44342  2.74638
2391 -8.81957  3.21457
2392 -8.2336  3.7294
2393 -7.6003 4.18473
2394 -7.01582  4.70124
2395 -6.39769  5.17697
2396 -5.71375  5.55196
2397 -5.08236  5.09398
2398 -4.53879  4.53458
2399 -4.03382  3.94009
2400 -3.48997  3.38097
2401 -2.98354  2.78773
2402 -2.46736  2.20296
2403 -1.98239  1.59206
2404 -1.4639 1.00933
2405 -0.961224  0.412911
2406  -0.42637 -0.154832
2407 0.0969465 -0.733226
2408 0.624646 -1.30762
2409  1.11892 -1.91102
2410   1.6565 -2.47618
2411  2.18484 -3.04999
2412  2.74883 -3.58881
2413  3.28611 -4.15425
2414 3.84221 -4.7012
2415  4.35182 -5.29171
2416  4.89794 -5.84862
2417  5.41685 -6.43098
2418  5.97888 -6.97183
2419  6.52052 -7.53309
2420  7.11064 -8.04315
2421  7.80448 -8.39952
2422  8.48137 -8.01193
2423  9.05176 -7.47991
2424  9.60333 -6.92839
2425  10.1436 -6.36584
2426  10.6679 -5.78833
2427  11.2303 -5.24783
2428  11.7701 -4.68477
2429 12.3405 -4.1528
2430  12.8632 -3.57383
2431  13.4651 -3.07774
2432  14.1921 -3.36038
2433  14.7565 -3.89873
2434  15.3198 -4.43825
2435  15.8614 -4.99963
2436  16.4489 -5.51269
2437  17.0027 -6.06192
2438  17.5861 -6.57972
2439  18.1452 -7.12357
2440   18.718 -7.65305
2441  19.2456 -8.22749
2442  19.8043 -8.77178
2443   20.318 -9.35871
2444  20.8948 -9.88383
2445  21.4346 -10.4468
2446  21.9937 -10.9908
2447  22.5352 -11.5521
2448   23.123 -12.0649
2449  23.7896 -12.4699
2450 24.4477 -12.051
2451  24.9991 -11.4994
2452  25.5349 -10.9325
2453  26.0872 -10.3818
2454  26.8024 -10.0704
2455  27.4374 -10.5233
2456  28.0258 -11.0354
2457  28.5966 -11.5669
2458   29.189 -12.0744
2459   29.732 -12.6343
2460 30.2971 -13.172
2461  30.8281 -13.7433
2462  31.4045 -14.2688
2463  31.9606 -14.8157
2464  32.5068 -15.3725
2465   33.035 -15.9465
2466  33.0906 -16.7246
2467  32.4418 -16.2915
2468  31.9499 -15.6861
2469 31.4554 -15.083
2470  30.8754 -14.5614
2471  -10.99 1.01198
2472 -10.4451  1.57003
2473 -9.89354  2.12157
2474 -9.35424  2.68509
2475 -8.78314  3.21636
2476 -8.25226  3.78782
2477 -7.68086  4.31876
2478 -7.11259  4.85305
2479 -6.35621  5.04355
2480 -5.73215  4.57562
2481 -5.17875  4.02594
2482 -4.63178  3.46986
2483 -4.11036  2.88975
2484 -3.5408 2.35684
2485 -3.01676   1.7791
2486 -2.43773  1.25649
2487 -1.90941 0.682661
2488 -1.34458 0.144734
2489 -0.798268 -0.411991
2490 -0.224368 -0.940231
2491 0.318658 -1.50016
2492   0.8828 -2.03881
2493  1.44578 -2.57868
2494  2.03579 -3.08886
2495 2.58694 -3.6408
2496  3.16668 -4.16262
2497  3.71492 -4.71745
2498  4.27699 -5.25826
2499  4.80762 -5.82995
2500  5.37352 -6.36675
2501  5.92596 -6.91741
2502 6.51751 -7.4258
2503  7.08768 -7.95806
2504  7.85626 -8.09106
2505   8.4766 -7.61821
2506  9.03824 -7.07696
2507 9.61787  -6.555
2508  10.1599 -5.99407
2509  10.7306 -5.46239
2510  11.2797 -4.90848
2511  11.8368 -4.36256
2512  12.3708 -3.79395
2513  12.9918 -3.32199
2514  13.6901 -2.97454
2515  14.3603 -3.37359
2516 14.8876 -3.9484
2517  15.4007 -4.53588
2518  15.9435 -5.09601
2519  16.4672 -5.67406
2520  17.0309 -6.21318
2521  17.5446 -6.80008
2522  18.0931 -7.35465
2523  18.6033 -7.94469
2524  19.1507 -8.50034
2525  19.6674 -9.08464
2526 20.1927 -9.6612
2527  20.6812 -10.2694
2528  21.2102 -10.8425
2529  21.7109 -11.4406
2530  22.2527 -12.0017
2531  22.8313 -12.5248
2532  23.4666 -12.9774
2533  24.1892 -12.6837
2534  24.7491 -12.1407
2535  25.3429 -11.6349
2536  25.953 -11.149
2537  26.7025 -10.9328
2538  27.3006 -11.4334
2539  27.8149 -12.0198
2540  28.3358 -12.6004
2541  28.8228 -13.2097
2542  29.3629 -13.7724
2543 29.8782 -14.358
2544  30.4058 -14.9324
2545  30.9068 -15.5303
2546  31.4269 -16.1116
2547  31.9089 -16.7248
2548  32.4087 -17.3237
2549  33.1795 -17.4428
2550 32.7497 -16.792
2551  32.2335 -16.2072
2552  31.7191 -15.6208
