0 0 0
1 -0.604284  0.493194
2 -1.21153  0.98274
3 -1.79973  1.49501
4 -2.39502  1.99903
5 -2.97711  2.51822
6 -3.58956  3.00124
7 -4.16826  3.52422
8 -4.7464 4.04781
9 -5.31845  4.57806
10 -5.94489  5.04279
11 -6.59841  4.61699
12 -7.2045 4.12602
13 -7.80208  3.62472
14 -8.3985 3.12204
15 -9.0061 2.63294
16 -9.62153  2.15373
17 -10.2236  1.65781
18 -10.8347  1.17315
19 -11.4189 0.656315
20 -12.0299 0.171441
21  -12.6191 -0.339733
22  -13.2128 -0.845548
23 -13.787 -1.3735
24 -14.3792 -1.88111
25  -14.965 -2.39613
26 -15.5473 -2.91507
27 -16.0897 -3.47561
28 -16.6661  -4.0012
29 -17.2579 -4.50924
30 -17.8543 -5.01191
31   -18.43 -5.53821
32  -19.04 -6.0243
33 -19.6428 -6.51931
34 -20.2344 -7.02769
35 -20.8064 -7.55797
36 -21.4021 -8.06152
37  -21.956 -8.61068
38 -22.5168 -9.15287
39 -23.0914  -9.6803
40  -23.645 -10.2298
41 -24.1927 -10.7851
42 -24.7457 -11.3352
43 -25.2122 -11.9604
44 -24.7496 -12.5883
45 -24.2595 -13.1951
46 -23.7621  -13.796
47 -23.2915  -14.418
48 -22.7901 -15.0155
49 -22.2469 -15.5753
50 -21.7196   -16.15
51 -21.1931 -16.7255
52 -20.6809 -17.3138
53 -20.1581 -17.8927
54 -19.6085 -18.4461
55 -19.0892 -19.0282
56 -18.5494 -19.5912
57  -18.047 -20.1878
58 -17.5317 -20.7734
59 -17.0156 -21.3583
60 -16.4953 -21.9394
61 -15.9805 -22.5254
62 -15.4065 -23.0535
63 -14.63 -22.98
64 -13.9769 -22.5536
65  -13.384 -22.0467
66 -12.8058 -21.5232
67 -12.2385 -20.9879
68 -11.6757 -20.4479
69 -11.1324 -19.8882
70 -10.5616 -19.3566
71 -9.98203 -18.8346
72 -9.42622 -18.2873
73 -8.87878 -17.7317
74 -8.30981 -17.1982
75 -7.73859  -16.667
76 -7.16637  -16.137
77 -6.58967 -15.6118
78 -6.01167  -15.088
79 -5.43197 -14.5662
80 -4.85157 -14.0451
81 -4.24341 -13.5567
82 -3.65088 -13.0494
83 -3.03083 -12.5762
84 -2.40697  -12.108
85 -1.79422 -11.6254
86 -1.20007   -11.12
87 -0.622435  -10.5959
88 -0.025226  -10.0941
89 0.557905 -9.57609
90  1.16299 -9.08388
91  1.78615 -8.61476
92  2.36582 -8.09286
93  2.96452 -7.59291
94  3.57575 -7.10834
95  4.21049 -6.65501
96   4.7059 -7.25748
97  5.19933 -7.86158
98  5.67053 -8.48316
99  6.17497 -9.07809
100  6.67244 -9.67886
101  7.21501 -10.2392
102   7.7311 -10.8241
103  8.27538 -11.3828
104  8.79461 -11.9649
105  9.30029 -12.5587
106  9.82831 -13.1328
107  10.3257 -13.7337
108 10.8225 -14.335
109  11.3236 -14.9328
110  11.8401 -15.5172
111  12.3559 -16.1023
112  12.8592 -16.6982
113  13.3597 -17.2965
114   13.862 -17.8932
115    14.38 -18.4764
116  14.8901 -19.0664
117  15.4055 -19.6519
118  15.9157 -20.2419
119  16.303 -20.919
120  16.0771 -21.6655
121 15.5025 -22.193
122  14.8976 -22.6855
123  14.3228 -23.2127
124  13.7616 -23.7544
125  13.1986 -24.2943
126 12.6224  -24.82
127  12.0454 -25.3449
128  11.4634 -25.8641
129  10.8699 -26.3703
130  10.2766 -26.8767
131   9.6945 -27.3958
132  9.11826 -27.9215
133  8.52946 -28.4331
134  7.9375 -28.941
135  7.34656 -29.4501
136  6.7751 -29.981
137   6.1962 -30.5037
138  5.61053 -31.0189
139  5.02761 -31.5372
140  4.44944 -32.0607
141  3.87255 -32.5857
142  3.30318 -33.1188
143 2.73766 -33.656
144 2.19263 -34.214
145  1.61956 -34.7432
146  1.03131 -35.2554
147 0.464704 -35.7914
148 -0.130666  -36.2954
149 -0.72435 -36.8013
150 -1.32138 -37.3032
151 -1.93288 -37.7874
152 -2.54824 -38.2667
153 -3.04299 -37.6637
154 -3.56015 -37.0798
155 -4.09166 -36.5089
156 -4.66287 -35.9778
157 -5.24288 -35.4563
158  -5.8196 -34.9311
159 -6.34501 -34.3546
160 -6.88376 -33.7906
161 -7.45028 -33.2544
162  -8.0185 -32.7201
163  11.5849 -14.2212
164  11.8471 -13.4865
165  12.0623 -12.7368
166  12.3027 -11.9948
167  12.5342 -11.2499
168  12.7848 -10.5113
169  13.0512 -9.77817
170  13.3155 -9.04431
171  13.5854 -8.31249
172  13.8677 -7.58537
173  14.0086 -6.81822
174  13.5802 -6.16639
175  12.8702 -5.84344
176  12.1332 -5.58813
177  11.4039 -5.31153
178  10.6799 -5.02134
179  9.96534 -4.70857
180  9.25066 -4.39612
181  8.52801 -4.10257
182 7.79718   -3.83
183  7.06556 -3.55957
184  6.33382 -3.28946
185  5.61232 -2.99308
186  4.89308 -2.69126
187  4.16283 -2.41715
188  3.43544 -2.13556
189  2.70791 -1.85431
190  1.96981 -1.60211
191  1.24285 -1.31939
192 0.516706 -1.03458
193 -0.219017  -0.77552
194 -0.955772 -0.519412
195  -1.69125 -0.259647
196     -2.4297 -0.00846556
197 -3.17895 0.208377
198 -3.91853 0.456216
199 -4.65422 0.715354
200 -5.37169  1.02137
201 -6.09128  1.32234
202 -6.81497  1.61333
203 -7.52903   1.9272
204 -8.23996  2.24812
205 -8.96397   2.5383
206 -9.68321  2.84012
207 -10.4625  2.87263
208 -11.1713  2.54698
209 -11.5622    1.872
210 -11.8861  1.16244
211 -12.1818 0.440662
212  -12.4856 -0.277752
213  -12.792 -0.99506
214 -13.0926 -1.71478
215 -13.3879 -2.43675
216 -13.7005 -3.15134
217 -14.0034 -3.87012
218 -14.3184  -4.5837
219 -14.6152 -5.30504
220 -14.9232 -6.02165
221 -15.2189  -6.7434
222 -15.5106 -7.46681
223 -15.8068 -8.18838
224 -16.1197 -8.90287
225 -16.4125 -9.62583
226 -16.7052 -10.3488
227  -16.969 -11.0829
228 -16.4347 -11.6511
229 -15.7186 -11.9603
230 -14.9945 -12.2503
231 -14.2668 -12.5311
232 -13.5394 -12.8126
233 -12.8242 -13.1239
234 -12.1016 -13.4176
235   -11.37 -13.6882
236 -10.6561 -14.0024
237  -9.9323 -14.2931
238 -9.21464 -14.5987
239 -8.49657 -14.9033
240  -7.7862 -15.2254
241  -7.0728 -15.5408
242 -6.34415 -15.8191
243 -5.61604 -16.0988
244 -4.88793 -16.3786
245 -4.17248 -16.6893
246 -3.45299 -16.9905
247 -2.75162 -17.3318
248  -2.0319 -17.6325
249 -1.32493  -17.962
250 -0.607873   -18.269
251 0.111696   -18.57
252 0.829213 -18.8759
253  1.51594 -19.2458
254  2.20506 -19.6112
255  2.89415 -19.9766
256  3.59357 -20.3219
257  4.28815 -20.6768
258  4.97617 -21.0442
259  5.66623 -21.4079
260 6.34791 -21.787
261  6.85956 -22.3757
262  6.72597 -23.1442
263  6.34918 -23.8271
264   5.9913 -24.5202
265 5.60187 -25.196
266  5.25421 -25.8943
267  4.89204 -26.5851
268  4.55849 -27.2902
269  4.19789 -27.9818
270  3.8423 -28.676
271  3.46357 -29.3579
272  3.08556 -30.0402
273  2.68721 -30.7108
274  2.34735 -31.4129
275  1.99138 -32.1069
276  1.64247 -32.8045
277   1.2867 -33.4987
278 0.918136 -34.1861
279 0.528197 -34.8616
280 0.158965 -35.5487
281 -0.19828 -36.2421
282 -0.561447  -36.9324
283 -0.94472 -37.6117
284 -1.32422 -38.2932
285 -1.76195 -38.9388
286  -2.4954 -39.2042
287 -3.20473 -38.8797
288 -3.89761 -38.5215
289 -4.56469 -38.1173
290 -5.25284 -37.7501
291  -5.9414 -37.3836
292 -6.60494 -36.9736
293 -7.26906 -36.5645
294 -7.94599  -36.177
295 -8.63571 -35.8128
296 -9.32163 -35.4414
297 -9.99797 -35.0529
298  -10.689 -34.6911
299 -11.4109 -34.3957
300 -12.0985 -34.0275
301 -12.7944 -33.6751
302 -13.4777 -33.2989
303 -14.1645 -32.9292
304 -14.8562 -32.5688
305 -15.5343 -32.1832
306 -16.2096 -31.7929
307 -16.8821 -31.3977
308 -17.5603 -31.0126
309 -18.2187 -30.5943
310 -18.8825 -30.1846
311 -19.5503 -29.7816
312 -20.1853 -29.3286
313 -20.8181 -28.8726
314 -21.4589 -28.4279
315 -22.0861 -27.9642
316 -22.7204 -27.5103
317  -23.337 -27.0326
318 -23.8733 -26.4662
319 -23.8949 -25.6865
320 -23.4604 -25.0387
321 -22.9788 -24.4251
322 -22.4969 -23.8118
323 -22.0523 -23.1709
324 -21.6098 -22.5286
325 -21.1684 -21.8855
326 -20.6996 -21.2621
327  -20.225 -20.6431
328 -19.7602 -20.0167
329 -19.2961 -19.3899
330 -0.194314 -0.220463
331 -0.750845  0.326046
332 -1.26667 0.911135
333  -1.783 1.49578
334 -2.30021  2.07963
335 -2.80457  2.67463
336 -3.26855  3.30162
337 -3.74631  3.91818
338 -4.25848  4.50647
339 -4.75364  5.10914
340 -5.33084  5.63378
341 -6.10597  5.54676
342 -6.72115  5.06724
343 -7.3278 4.57694
344 -7.94495  4.09995
345 -8.54515   3.6018
346 -9.1806 3.14947
347 -9.79779  2.67251
348 -10.4203  2.20253
349 -11.0053  1.68659
350 -11.6137  1.19847
351 -12.2185 0.705954
352 -12.8184 0.207393
353  -13.4248 -0.283146
354 -14.0276 -0.77815
355 -14.6364 -1.26575
356 -15.2432 -1.75591
357 -15.8395 -2.25867
358 -16.4196 -2.78011
359 -17.0038 -3.29691
360 -17.5913 -3.81006
361 -18.2117 -4.28276
362 -18.8102 -4.78291
363 -19.4175 -5.27246
364 -20.0277 -5.75836
365 -20.6462 -6.23358
366 -21.2479 -6.72992
367 -21.8554 -7.21915
368 -22.4554 -7.71749
369 -23.0645 -8.20478
370 -23.6588 -8.70993
371 -24.2767 -9.18596
372 -24.8853 -9.67386
373 -25.4675 -10.1929
374 -25.0644 -10.8607
375 -24.5898 -11.4796
376 -24.1111 -12.0955
377 -23.6883 -12.7509
378 -23.2589 -13.4021
379 -22.7623 -14.0036
380 -22.2861 -14.6214
381 -21.7975 -15.2294
382 -21.3123 -15.8401
383 -20.8251 -16.4493
384 -20.3359 -17.0568
385 -19.8595 -17.6744
386  -19.392 -18.2987
387 -18.9115 -18.9132
388 -18.4511 -19.5428
389 -17.9965 -20.1766
390 -17.5263  -20.799
391 -17.0606 -21.4247
392 -16.5737 -22.0341
393 -15.8398 -22.2983
394 -15.1326 -21.9693
395  -14.464 -21.5676
396 -13.7992 -21.1597
397 -13.1706 -20.6979
398   -12.52 -20.2676
399 -11.9009 -19.7932
400 -11.2716 -19.3323
401 -10.6183 -18.9061
402 -9.94714 -18.5087
403 -9.30325 -18.0685
404 -8.64774 -17.6458
405 -7.98044 -17.2419
406 -7.32348 -16.8214
407 -6.66995 -16.3956
408  -6.0294 -15.9505
409 -5.38903 -15.5052
410 -4.76378 -15.0389
411 -4.13788 -14.5734
412 -3.52042 -14.0968
413 -2.89208 -13.6347
414 -2.26171 -13.1753
415 -1.62388 -12.7263
416 -0.992582  -12.2682
417 -0.344551  -11.8341
418 0.305882 -11.4036
419 0.969782 -10.9941
420  1.61263 -10.5524
421  2.24543 -10.0964
422  2.87382 -9.63426
423  3.51601 -9.19155
424  4.14174 -8.72587
425  4.79939 -8.30647
426  5.57828 -8.26496
427  6.03931 -8.89413
428  6.49669 -9.52595
429 6.97766  -10.14
430  7.39409 -10.7995
431   7.8981 -11.3948
432  8.36028 -12.0232
433  8.83873 -12.6392
434  9.35748 -13.2217
435   9.8403 -13.8343
436  10.3262 -14.4444
437  10.8017 -15.0628
438  11.2665 -15.6891
439  11.7174 -16.3256
440  12.1922 -16.9444
441  12.6837 -17.5501
442  13.1563 -18.1707
443  13.6276 -18.7922
444  14.1056 -19.4085
445  14.5558 -20.0455
446  15.0325 -20.6629
447  15.4723 -21.3071
448  15.9302 -21.9385
449  16.3847 -22.5724
450  16.5993 -23.3223
451  16.3228 -24.0517
452  15.8016 -24.6319
453  15.2077 -25.1376
454  14.5645 -25.5788
455  13.9069 -25.9984
456  13.2551 -26.4267
457  12.6215 -26.8817
458  11.9849 -27.3324
459  11.3809 -27.8259
460  10.7563 -28.2931
461  10.1117 -28.7324
462  9.51768 -29.2379
463  8.90002 -29.7142
464  8.28384 -30.1925
465  7.66448 -30.6666
466  7.03906 -31.1327
467  6.42788 -31.6173
468  5.82309 -32.1099
469  5.18766 -32.5622
470  4.57246 -33.0418
471  3.98037 -33.5495
472  3.38135 -34.0491
473  2.75773 -34.5176
474  2.13272 -34.9843
475  1.52794 -35.4768
476 0.906823 -35.9487
477 0.289139  -36.425
478 -0.333294   -36.895
479 -0.983215  -37.3263
480  -1.6256 -37.7688
481 -2.26761 -38.2117
482 -2.90625 -38.6595
483 -3.56188 -39.0821
484  -4.2718 -39.4052
485 -5.01888  -39.181
486 -5.47549 -38.5486
487 -5.91777 -37.9061
488 -6.37249 -37.2724
489 -6.83816 -36.6466
490 -7.35346 -36.0611
491 -7.81549 -35.4327
492 -8.28793  -34.812
493 -8.72916 -34.1688
494 -9.19586 -33.5438
495  -9.6595 -32.9166
496  11.2051 -16.1219
497  11.7456 -16.6843
498  12.2528 -17.2769
499  12.7735 -17.8576
500  13.2802 -18.4506
501  13.8205 -19.0131
502  14.3141 -19.6171
503  14.8281 -20.2038
504  15.3372 -20.7947
505  15.8619 -21.3719
506  16.3314 -21.9947
507   16.791 -22.6249
508  16.8425 -23.4032
509  16.3464 -24.0051
510  15.7271 -24.4793
511 15.1136 -24.961
512   14.477 -25.4117
513 13.8672 -25.898
514 13.2337 -26.353
515  12.6282 -26.8448
516  11.9955 -27.3009
517  11.3924 -27.7956
518  10.7611 -28.2537
519  10.1631 -28.7545
520  9.53952 -29.2231
521  8.93929 -29.7212
522  8.31793 -30.1927
523  7.71709 -30.6901
524  7.09743 -31.1638
525  6.49351 -31.6574
526  5.87199 -32.1287
527 5.27523 -32.631
528  4.65203 -33.1001
529 4.03713  -33.58
530  3.40597 -34.0383
531  2.78798 -34.5142
532  2.17502 -34.9965
533  1.58262 -35.5039
534  0.97119 -35.9882
535 0.388726  -36.507
536 -0.240572  -36.9679
537 -0.848092  -37.4571
538 -1.49183 -37.8975
539 -2.10542 -38.3791
540 -2.73693 -38.8369
541 -3.37243 -39.2892
542 -4.10292 -39.5626
543 -4.76414 -39.1489
544 -5.19746 -38.5003
545 -5.64858  -37.864
546  -6.0564 -37.1991
547  -6.5209 -36.5725
548 -6.95819 -35.9266
549 -7.43255 -35.3074
550 -7.87269 -34.6635
551 -8.33291 -34.0337
552 -8.77252 -33.3894
553 -9.25237 -32.7745
554 -9.70521 -32.1394
555 -10.1858  -31.525
556 -10.6145 -30.8734
557 -11.1134 -30.2738
558 -11.5767 -29.6463
559 -12.0401 -29.0189
560 -12.4797 -28.3746
561 -12.9626  -27.762
562 -13.4546 -27.1568
563 -13.9645 -26.5666
564 -14.4562 -25.9611
565 -14.9512 -25.3582
566 -15.4418 -24.7519
567 -15.8846 -24.1097
568 -16.2994 -23.4492
569 -16.1331 -22.6871
570 -15.5649 -22.1527
571 -14.9637 -21.6558
572 -14.3276 -21.2044
573 -13.6956 -20.7472
574 -13.0309  -20.339
575 -12.3977 -19.8836
576 -11.7525 -19.4453
577 -11.1367 -18.9665
578 -10.5167 -18.4933
579 -9.90921  -18.004
580 -9.27515 -17.5497
581 -8.63773 -17.1002
582 -7.98862 -16.6677
583 -7.3363  -16.24
584 -6.68038 -15.8179
585 -6.06155 -15.3431
586 -5.41632 -14.9049
587 -4.79281 -14.4362
588 -4.13909 -14.0107
589 -3.50981 -13.5498
590 -2.85904 -13.1198
591 -2.22705 -12.6627
592 -1.55577 -12.2655
593 -0.90276 -11.8389
594 -0.231026  -11.4424
595 0.403317 -10.9885
596  1.06097 -10.5691
597  1.69128 -10.1097
598  2.35263 -9.69612
599  2.99893 -9.25945
600  3.66107 -8.84718
601  4.28947 -8.38509
602  4.88894 -7.88606
603  5.34019 -7.24984
604  5.17348 -6.48786
605  4.74223 -5.83792
606  4.33336 -5.17368
607  3.88125 -4.53807
608  3.47343 -3.87317
609  3.02528 -3.23477
610  2.61201 -2.57325
611 2.18047 -1.9235
612  1.75449 -1.27009
613   1.30765 -0.630775
614  0.887348 0.0263023
615 0.423677 0.653523
616 -0.0186447    1.29598
617 -0.458847   1.93989
618 -0.900146   2.58305
619 -1.33539  3.23032
620 -1.76875  3.87887
621 -2.22155  4.51397
622 -2.65887  5.15985
623 -3.13248   5.7796
624 -3.78339  6.20939
625 -4.53374   5.9964
626 -5.21517  5.61685
627 -5.87267  5.19721
628 -6.54751  4.80607
629 -7.18613  4.35822
630 -7.85027  3.94918
631 -8.4951 3.51033
632 -9.16766  3.11528
633 -9.82386  2.69362
634 -10.5043  2.31236
635 -11.1731  1.91095
636 -11.8533  1.52913
637 -12.5151   1.1164
638 -13.1881 0.722071
639 -13.8503 0.309811
640    -14.53 -0.072711
641  -15.2019 -0.469004
642  -15.8747 -0.863643
643 -16.5149 -1.30914
644 -17.1804 -1.71604
645 -17.8261  -2.1536
646 -18.5027 -2.54172
647 -19.1694 -2.94647
648 -19.8481 -3.33094
649 -20.5216 -3.72428
650 -21.1981 -4.11269
651 -21.8594 -4.52619
652 -22.5393 -4.90848
653 -23.2054 -5.31435
654 -23.9019 -5.66543
655 -24.5703 -6.06759
656 -25.2355  -6.4748
657 -25.9066 -6.87238
658 -26.5492 -7.31447
659  -27.062 -7.90225
660 -26.9271  -8.6705
661 -26.5664 -9.36208
662 -26.2166 -10.0593
663 -25.8177 -10.7296
664 -25.4494 -11.4171
665 -25.0536 -12.0892
666  12.4677 -15.5578
667  12.9277 -16.1878
668  13.335 -16.853
669  13.7576 -17.5086
670  14.1749 -18.1676
671  14.6239 -18.8054
672  15.0669 -19.4474
673 15.4986 -20.097
674 15.8807 -20.777
675  16.3179 -21.4229
676  16.7131 -22.0954
677  17.1458 -22.7444
678  17.5134 -23.4323
679  17.4377 -24.2087
680  16.8605 -24.7333
681  16.2224 -25.1819
682  15.5432 -25.5654
683  14.8912 -25.9935
684  14.2309 -26.4088
685  13.6044 -26.8734
686 12.9692 -27.326
687 12.3528 -27.804
688  11.7189 -28.2585
689   11.103 -28.7371
690  10.4637 -29.1841
691  9.85373 -29.6702
692  9.23738 -30.1482
693 8.64365 -30.654
694  8.01254 -31.1124
695 7.38972 -31.582
696  6.75028 -32.0287
697  6.12415 -32.4938
698  5.47538 -32.9268
699  4.83746 -33.3756
700  4.18794 -33.8075
701  3.57681 -34.2922
702  2.96344 -34.7741
703  2.33687 -35.2386
704  1.69449 -35.6811
705  1.08312 -36.1654
706 0.452743 -36.6248
707 -0.158092  -37.1099
708 -0.78534 -37.5735
709 -1.39266  -38.063
710 -2.02623 -38.5179
711 -2.64555 -38.9921
712 -3.27616 -39.4511
713 -4.00295 -39.7343
714 -4.64127  -39.286
715 -5.12952 -38.6777
716 -5.57624 -38.0383
717 -6.04985 -37.4186
718 -6.49157 -36.7757
719 -6.92788 -36.1291
720 -7.36005 -35.4798
721 -7.81662 -34.8474
722 -8.24452 -34.1953
723 -8.68596 -33.5522
724 -9.10675 -32.8954
725 -9.5781 -32.274
726 -10.0234 -31.6335
727 -10.4936 -31.0112
728 -10.9718  -30.395
729  -11.456 -29.7835
730 -11.918 -29.155
731 -12.4001 -28.5419
732 -12.8724 -27.9211
733 -13.3683  -27.319
734 -13.8284 -26.6892
735 -14.3001  -26.068
736 -14.7632 -25.4403
737 -15.2426 -24.8251
738 -15.7094 -24.2002
739 -16.1583 -23.5623
740 -16.2722 -22.7906
741  -15.731 -22.2289
742 -15.101 -21.769
743 -14.4682  -21.313
744 -13.8344 -20.8584
745 -13.2281 -20.3677
746 -12.5804  -19.933
747 -11.9475 -19.4771
748 -11.2884 -19.0601
749 -10.6668 -18.5889
750 -10.0145 -18.1612
751 -9.38221 -17.7044
752 -8.72998 -17.2767
753 -8.10437 -16.8108
754 -7.4568 -16.376
755 -6.82488 -15.9188
756 -6.18221 -15.4767
757 -5.56865 -14.9951
758 -4.93341 -14.5425
759 -4.30704 -14.0777
760 -3.66395 -13.6363
761 -3.04566 -13.1608
762 -2.40254 -12.7194
763 -1.77849 -12.2515
764 -1.13315 -11.8134
765 -0.497813  -11.3609
766 0.147439 -10.9227
767  0.78701 -10.4762
768  1.44403 -10.0558
769  2.09664 -9.62858
770  2.74904 -9.20106
771 3.36607 -8.7239
772 3.98159 -8.2448
773  4.55808 -7.71939
774  4.92745 -7.03239
775  4.67858 -6.29316
776  4.30294 -5.60958
777  3.85722 -4.96947
778  3.44696 -4.30608
779    2.999 -3.66754
780  2.58124 -3.00885
781  2.11199 -2.38579
782   1.6795 -1.73667
783  1.21502 -1.11005
784  0.770905 -0.468827
785 0.303331 0.155494
786 -0.150532  0.789849
787 -0.620971   1.41201
788 -1.09718  2.02977
789 -1.5791 2.64308
790 -2.04025  3.27217
791 -2.48793   3.9109
792 -2.9055 4.56971
793 -3.3637 5.20094
794 -3.85364  5.80787
795 -4.54504  6.16892
796 -5.28947  5.93604
797 -5.94823  5.51838
798 -6.61328  5.11082
799 -7.24956  4.65966
800 -7.89125  4.21623
801 -8.53079   3.7697
802 -9.18391  3.34328
803 -9.8409 2.92284
804 -10.499 2.50422
805 -11.1288    2.044
806 -11.7695  1.59918
807 -12.4069  1.14955
808 -13.0785 0.752922
809 -13.7393 0.338389
810   -14.4075 -0.0639895
811  -15.0579 -0.494512
812  -15.7207 -0.905689
813  -16.362 -1.34962
814 -17.0206 -1.76754
815  -17.677 -2.18898
816 -18.3206 -2.62962
817 -18.9638 -3.07083
818 -19.6255  -3.4839
819 -20.2743 -3.91677
820 -20.9446 -4.31569
821 -21.6004 -4.73793
822 -22.2582  -5.1572
823 -22.9155 -5.57712
824 -23.5735 -5.99594
825 -24.2216 -6.42995
826 -24.8839 -6.84204
827 -25.5271 -7.28321
828 -26.1632 -7.73468
829 -26.7062  -8.2946
830  -26.737 -9.07399
831 -26.3329 -9.74117
832 -25.9248 -10.4059
833 -25.4861 -11.0508
834 -25.0535 -11.6998
835 -24.5769 -12.3173
836   15.271 -18.0153
837  15.6703 -18.6853
838  16.0343 -19.3751
839 16.3944 -20.067
840  16.7078 -20.7813
841  17.0629 -21.4758
842  17.3968 -22.1807
843  17.7499 -22.8762
844  18.0714 -23.5869
845 18.4193 -24.285
846 18.7466 -24.993
847 18.8246 -25.769
848  18.2625 -26.3098
849  17.6161 -26.7463
850   16.929 -27.1156
851  16.2667 -27.5276
852 15.5943 -27.923
853  14.9412 -28.3493
854 14.2714 -28.749
855  13.6061 -29.1561
856  12.9235 -29.5337
857  12.2575 -29.9396
858  11.5796 -30.3256
859  10.9123 -30.7294
860 10.2454 -31.134
861 9.59275 -31.561
862  8.92532 -31.9647
863  8.28687 -32.4128
864  7.62995 -32.8333
865 6.98165 -33.267
866   6.3192 -33.6788
867  5.65241 -34.0835
868  4.98095 -34.4804
869  4.33761 -34.9215
870  3.66225 -35.3117
871  3.00936 -35.7385
872  2.34919 -36.1539
873 1.70317 -36.591
874  1.03197 -36.9884
875 0.366907 -37.3959
876 -0.305919  -37.7905
877 -0.963164  -38.2105
878 -1.61625  -38.637
879 -2.25409  -39.086
880 -2.89975 -39.5236
881 -3.56547 -39.9301
882 -4.34458 -39.8928
883 -4.82493 -39.2782
884  -5.2437 -38.6202
885 -5.69305 -37.9826
886 -6.14248 -37.3451
887 -6.60147 -36.7145
888 -7.04498 -36.0728
889 -7.50814 -35.4452
890 -7.95968 -34.8092
891 -8.42992 -34.1869
892 -8.85075 -33.5302
893 -9.31946 -32.9067
894 -9.77075 -32.2705
895 -10.2344 -31.6432
896 -10.6825 -31.0048
897 -11.1158 -30.3563
898 -11.5539 -29.7109
899 -12.0206 -29.0859
900 -12.4729 -28.4505
901 -12.9619 -27.8428
902 -13.4163 -27.2088
903 -13.8921 -26.5907
904 -14.3093 -25.9317
905 -14.7769 -25.3074
906 -15.2427 -24.6817
907 -15.7202  -24.065
908 -16.0743   -23.37
909 -15.6275 -22.7306
910 -15.0216 -22.2394
911 -14.4252 -21.7367
912 -13.8012 -21.2687
913 -13.2083 -20.7619
914 -12.6074 -20.2646
915 -12.0111 -19.7617
916 -11.3984 -19.2791
917 -10.8009 -18.7776
918 -10.2107 -18.2676
919 -9.61162 -17.7682
920 -8.99011 -17.2969
921 -8.37392 -16.8187
922 -7.75913 -16.3386
923 -7.15848  -15.841
924  -6.5199 -15.3931
925 -5.90698 -14.9107
926  -5.2623 -14.4716
927 -4.62901 -14.0162
928 -3.99364 -13.5638
929 -3.36718 -13.0991
930 -2.70894 -12.6806
931 -2.08151 -12.2172
932  -1.4412 -11.7718
933 -0.81509 -11.3066
934 -0.155607  -10.8901
935 0.480154 -10.4382
936  1.12355 -9.99728
937  1.76317 -9.55088
938  2.42608 -9.13983
939  3.06296 -8.68952
940  3.71558 -8.26234
941  4.33615 -7.78979
942  4.91252 -7.26425
943  5.23874 -6.55574
944  4.96465 -5.82549
945  4.48523 -5.21022
946  4.03394 -4.57402
947  3.53859 -3.97151
948 3.06874 -3.3489
949  2.57481 -2.74521
950  2.11146 -2.11776
951  1.62147 -1.51087
952   1.15429 -0.886258
953  0.680429 -0.266693
954   0.2349 0.373543
955 -0.229462   1.00026
956 -0.656622   1.65289
957 -1.11049  2.28724
958 -1.55252   2.9299
959   -2.01 3.56166
960 -2.44858  4.20667
961 -2.9186 4.82915
962 -3.3717 5.46405
963 -3.84441  6.08449
964 -4.45698  6.56736
965 -5.22018  6.40637
966 -5.9187 6.05927
967 -6.58418   5.6524
968 -7.2545 5.25357
969 -7.90445  4.82233
970 -8.57045  4.41633
971 -9.21532  3.97753
972 -9.85874   3.5366
973 -10.4979  3.08948
974 -11.1613  2.67922
975 -11.8023  2.23492
976 -12.4617  1.81818
977 -13.0871  1.35203
978 -13.7486 0.938776
979 -14.4027 0.513803
980  -15.079 0.125215
981  -15.7295 -0.305199
982 -16.4038 -0.69729
983 -17.0631 -1.11396
984 -17.7439 -1.49478
985 -18.4097 -1.90099
986 -19.0947 -2.27406
987 -19.7635 -2.67554
988 -20.4312 -3.07865
989 -21.0932 -3.49127
990 -21.7656 -3.88656
991 -22.4326  -4.2909
992 -23.1227  -4.6545
993 -23.7951 -5.04972
994 -24.4559 -5.46413
995 -25.1037 -5.89858
996 -25.7689 -6.30596
997 -26.4067  -6.7549
998 -27.013 -7.2456
999 -27.502 -7.8533
1000 -27.4228 -8.62926
1001 -27.0244 -9.29987
1002 -26.6219 -9.96797
1003 -26.2037 -10.6264
1004 -25.8025 -11.2953
1005 -25.3681 -11.9432
1006 -12.4232  -28.872
1007 -12.8663 -28.2301
1008 -13.2841 -27.5714
1009 -13.7356 -26.9354
1010 -14.1564 -26.2786
1011 -14.6201 -25.6514
1012 -15.0302 -24.9879
1013 -15.4766 -24.3483
1014 -15.9392 -23.7203
1015 -16.3531 -23.0591
1016 -16.1479 -22.3066
1017 -15.5582  -21.796
1018 -14.8953 -21.3851
1019 -14.2708 -20.9177
1020 -13.6146 -20.4961
1021 -12.9775  -20.046
1022 -12.3253 -19.6183
1023 -11.6993 -19.1529
1024 -11.0393 -18.7372
1025 -10.4331 -18.2464
1026 -9.81028 -17.7768
1027 -9.18947 -17.3046
1028 -8.55226 -16.8547
1029 -7.95687 -16.3508
1030 -7.30727 -15.9191
1031 -6.68866  -15.444
1032 -6.04731 -15.0001
1033 -5.44607 -14.5032
1034 -4.79165 -14.0787
1035 -4.17992 -13.5948
1036 -3.53561 -13.1552
1037 -2.92321 -12.6721
1038 -2.27603 -12.2367
1039 -1.64843 -11.7736
1040 -1.00261 -11.3362
1041 -0.378025  -10.8689
1042  0.27769 -10.4465
1043 0.905046 -9.98303
1044  1.57642 -9.58597
1045  2.21385 -9.13643
1046  2.89391 -8.75443
1047  3.52922 -8.30191
1048  4.19049 -7.88823
1049  4.80842 -7.41225
1050  5.50728 -7.06586
1051  6.18329 -7.45498
1052  6.61945 -8.10164
1053  7.06775 -8.73993
1054  7.52894 -9.36899
1055  8.07379 -9.92714
1056  8.84089 -9.78584
1057  9.45021 -9.29888
1058   10.088 -8.84984
1059  10.6835 -8.34612
1060   11.307 -7.87743
1061  11.9332 -7.41232
1062  12.5613 -6.94991
1063  13.1836 -6.47962
1064  13.8048 -6.00793
1065  14.3441 -5.44444
1066  14.7565 -4.78236
1067   14.458 -4.06175
1068  14.0388 -3.40394
1069  13.5644 -2.78479
1070  13.1385 -2.13139
1071  12.6733 -1.50526
1072  12.2379 -0.85809
1073   11.7862 -0.222214
1074  11.3603 0.431284
1075 10.8919 1.05496
1076 10.3825 1.64564
1077 9.64882 1.91043
1078 8.96882 1.52833
1079 8.35862 1.04248
1080  7.73936 0.568221
1081   7.1172 0.097786
1082    6.4714 -0.339645
1083   5.82711 -0.779293
1084  5.19166 -1.23162
1085  4.51536 -1.62024
1086  5.23701 -1.32422
1087   5.93762 -0.981364
1088   6.64367 -0.649866
1089   7.31338 -0.250007
1090 -12.4415 -28.8576
1091 -12.8477 -28.1917
1092 -13.2843 -27.5453
1093 -13.7362 -26.9095
1094 -14.168  -26.26
1095 -14.6247 -25.6277
1096 -15.0274 -24.9597
1097 -15.5017 -24.3405
1098 -15.9387 -23.6944
1099 -16.3182 -23.0129
1100 -16.0362 -22.2857
1101 -15.4829 -21.7359
1102 -14.8299 -21.3094
1103 -14.1851 -20.8704
1104 -13.5307 -20.4459
1105 -12.8975 -19.9905
1106 -12.2483 -19.5581
1107 -11.6159 -19.1016
1108 -10.9524 -18.6914
1109 -10.3359 -18.2136
1110 -9.70337 -17.7572
1111 -9.10333 -17.2588
1112 -8.48271 -16.7864
1113 -7.88479 -16.2855
1114 -7.25361 -15.8272
1115 -6.64458 -15.3399
1116 -6.00357 -14.8955
1117 -5.39183 -14.4116
1118 -4.74765 -13.9717
1119 -4.12936 -13.4962
1120 -3.48776 -13.0527
1121 -2.86504  -12.583
1122 -2.23273 -12.1262
1123 -1.61481 -11.6502
1124 -0.966118  -11.2171
1125 -0.346357  -10.7435
1126 0.297349  -10.303
1127 0.922504 -9.83656
1128   1.5764 -9.41132
1129  2.19975 -8.94246
1130  2.84673 -8.50678
1131  3.47055 -8.03855
1132   4.1052 -7.58509
1133  4.73112 -7.11966
1134  5.50325 -7.00916
1135  6.09245 -7.52028
1136  6.51389 -8.17663
1137  6.95876 -8.81732
1138  7.40002 -9.46051
1139  8.03884 -9.90807
1140  8.74718 -9.58149
1141  9.37327 -9.11629
1142  10.0048 -8.65854
1143  10.6148 -8.17236
1144  11.2444 -7.71201
1145  11.8436 -7.21257
1146  12.4824 -6.76506
1147  13.1065 -6.29723
1148  13.7423 -5.84539
1149 14.3338 -5.3369
1150 14.7436 -4.6732
1151  14.4787 -3.93955
1152  14.0752 -3.27204
1153  13.6067 -2.64841
1154  13.1927 -1.98734
1155  12.7636 -1.33601
1156   12.3439 -0.678497
1157    11.8901 -0.0441141
1158  11.4541 0.602618
1159 10.9733 1.21686
1160 10.4419  1.7878
1161 9.68588 1.97973
1162 9.01735 1.57789
1163 8.39954 1.10175
1164   7.7835 0.623315
1165  7.17521 0.135076
1166   6.53936 -0.316695
1167    5.9134 -0.782073
1168  5.27636 -1.23216
1169  4.60867 -1.63538
1170  4.31943 -2.35977
1171  5.09331 -2.26222
1172  5.79514 -1.92188
1173  6.45311 -1.50297
1174  7.11239 -1.08615
1175 7.74044 -0.6236
1176 -12.7358 -29.0522
1177 -13.1989 -28.4246
1178 -13.5675 -27.7372
1179 -13.9729 -27.0708
1180 -14.3693  -26.399
1181 -14.8155 -25.7593
1182  -15.233 -25.1004
1183 -15.6855 -24.4651
1184 -16.1191 -23.8167
1185 -16.5493 -23.1661
1186 -16.1906 -22.4734
1187 -15.5763 -21.9927
1188 -14.9057 -21.5945
1189  -14.268 -21.1453
1190 -13.6093 -20.7276
1191 -12.9757 -20.2725
1192  -12.341 -19.8192
1193 -11.7266 -19.3386
1194 -11.1009  -18.873
1195 -10.4779 -18.4036
1196 -9.83328 -17.9645
1197 -9.22144 -17.4807
1198 -8.58089 -17.0356
1199 -7.96452 -16.5576
1200 -7.32716 -16.1079
1201 -6.73504 -15.6002
1202 -6.11245 -15.1303
1203  -5.4797 -14.6742
1204 -4.82929 -14.2437
1205 -4.19792 -13.7857
1206 -3.57149  -13.321
1207 -2.94225   -12.86
1208 -2.28379 -12.4419
1209 -1.64078 -12.0004
1210 -0.985417  -11.5774
1211 -0.353159  -11.1206
1212 0.302457 -10.6981
1213 0.936086 -10.2432
1214  1.59379 -9.82386
1215  2.21249 -9.34888
1216 2.84483 -8.8922
1217  3.46639 -8.42097
1218 4.10067  -7.967
1219  4.70817 -7.47777
1220  5.42251 -7.16454
1221  6.08893 -7.56987
1222  6.51454 -8.22352
1223  6.97581 -8.85251
1224  7.43423 -9.48358
1225  7.99519 -10.0255
1226   8.7709 -10.1072
1227  9.39088 -9.63385
1228  9.99337 -9.13847
1229  10.5663 -8.60915
1230  11.1548 -8.09728
1231  11.7381 -7.57942
1232   12.353 -7.09957
1233   12.943 -6.58938
1234  13.559 -6.1109
1235  14.1325 -5.58221
1236  14.7108 -5.05872
1237  14.9475 -4.31551
1238  14.5538 -3.64218
1239  14.0324 -3.06198
1240  13.5741 -2.43089
1241  13.1274 -1.79144
1242  12.6828 -1.15054
1243   12.2232 -0.520343
1244  11.7749 0.117957
1245  11.3152 0.748109
1246  10.838 1.36512
1247 10.2653 1.89464
1248 9.50026 1.74266
1249 8.87444  1.2771
1250  8.25635 0.801324
1251  7.62772 0.339559
1252   6.98419 -0.101202
1253   6.33695 -0.536488
1254 5.69046 -0.9729
1255  5.05419 -1.42408
1256  4.42959 -1.89127
1257  3.76684 -1.47998
1258   4.29369 -0.904799
1259  4.90832 -0.42456
1260   5.51679 0.0634585
1261  6.10383 0.577052
1262 -12.3814 -29.6646
1263 -12.8014 -29.0073
1264 -13.2516 -28.3704
1265 -13.7381 -27.7606
1266 -14.1368 -27.0902
1267 -14.5836 -26.4509
1268 -14.9715 -25.7742
1269 -15.4448 -25.1542
1270  -15.906 -24.5252
1271 -16.4144 -23.9337
1272 -16.5205 -23.1609
1273 -15.9635 -22.6149
1274 -15.3284 -22.1621
1275 -14.7014 -21.6981
1276 -14.0589 -21.2558
1277 -13.4459 -20.7734
1278  -12.797 -20.3406
1279 -12.1724 -19.8734
1280 -11.5286 -19.4331
1281 -10.9022 -18.9683
1282 -10.2399 -18.5562
1283 -9.61744 -18.0862
1284 -8.95936 -17.6675
1285  -8.3139 -17.2296
1286 -7.64045  -16.836
1287 -7.03383 -16.3457
1288 -6.37714 -15.9248
1289 -5.75152  -15.459
1290 -5.09116 -15.0439
1291 -4.45757 -14.5889
1292 -3.80253 -14.1655
1293 -3.22628 -13.6398
1294 -2.56311 -13.2292
1295 -1.92421 -12.7817
1296 -1.26878 -12.3589
1297 -0.689805  -11.8362
1298 -0.0491711   -11.3912
1299 0.582042  -10.933
1300  1.22042 -10.4848
1301  1.82129 -9.98747
1302  2.44164 -9.51465
1303  3.01507 -8.98589
1304  3.62663 -8.50175
1305  4.18936 -7.96163
1306   4.8048 -7.48243
1307   5.4925 -7.11437
1308  6.20865 -7.42345
1309 6.68343 -8.0423
1310  7.11772 -8.69022
1311  7.5909 -9.3103
1312  8.12631 -9.87751
1313  8.90609 -9.89606
1314  9.56337 -9.47607
1315   10.164 -8.97842
1316  10.8083 -8.53874
1317   11.416 -8.04982
1318  12.0571 -7.60553
1319 12.6574 -7.1075
1320  13.2774 -6.63426
1321  13.8692 -6.12613
1322  14.4809 -5.64216
1323  15.0435 -5.10185
1324  15.3309 -4.37675
1325  14.8789 -3.74108
1326   14.401 -3.12466
1327  13.9035 -2.52391
1328  13.4329 -1.90186
1329  12.9147 -1.31886
1330   12.4616 -0.683959
1331    11.9475 -0.0973572
1332  11.4904 0.534689
1333 10.9763 1.12129
1334 10.4888 1.73015
1335 9.96353 2.30678
1336 9.49549 2.93074
1337 8.99267 3.52705
1338 8.50159 4.13305
1339 8.00414 4.73383
1340 7.36923 5.18692
1341 6.67859 4.82441
1342 6.07352 4.33218
1343 5.51302 3.78974
1344 4.91312 3.29123
1345 4.35307 2.74832
1346 3.81769 2.18107
1347 4.28839 2.80304
1348 4.87561 3.31643
1349  5.4144 3.88044
1350 -12.6069 -28.7925
1351  -12.996 -28.1165
1352 -13.4336 -27.4708
1353 -13.8866 -26.8359
1354 -14.3013 -26.1752
1355 -14.7665 -25.5491
1356 -15.1776 -24.8863
1357 -15.6348 -24.2543
1358 -16.0585 -23.5994
1359  -16.466 -22.9343
1360 -16.2639 -22.1809
1361 -15.6689 -21.6766
1362  -15.013 -21.2544
1363 -14.3689 -20.8145
1364 -13.7044  -20.406
1365 -13.0607 -19.9655
1366 -12.3941 -19.5604
1367 -11.7349 -19.1435
1368 -11.0733 -18.7304
1369  -10.414 -18.3135
1370 -9.73436 -17.9309
1371 -9.08723 -17.4954
1372 -8.42275 -17.0869
1373  -7.7992 -16.6183
1374 -7.13327 -16.2122
1375 -6.48787 -15.7742
1376 -5.81918 -15.3726
1377 -5.18993 -14.9117
1378 -4.53765  -14.484
1379  -3.9273 -13.9983
1380 -3.28676 -13.5532
1381 -2.67831 -13.0652
1382 -2.03601 -12.6226
1383 -1.40543 -12.1635
1384 -0.752974  -11.7361
1385 -0.147607  -11.2442
1386 0.495356 -10.8027
1387  1.12496 -10.3422
1388  1.76668 -9.89884
1389  2.38629 -9.42504
1390   3.0415 -9.00183
1391  3.66705 -8.53591
1392  4.29735 -8.07642
1393  4.90345 -7.58546
1394  5.56604 -7.17392
1395  6.22168 -7.59646
1396  6.64042 -8.25453
1397  7.13054 -8.86132
1398  7.60392 -9.48124
1399  8.12183 -10.0645
1400  8.89435 -10.1722
1401  9.48344 -9.66093
1402  10.0822 -9.16105
1403   10.676 -8.65533
1404 11.2915 -8.1761
1405  11.9034 -7.69244
1406  12.5089 -7.20079
1407  13.0913 -6.68188
1408 13.6832 -6.1739
1409  14.2423 -5.62997
1410  14.7313 -5.02229
1411  14.7733 -4.24343
1412  14.3027 -3.62143
1413  13.7645 -3.05683
1414   13.265 -2.45778
1415  12.7371 -1.88349
1416 12.2017 -1.3163
1417   11.6387 -0.776493
1418   11.1216 -0.192531
1419  10.5892 0.377508
1420  10.1032 0.987596
1421 9.59064 1.57556
1422  9.1062 2.18688
1423 8.60522 2.78473
1424 8.13199 3.40478
1425 7.61467 3.98854
1426  7.0765 4.55314
1427 6.32836 4.77379
1428 5.67788 4.34334
1429  5.1201 3.79811
1430   4.546 3.27009
1431  3.9802 2.73318
1432 3.42462 2.18571
1433 2.89272  1.6152
1434 2.33483 1.07007
1435  1.57301 0.902649
1436  2.1435 1.43457
1437 2.77701 1.88961
1438 3.37317 2.39261
1439 -12.1857  -28.616
1440 -12.6215 -27.9692
1441 -13.0553 -27.3209
1442 -13.4767 -26.6646
1443 -13.9308 -26.0304
1444 -14.3816 -25.3938
1445 -14.8545 -24.7736
1446 -15.3145 -24.1436
1447 -15.7822 -23.5194
1448 -16.1234  -22.818
1449 -15.6468 -22.2005
1450 -15.0069 -21.7544
1451 -14.3865 -21.2817
1452 -13.7309 -20.8592
1453  -13.109 -20.3884
1454  -12.454 -19.9648
1455 -11.8178 -19.5136
1456  -11.148 -19.1138
1457 -10.5007 -18.6786
1458 -9.83301 -18.2754
1459  -9.2128 -17.8023
1460 -8.5636  -17.37
1461 -7.94289 -16.8976
1462 -7.30636 -16.4468
1463 -6.69344 -15.9644
1464 -6.04867 -15.5254
1465  -5.4484 -15.0274
1466 -4.80658 -14.5841
1467 -4.18982 -14.1066
1468 -3.54421 -13.6689
1469 -2.90816 -13.2174
1470  -2.2517 -12.7962
1471 -1.63324 -12.3209
1472 -1.00467  -11.859
1473 -0.403499  -11.3621
1474 0.237219 -10.9172
1475 0.855992 -10.4423
1476  1.49582 -9.99621
1477  2.07837 -9.47752
1478   2.7134 -9.02461
1479 3.31406  -8.527
1480  3.94032 -8.06202
1481  4.52061 -7.54081
1482  5.19755 -7.15332
1483  5.90301 -7.48608
1484  6.38362 -8.10042
1485  6.87915 -8.70278
1486  7.34173 -9.33082
1487  7.89841 -9.87717
1488  8.60533 -10.2068
1489  9.24797 -9.76477
1490  9.86193 -9.28367
1491   10.449 -8.77009
1492   11.056 -8.28021
1493  11.6395 -7.76262
1494  12.2471 -7.27354
1495  12.8393 -6.76586
1496  13.4441 -6.27336
1497  14.0179 -5.74504
1498  14.5913 -5.21626
1499  14.8261 -4.47242
1500   14.441 -3.79411
1501  13.9119 -3.22101
1502   13.426 -2.61082
1503  12.9418 -1.99936
1504  12.4778 -1.37234
1505   11.9876 -0.765623
1506   11.5054 -0.152558
1507  10.9913 0.434062
1508 10.4979  1.0382
1509 9.99089  1.6309
1510 9.51053 2.24544
1511 9.00191 2.83679
1512  8.5344 3.46116
1513 8.00689 4.03574
1514 7.44727 4.57908
1515 6.72679 4.87794
1516 6.05461 4.48224
1517 5.52063 3.91368
1518 4.96694 3.36429
1519 4.39581 2.83305
1520 3.80917   2.319
1521 3.25479 1.77031
1522 2.68153 1.24138
1523  1.96526 0.932581
1524 2.47167 1.52583
1525 3.00976 2.09051
1526 3.55023  2.6529
1527 4.09969 3.20652
1528 -11.7473 -28.4981
1529  -12.217 -27.8754
1530 -12.7061 -27.2678
1531 -13.2345 -26.6941
1532 -13.7299 -26.0915
1533 -14.2339 -25.4963
1534 -14.7081 -24.8769
1535 -15.2043 -24.2752
1536 -15.6751 -23.6533
1537 -16.1506 -23.0349
1538 -15.9123 -22.2922
1539 -15.3367 -21.7659
1540 -14.6969 -21.3196
1541 -14.0821 -20.8396
1542 -13.4508 -20.3816
1543 -12.8491 -19.8852
1544 -12.2024 -19.4491
1545 -11.5937 -18.9613
1546 -10.9566 -18.5114
1547 -10.3364 -18.0383
1548 -9.69561 -17.5936
1549 -9.09631 -17.0944
1550 -8.45264 -16.6538
1551 -7.85049  -16.158
1552 -7.21655 -15.7036
1553 -6.60163 -15.2237
1554 -5.97515  -14.759
1555 -5.36537 -14.2726
1556 -4.72165 -13.8322
1557 -4.09944 -13.3618
1558 -3.48105 -12.8864
1559 -2.88506 -12.3832
1560 -2.25405 -11.9247
1561 -1.62367 -11.4653
1562 -0.971589  -11.0373
1563 -0.348949  -10.5675
1564 0.303697 -10.1404
1565 0.947376 -9.69983
1566   1.6035 -9.27804
1567 2.23879 -8.8255
1568  2.91047 -8.42895
1569  3.54814 -7.97975
1570  4.17943 -7.52164
1571  4.77118 -7.01347
1572  5.53266 -6.84453
1573  6.08319 -7.39709
1574  6.51113 -8.04921
1575  6.94342 -8.69846
1576 7.36206 -9.3566
1577  7.92496 -9.89654
1578  8.68218 -9.70944
1579  9.32254 -9.26408
1580  9.98289 -8.84895
1581  10.6055 -8.37912
1582  11.2321 -7.91461
1583  11.8698 -7.46546
1584  12.5258 -7.04342
1585 13.1724 -6.6072
1586  13.8136 -6.16305
1587  14.4095 -5.65981
1588  14.8708 -5.03078
1589  14.6447 -4.28426
1590  14.1821 -3.65624
1591  13.6877 -3.05294
1592  13.2367 -2.41653
1593  12.7621 -1.79755
1594  12.3444 -1.13882
1595   11.8749 -0.515971
1596  11.4387 0.130699
1597  10.9538 0.741665
1598 10.5043 1.37913
1599 10.0368 2.00346
1600 9.59843 2.64864
1601  9.1141 3.26005
1602 8.63292 3.87394
1603 8.16478 4.49784
1604 7.69919 5.12364
1605 7.21042 5.73151
1606  6.7691 6.37466
1607  6.3015 6.99896
1608 5.85976 7.64181
1609 5.36818 8.24741
1610  4.6182 8.46171
1611 3.96829  8.0304
1612 3.36454 7.53655
1613 2.76613 7.03624
1614 2.14119  6.5695
1615 1.53852 6.07433
1616 0.926075  5.59131
1617 0.321825  5.09808
1618 -0.388849   4.77661
1619 -1.13718  4.99661
1620 -0.555372   5.51612
1621 0.0545745    6.0023
1622 0.632171  6.52649
1623 -11.7697 -28.4582
1624 -12.2028 -27.8095
1625 -12.6435 -27.1659
1626 -13.1332 -26.5588
1627 -13.5765  -25.917
1628 -14.0544 -25.3005
1629 -14.4958 -24.6574
1630 -15.0305 -24.0896
1631 -15.5076 -23.4725
1632 -15.9299 -22.8168
1633 -15.5087 -22.1603
1634 -14.9009 -21.6715
1635 -14.2737 -21.2078
1636  -13.658 -20.7288
1637 -13.0169 -20.2846
1638 -12.3983 -19.8095
1639 -11.7593 -19.3622
1640 -11.1181  -18.918
1641 -10.4798 -18.4698
1642 -9.87349  -17.979
1643 -9.22977 -17.5386
1644 -8.61623 -17.0569
1645 -7.97235 -16.6167
1646 -7.35775 -16.1364
1647 -6.72396 -15.6818
1648 -6.11303 -15.1968
1649 -5.47164 -14.7529
1650  -4.8864 -14.2373
1651 -4.25327 -13.7817
1652 -3.65243 -13.2843
1653 -3.04576 -12.7941
1654 -2.43152 -12.3133
1655 -1.77952 -11.8852
1656 -1.16114 -11.4098
1657 -0.511834  -10.9776
1658 0.107103 -10.5029
1659  0.75862 -10.0741
1660  1.38546 -9.60987
1661  2.01668 -9.15166
1662  2.63395 -8.67482
1663  3.26594 -8.21766
1664  3.84117 -7.69087
1665 4.41003 -7.1572
1666 5.13131 -6.8603
1667  5.77235 -7.30467
1668  6.27908 -7.89765
1669  6.71839 -8.54217
1670  7.19265 -9.16143
1671  7.69678 -9.75662
1672  8.45496 -9.93979
1673  9.08316 -9.47743
1674  9.71336 -9.01782
1675  10.3387 -8.55167
1676  10.9532 -8.07119
1677  11.5881 -7.61804
1678   12.203 -7.13818
1679 12.8187 -6.6593
1680  13.4497 -6.20078
1681  14.0672 -5.72425
1682  14.5447 -5.10747
1683  14.2699 -4.37747
1684  13.7919 -3.76108
1685  13.3281 -3.13397
1686  12.8159 -2.54571
1687   12.333 -1.93318
1688  11.8482 -1.32212
1689   11.4121 -0.675398
1690    10.9324 -0.0604068
1691  10.4858 0.579085
1692  9.9971 1.18705
1693 9.54159 1.82022
1694 9.09282 2.45819
1695 8.66369 3.10954
1696 8.17865 3.72038
1697 7.72739 4.35659
1698 7.23034 4.95771
1699  6.7499 5.57219
1700 6.26202 6.18076
1701  5.8222 6.82494
1702 5.31752 7.41966
1703 4.69256 7.88637
1704 3.96151 7.61439
1705 3.33481 7.15002
1706 2.74966 6.63427
1707 2.14058 6.14701
1708 1.54233  5.6465
1709 0.921773  5.17395
1710 0.350764  4.64258
1711 -0.228546   4.12028
1712 -0.937671   3.79541
1713 -0.396447   4.35708
1714 0.210632  4.84683
1715 0.768846  5.39162
1716 1.35139 5.91032
1717 1.90185 6.46294
1718 -12.4063 -27.9376
1719 -12.8369 -27.2872
1720 -13.2932 -26.6546
1721 -13.7756 -26.0417
1722 -14.1928 -25.3826
1723 -14.6527 -24.7526
1724  -15.088 -24.1054
1725 -15.5698  -23.492
1726 -15.8771 -22.7751
1727  -15.552 -22.0661
1728 -14.9268 -21.5996
1729 -14.2961 -21.1407
1730 -13.6508 -20.7026
1731 -13.0305 -20.2297
1732 -12.3792 -19.8005
1733 -11.7652 -19.3195
1734 -11.1069 -18.9011
1735 -10.4889 -18.4252
1736 -9.84734 -17.9816
1737 -9.22447 -17.5121
1738 -8.57526 -17.0797
1739 -7.96406 -16.5951
1740 -7.31065 -16.1692
1741 -6.68999 -15.6967
1742 -6.03258  -15.277
1743 -5.40467 -14.8142
1744 -4.77628 -14.3521
1745 -4.16657 -13.8657
1746 -3.52003 -13.4293
1747 -2.88638 -12.9745
1748 -2.22586 -12.5596
1749 -1.60133 -12.0923
1750 -0.940575  -11.6778
1751 -0.322368  -11.2022
1752 0.314943 -10.7525
1753 0.918742 -10.2587
1754  1.57216 -9.83274
1755  2.19317 -9.36078
1756  2.84701 -8.93548
1757  3.45863 -8.45141
1758   4.0921 -7.99631
1759  4.68032 -7.48406
1760  5.37757 -7.13444
1761  6.11742 -7.38148
1762  6.62756 -7.97152
1763  7.11191 -8.58292
1764  7.58401 -9.20382
1765  8.18551 -9.70041
1766  8.94702 -9.53154
1767  9.56954 -9.06158
1768   10.191 -8.59019
1769  10.8018 -8.10511
1770  11.4172 -7.62581
1771  12.0028 -7.11063
1772  12.6271 -6.64304
1773  13.2478 -6.17058
1774  13.8648 -5.69342
1775  14.3917 -5.11834
1776  14.2804 -4.34632
1777  13.8108 -3.72355
1778  13.3414 -3.10059
1779  12.8517 -2.49348
1780  12.4341 -1.83469
1781  11.9524 -1.22118
1782   11.4987 -0.586723
1783   11.0103 0.0214497
1784  10.5486 0.650126
1785 10.0426 1.24369
1786 9.59029 1.87918
1787 9.09961  2.4855
1788 8.64997 3.12286
1789 8.17727 3.74331
1790 7.73106 4.38307
1791 7.27974 5.01924
1792 6.86089 5.67724
1793 6.37956 6.29102
1794 5.90356 6.90893
1795 5.37026 7.47814
1796 4.68945 7.85878
1797 3.98359 7.52687
1798 3.34157 7.08391
1799  2.7471 6.57892
1800 2.13164 6.09975
1801 1.53439 5.59806
1802 0.931414  5.10327
1803 0.346557  4.58719
1804 -0.315038   4.17404
1805 -1.08669  4.28781
1806 -0.557215   4.86057
1807 0.0168851   5.38859
1808 0.572327  5.93621
1809 1.15906 6.45016
1810 1.72014   6.992
1811 2.33517 7.47172
1812 2.93695 7.96797
1813 18.7611 -24.858
1814  19.4029 -24.4148
1815  20.0344 -23.9569
1816  20.6537 -23.4827
1817 21.3046 -23.053
1818  21.9276 -22.5836
1819 22.5685 -22.139
1820  23.1893 -21.6668
1821 23.8493 -21.251
1822  24.4959 -20.8148
1823   25.245 -20.5974
1824  25.9024 -21.0172
1825  25.2593 -21.4586
1826  24.5828 -21.8469
1827 23.9437 -22.294
1828 23.2969  -22.73
1829   22.664 -23.1858
1830  22.0301 -23.6403
1831  21.4171 -24.1226
1832  20.7658 -24.5519
1833  20.1322 -25.0068
1834  19.4658 -25.4121
1835  18.6933 -25.5202
1836  18.1924 -24.9223
1837  17.8052 -24.2452
1838  17.4471 -23.5523
1839   17.064 -22.8728
1840 16.6943 -22.186
1841  16.2867 -21.5209
1842  15.8967 -20.8454
1843  15.4681 -20.1938
1844  15.0708 -19.5225
1845  14.6084 -18.8944
1846  14.1755 -18.2456
1847  13.7057 -17.6229
1848  13.2769 -16.9713
1849   12.798 -16.3557
1850  12.3559 -15.7131
1851  11.8726 -15.1009
1852  11.4371 -14.4537
1853  10.9896 -13.8149
1854  10.5633 -13.1617
1855  10.0647 -12.5619
1856  9.59457 -11.9394
1857  9.11766 -11.3222
1858   8.6852 -10.6731
1859  8.33677 -9.97524
1860  8.62749 -9.25144
1861  9.26386 -8.80041
1862  9.94496 -8.42028
1863  10.5871 -7.97743
1864 11.2638 -7.5895
1865  11.9076 -7.14923
1866  12.5684 -6.73487
1867  13.1953 -6.27064
1868   13.842 -5.83453
1869  14.4083 -5.29823
1870  14.6946 -4.57267
1871  14.3413 -3.87731
1872  13.9236 -3.21852
1873  13.4749 -2.58054
1874  13.0461 -1.92895
1875  12.5927 -1.29428
1876   12.1604 -0.645032
1877    11.7046 -0.0121076
1878  11.2682 0.634406
1879 10.7942 1.25391
1880 10.1604 1.70843
1881 9.44353 1.40094
1882  8.80618 0.951295
1883 8.18314 0.48202
1884   7.53244 0.0519094
1885   6.88854 -0.388302
1886   6.24713 -0.832139
1887  5.61663 -1.29135
1888  5.00018 -1.76925
1889  4.23269 -1.90841
1890  4.74959 -1.32427
1891   5.35546 -0.833018
1892   5.99561 -0.387364
1893    6.6236 0.0752638
1894  7.25227 0.536973
1895  19.6241 -22.2491
1896  20.3373 -21.9331
1897   21.059 -21.6373
1898  21.7862 -21.3551
1899  22.5149 -21.0768
1900 23.2311 -20.768
1901  23.9647 -20.5029
1902   24.709 -20.2697
1903  25.4355 -20.5536
1904    24.81 -21.0196
1905  24.1094 -21.3625
1906  23.4393 -21.7616
1907  22.7616 -22.1479
1908  22.1071 -22.5721
1909  21.4357 -22.9692
1910  20.7799 -23.3914
1911  20.1046 -23.7818
1912  19.4468 -24.2009
1913  18.7635 -24.5772
1914 18.0128 -24.789
1915  17.4309 -24.2697
1916  17.0284 -23.6015
1917   16.686 -22.9007
1918  16.2761 -22.2371
1919  15.8969 -21.5555
1920  15.4735 -20.9004
1921  15.0916 -20.2203
1922  14.6691 -19.5646
1923  14.2601 -18.9004
1924  13.8247 -18.2533
1925  13.4548 -17.5665
1926   13.032 -16.9111
1927 12.6519  -16.23
1928  12.2255 -15.5768
1929 11.8731 -14.881
1930  11.4612 -14.2186
1931  11.0832 -13.5363
1932  10.6513 -12.8869
1933  10.2514 -12.2172
1934  9.83177 -11.5596
1935  9.38958 -10.9171
1936  8.90697 -10.3043
1937  8.58594 -9.59344
1938  9.08956 -8.99782
1939 9.73415 -8.5586
1940  10.3588 -8.09142
1941  11.0141 -7.66845
1942  11.6481 -7.21413
1943  12.2996 -6.78523
1944  12.9404 -6.34043
1945  13.5603 -5.86704
1946    14.17 -5.38051
1947  14.6762 -4.78712
1948 14.4411 -4.0434
1949  14.0236 -3.38455
1950  13.5467 -2.76735
1951   13.112 -2.11969
1952  12.6346 -1.50289
1953    12.181 -0.868349
1954   11.6941 -0.258949
1955  11.2387 0.374298
1956   10.728 0.963903
1957 9.99692 1.23571
1958   9.3116 0.863239
1959     8.66 0.434506
1960    8.04306 -0.0427706
1961  7.38947 -0.46847
1962   6.75645 -0.924186
1963   6.1221 -1.37806
1964  5.49525 -1.84223
1965 4.87025 -2.3089
1966  4.10604 -2.15273
1967  4.68749 -1.63281
1968  5.26062 -1.10373
1969   5.87047 -0.617437
1970   6.46409 -0.111458
1971  7.06923 0.380678
1972  7.65769 0.892657
1973 8.25459 1.39476
1974 8.85229 1.89592
1975  19.3019 -22.0993
1976  20.0114 -21.7753
1977  20.7387 -21.4933
1978  21.4697 -21.2214
1979  22.1943 -20.9326
1980  22.9086 -20.6192
1981 23.6242 -20.309
1982   24.356 -20.0389
1983   25.063 -19.7096
1984  25.8224 -19.5312
1985  26.1841 -20.2223
1986 25.5475 -20.673
1987  24.8898 -21.0923
1988  24.2098 -21.4745
1989  23.5412 -21.8762
1990  22.8702 -22.2738
1991  22.2327 -22.7232
1992  21.5788 -23.1485
1993  20.9284 -23.5791
1994 20.2769 -24.008
1995  19.6589 -24.4839
1996  18.9723 -24.8539
1997  18.1957 -24.9275
1998  17.6704 -24.3509
1999 17.2103 -23.721
2000  16.8022 -23.0563
2001 16.3671 -22.409
2002   15.959 -21.7443
2003 15.5266 -21.095
2004  15.1044 -20.4392
2005  14.6418 -19.8112
2006  14.2383 -19.1437
2007   13.801 -18.4978
2008  13.3978 -17.8301
2009  12.9856 -17.1679
2010  12.6008 -16.4894
2011  12.1904 -15.8261
2012  11.7799 -15.1629
2013  11.3451 -14.5153
2014  10.9219 -13.8601
2015 10.4804 -13.217
2016  10.1065 -12.5325
2017 9.69316 -11.871
2018 9.27589 -11.212
2019  8.82522 -10.5754
2020  8.45144 -9.89079
2021  8.81731 -9.20192
2022  9.45071 -8.74672
2023  10.0846 -8.29223
2024  10.7485 -7.88282
2025  11.3901 -7.43923
2026 12.0304 -6.9938
2027  12.6434 -6.51148
2028  13.2882 -6.07253
2029  13.9258 -5.62327
2030   14.498 -5.09317
2031  14.4731 -4.31357
2032  14.0781 -3.64099
2033 13.6251  -3.006
2034  13.2041 -2.34936
2035  12.7513 -1.71425
2036   12.321 -1.06366
2037   11.9032 -0.405037
2038  11.4986 0.261859
2039 11.0448 0.89627
2040 10.5714 1.51618
2041 9.83824 1.78234
2042 9.14497 1.42488
2043 8.51334 0.96723
2044 7.88397 0.50648
2045   7.23497 0.0738098
2046   6.58881 -0.363083
2047   5.95532 -0.818151
2048  5.32211 -1.27361
2049  4.56518 -1.46189
2050   5.15187 -0.947896
2051   5.76659 -0.467781
2052   6.36689 0.0302548
2053  6.99137 0.497621
2054  23.4154 -21.9658
2055  22.7887 -22.4302
2056  22.1591 -22.8905
2057 21.5209 -23.339
2058  20.8678 -23.7655
2059  20.2389 -24.2268
2060 19.5523 -24.597
2061  18.8199 -24.3289
2062   18.351 -23.7055
2063  17.8868 -23.0787
2064  17.4573 -22.4276
2065    16.99 -21.8031
2066  16.5563 -21.1547
2067  16.0854 -20.5329
2068  15.6231 -19.9047
2069  15.1311 -19.2995
2070  14.6569 -18.6802
2071  14.1846 -18.0594
2072  13.7468 -17.4138
2073  13.2665 -16.7993
2074  12.8162 -16.1624
2075  12.3311 -15.5516
2076  11.8675 -14.9243
2077   11.358 -14.3337
2078  10.8701 -13.7251
2079  10.3406 -13.1524
2080  9.88526 -12.5191
2081  9.40347 -11.9057
2082  8.93057 -11.2854
2083   8.4361 -10.6821
2084  8.03717 -10.0119
2085  8.42164 -9.33321
2086  9.08967 -8.93055
2087  9.72379 -8.47634
2088  10.3929 -8.07555
2089   11.041 -7.64151
2090  11.7054 -7.23285
2091  12.3404 -6.77994
2092  12.9975 -6.35962
2093  13.6478 -5.92892
2094  14.2825 -5.47558
2095  14.6258 -4.77517
2096  14.3736 -4.03706
2097  13.9197 -3.40275
2098  13.4663 -2.76805
2099  13.0251 -2.12484
2100  12.6127 -1.46277
2101   12.1822 -0.812334
2102  11.7828 -0.14235
2103  11.3641 0.515733
2104 10.9345 1.16678
2105 10.4887 1.80681
2106 10.0721 2.46628
2107 9.63356  3.1113
2108 9.23752 3.78328
2109 8.82305 4.44405
2110 8.41201 5.10696
2111 7.97469 5.75283
2112 7.57253 6.42116
2113 7.12159 7.05759
2114 6.7048 7.7169
2115 6.33989 8.40628
2116 6.52162 9.16482
2117 7.13146 9.65113
2118 7.78876 10.0711
2119 8.44823 10.4876
2120 8.90953 11.1166
2121 8.54566 11.8065
2122 8.09507 12.4432
2123 7.63769  13.075
2124 7.16459 13.6951
2125 6.70337 14.3242
2126 6.28893  14.985
2127 5.85805 15.6351
2128 5.43494 16.2904
2129 5.00581 16.9418
2130 4.62921 17.6248
2131 4.23714 18.2991
2132 3.85881 18.9812
2133 3.45454 19.6483
2134 3.22175 20.3927
2135  3.9312 20.7169
2136 4.37272 20.0739
2137 4.76378  19.399
2138  23.3193 -22.4695
2139  22.6894 -22.9296
2140 22.0569 -23.386
2141  21.4175 -23.8328
2142  20.7995 -24.3087
2143  20.1562 -24.7498
2144   19.401 -24.9446
2145  18.8281 -24.4152
2146   18.361 -23.7906
2147  17.9618 -23.1204
2148 17.5253 -22.474
2149  17.1222 -21.8063
2150  16.6745 -21.1675
2151  16.2616 -20.5058
2152  15.8167 -19.8651
2153  15.4186 -19.1943
2154  14.9584 -18.5646
2155 14.5077 -17.928
2156  14.0239 -17.3161
2157  13.5833 -16.6725
2158  13.1013 -16.0593
2159  12.6732 -15.4073
2160  12.1904 -14.7946
2161  11.7298 -14.1652
2162  11.2321 -13.5645
2163  10.7463 -12.9543
2164  10.2456 -12.3562
2165  9.76821 -11.7394
2166  9.22491 -11.1797
2167  8.69009 -10.6119
2168  8.37194 -9.89976
2169  8.83778 -9.27415
2170  9.44803 -8.78835
2171  10.0784 -8.32898
2172   10.686 -7.83992
2173  11.2917 -7.34838
2174  11.8664 -6.82106
2175 12.4793 -6.3386
2176  13.0874 -5.85014
2177  13.7347 -5.41483
2178  14.3043 -4.88199
2179  14.1676 -4.11407
2180 13.7237 -3.4727
2181  13.2885 -2.82536
2182  12.8386 -2.18818
2183  12.4093 -1.53694
2184   11.9784 -0.886818
2185   11.5783 -0.217204
2186  11.1328 0.422998
2187 10.7421 1.09812
2188 10.2949 1.73719
2189  9.8563 2.38219
2190 9.43474 3.03846
2191 9.04217 3.71247
2192 8.66236 4.39375
2193  8.2797 5.07343
2194 7.84801 5.72309
2195 7.46154 6.40061
2196 7.03752  7.0553
2197 6.64368 7.72856
2198 6.24386  8.3983
2199 6.40501 9.16147
2200 7.00547 9.65931
2201 7.66587 10.0744
2202 8.32088 10.4979
2203 8.6901 11.185
2204 8.41105 11.9133
2205 8.02174 12.5892
2206 7.61066 13.2521
2207 7.21847 13.9263
2208 6.76589 14.5616
2209 6.38864 15.2443
2210 5.94911 15.8887
2211 5.53152 16.5475
2212  5.0783 17.1823
2213 4.61615 17.8106
2214 4.17174 18.4517
2215 3.74423 19.1041
2216 3.29553 19.7421
2217 3.00591 20.4663
2218 3.33942 21.1714
2219 3.81707 20.5548
2220 4.28085 19.9276
2221 4.76889 19.3192
2222  23.0986 -22.1803
2223  22.4645 -22.6345
2224  21.8569 -23.1236
2225  21.2223 -23.5771
2226  20.6129 -24.0639
2227  19.9731 -24.5102
2228  19.2662 -24.8398
2229  18.6178 -24.4061
2230  18.1186 -23.8068
2231  17.6669 -23.1709
2232  17.2078 -22.5403
2233 16.7958 -21.878
2234  16.3212 -21.2591
2235  15.9483 -20.5739
2236  15.4801 -19.9501
2237  15.0435 -19.3038
2238  14.5428 -18.7056
2239   14.098 -18.0649
2240  13.6429 -17.4314
2241  13.1876 -16.7981
2242   12.688 -16.1992
2243  12.2417 -15.5595
2244  11.7674 -14.9402
2245  11.3327 -14.2926
2246  10.8567 -13.6747
2247  10.4557 -13.0056
2248  9.9717 -12.394
2249  9.50012 -11.7727
2250  9.00146 -11.1729
2251  8.55622 -10.5324
2252  8.34045 -9.78287
2253  8.81288 -9.16222
2254 9.43769 -8.6953
2255  10.0929 -8.27211
2256  10.7101 -7.79515
2257  11.3367 -7.33064
2258  11.9514 -6.85045
2259   12.594 -6.40842
2260  13.2346 -5.96346
2261 13.8749 -5.5179
2262  14.3944 -4.93612
2263  14.3114 -4.16055
2264  13.8592 -3.52498
2265  13.4162 -2.88299
2266  12.9612 -2.24948
2267 12.5321 -1.5981
2268   12.0965 -0.951097
2269   11.6924 -0.283918
2270  11.2555 0.362237
2271 10.8428 1.02411
2272  10.409 1.67237
2273 10.0004 2.33677
2274 9.57054 2.98764
2275  9.1783 3.66184
2276 8.73694 4.30497
2277 8.31306 4.95973
2278 7.84048 5.58028
2279 7.41905 6.23663
2280 6.99701 6.89259
2281 6.57948 7.55143
2282 6.16778 8.21392
2283 6.16545 8.99392
2284 6.71291 9.54952
2285 7.36646 9.97528
2286  8.0431 10.3633
2287 8.68584 10.8052
2288 8.30247 11.4845
2289 7.90075 12.1531
2290 7.49255 12.8178
2291 7.06185 13.4681
2292 6.67821 14.1472
2293 6.25568 14.8028
2294 5.85467 15.4719
2295 5.41765 16.1179
2296 5.00175 16.7778
2297 4.57944 17.4336
2298 4.15166 18.0858
2299 3.71727 18.7337
2300 3.43665 19.4614
2301 4.12765 19.8233
2302  4.6247 19.2221
2303 5.09226 18.5978
2304 5.52848 17.9512
2305 5.99582 17.3267
2306 -8.18661  1.41737
2307 -7.56175  1.88423
2308 -6.92344  2.33252
2309 -6.33264  2.84178
2310 -5.72175  3.32678
2311 -5.15817  3.86601
2312 -4.56147  4.36836
2313 -3.97105  4.87807
2314 -3.19106  4.88057
2315 -2.64583  4.32278
2316 -2.18111  3.69634
2317 -1.68628  3.09339
2318 -1.2542   2.444
2319 -0.774993   1.82856
2320 -0.34238  1.17953
2321 0.131302 0.559831
2322   0.561369 -0.0908939
2323   1.03643 -0.709535
2324  1.47183 -1.35671
2325  1.97117 -1.95592
2326 2.44891 -2.5725
2327  2.94302 -3.17603
2328  3.40934 -3.80129
2329  3.91429 -4.39578
2330  4.42379 -4.98639
2331  4.93642 -5.57427
2332  5.41914 -6.18695
2333  5.90655 -6.79592
2334  6.34128 -7.44353
2335  6.81205 -8.06545
2336  7.27061 -8.69641
2337  7.79552 -9.27336
2338  8.43087 -9.72584
2339  9.15071 -9.42545
2340  9.74965 -8.92578
2341  10.3064 -8.37947
2342  10.9033 -7.87743
2343  11.4758 -7.34761
2344  12.0835 -6.85864
2345  12.6513 -6.32383
2346   13.249 -5.82267
2347  13.7943 -5.26496
2348  14.4175 -4.79598
2349  15.1168 -5.14158
2350  15.6635 -5.69796
2351  16.2205 -6.24393
2352   16.738 -6.82758
2353 17.2917 -7.3769
2354 17.8147 -7.9556
2355  18.3787 -8.49438
2356  18.9027 -9.07218
2357 19.4326 -9.6445
2358  19.9287 -10.2465
2359  20.4564 -10.8208
2360  20.9521 -11.4231
2361  21.4774 -11.9997
2362 21.9592 -12.613
2363  22.4489 -13.2201
2364  22.9383 -13.8275
2365  23.4753 -14.3933
2366  24.0891 -14.8745
2367  24.7888 -14.5297
2368  25.4163 -14.0664
2369  26.0367 -13.5936
2370  26.6714 -13.1402
2371 27.4063 -12.879
2372  28.0042 -13.3799
2373  28.5413 -13.9456
2374  29.0627 -14.5257
2375  29.5848 -15.1052
2376  30.0757 -15.7114
2377 30.5804 -16.306
2378  31.0488 -16.9297
2379  31.5558 -17.5225
2380  32.0211 -18.1485
2381  32.5083 -18.7576
2382  32.9597 -19.3938
2383  32.8438 -20.1651
2384  32.3465 -19.5642
2385  31.8431 -18.9684
2386  31.2887 -18.4197
2387  30.7529 -17.8529
2388 -9.11874  1.95056
2389 -8.47704  2.39399
2390 -7.83549  2.83762
2391 -7.17514  3.25276
2392 -6.54871   3.7175
2393 -5.88001  4.11905
2394 -5.25492  4.58559
2395 -4.59967  5.00873
2396 -3.88712  5.32603
2397 -3.29566  4.81753
2398 -2.80007  4.21521
2399 -2.34587   3.5811
2400 -1.84998  2.97902
2401 -1.3942 2.34604
2402 -0.928016   1.72068
2403 -0.495075   1.07187
2404 -0.0264194   0.448357
2405  0.425354 -0.187489
2406  0.91156 -0.79741
2407 1.38539  -1.417
2408  1.86392 -2.03296
2409  2.30674 -2.67507
2410  2.79588 -3.28264
2411  3.27509 -3.89807
2412  3.79272 -4.48157
2413 4.28153 -5.0894
2414  4.79063 -5.68035
2415   5.2498 -6.31087
2416  5.74813 -6.91093
2417 6.21723 -7.5341
2418  6.73274 -8.11947
2419  7.22625 -8.72349
2420  7.77229 -9.28048
2421  8.43436 -9.69286
2422  9.14092 -9.36243
2423  9.75325 -8.87926
2424  10.3484 -8.37511
2425  10.9333 -7.85904
2426  11.5034 -7.32674
2427  12.1085 -6.83447
2428  12.6928 -6.31784
2429  13.3052 -5.83474
2430  13.8739 -5.30084
2431  14.5146 -4.85609
2432  15.2158 -5.19773
2433   15.734 -5.78079
2434  16.2508 -6.36493
2435  16.7442 -6.96907
2436  17.2874 -7.52884
2437  17.7941 -8.12188
2438  18.3327 -8.68602
2439  18.8451 -9.27414
2440  19.3722 -9.84905
2441  19.8507 -10.4651
2442  20.3626 -11.0536
2443  20.8262 -11.6809
2444  21.3577 -12.2518
2445  21.8492 -12.8574
2446  22.3615 -13.4456
2447  22.8549 -14.0497
2448  23.3984 -14.6092
2449  24.0294 -15.0678
2450  24.7197 -14.7046
2451  25.3147 -14.2004
2452  25.8954 -13.6796
2453  26.4913 -13.1763
2454  27.2297 -12.9249
2455  27.8252 -13.4287
2456  28.3694 -13.9875
2457  28.8944 -14.5644
2458  29.4429 -15.1189
2459  29.9379 -15.7218
2460  30.4567 -16.3042
2461  30.9388 -16.9174
2462  31.4699 -17.4886
2463   31.979 -18.0795
2464  32.4774 -18.6795
2465  32.9564 -19.2951
2466  32.9477 -20.0751
2467  32.3369 -19.5899
2468  31.8966 -18.9461
2469  31.4534 -18.3042
2470  30.9185 -17.7365
2471 -9.61285   1.0713
2472 -9.02727  1.58655
2473 -8.43561  2.09482
2474 -7.85525  2.61596
2475 -7.24563  3.10254
2476 -6.67307  3.63224
2477 -6.06316  4.11846
2478 -5.45613  4.60827
2479 -4.68751  4.74104
2480 -4.10061  4.22728
2481 -3.59035  3.63734
2482 -3.08698   3.0415
2483 -2.61091  2.42364
2484 -2.08326   1.8492
2485 -1.60439   1.2335
2486 -1.06652 0.668616
2487 -0.583091 0.0564898
2488 -0.0605397  -0.522594
2489 0.442126 -1.11902
2490 0.974453 -1.68914
2491   1.4736 -2.28851
2492  1.99541 -2.86827
2493  2.51597 -3.44915
2494  3.06572 -4.00247
2495  3.57357 -4.59449
2496  4.11221 -5.15864
2497  4.61694 -5.75332
2498  5.13652 -6.33508
2499  5.62242 -6.94524
2500  6.14612 -7.52329
2501  6.65535 -8.11413
2502  7.20678 -8.66578
2503  7.73509 -9.23962
2504  8.49142 -9.43033
2505  9.14572 -9.00573
2506  9.74667 -8.50849
2507  10.3641 -8.03184
2508  10.9469 -7.51348
2509  11.5562 -7.02647
2510  12.1457 -6.51565
2511 12.7425 -6.0134
2512  13.3178 -5.48679
2513  13.9728 -5.06312
2514  14.6954 -4.76945
2515  15.3335 -5.21803
2516  15.8158 -5.83104
2517   16.283 -6.45563
2518  16.7819 -7.05519
2519  17.2604 -7.67117
2520  17.7817 -8.25136
2521  18.2497 -8.87542
2522  18.7547 -9.46987
2523  19.2188 -10.0968
2524  19.7226 -10.6922
2525  20.1937 -11.3139
2526  20.6739 -11.9285
2527   21.115 -12.5719
2528  21.5992 -13.1833
2529  22.0532 -13.8176
2530   22.551 -14.4181
2531  23.0885 -14.9834
2532  23.6877 -15.4827
2533  24.4304 -15.2445
2534  25.0298 -14.7453
2535  25.6601 -14.2859
2536  26.3052 -13.8475
2537  27.0689 -13.6886
2538 27.6274 -14.233
2539   28.096 -14.8566
2540  28.5715 -15.4749
2541   29.011 -16.1193
2542  29.5071 -16.7212
2543 29.9766 -17.344
2544  30.4593 -17.9567
2545  30.9137 -18.5907
2546  31.3883 -19.2097
2547  31.8226 -19.8576
2548  32.2757 -20.4925
2549  33.0353 -20.6696
2550  32.6559 -19.9881
2551  32.1854 -19.3659
2552  31.7168 -18.7424
