1 0.000000 0.000000
2 0.005684 0.779979
3 -0.152982 1.543671
4 -0.391234 2.286393
5 -0.483947 3.060863
6 -0.408464 3.837202
7 -0.420418 4.617111
8 -0.923394 5.213278
9 -1.670914 5.436018
10 -2.438063 5.577026
11 -3.214586 5.503462
12 -3.992501 5.446465
13 -4.765136 5.339529
14 -5.535172 5.215252
15 -6.263021 4.934832
16 -7.000146 4.679791
17 -7.732588 4.411596
18 -8.470920 4.160068
19 -9.183122 3.841997
20 -9.942768 3.664971
21 -10.707749 3.512642
22 -11.486064 3.461406
23 -12.263520 3.524353
24 -13.018515 3.720267
25 -13.756728 3.972144
26 -14.464344 4.300289
27 -15.232867 4.433601
28 -16.012223 4.465298
29 -16.789424 4.399280
30 -17.565769 4.323862
31 -18.324279 4.142028
32 -18.500180 3.382121
33 -18.254967 2.641668
34 -18.088960 1.879538
35 -17.813659 1.149737
36 -17.638902 0.389566
37 -17.461195 -0.369921
38 -17.398237 -1.147376
39 -17.269062 -1.916605
40 -17.233293 -2.695784
41 -17.210722 -3.475458
42 -17.561458 -4.172153
43 -18.330764 -4.300871
44 -19.094895 -4.144337
45 -19.844170 -3.927573
46 -20.596399 -3.721291
47 -21.357015 -3.548483
48 -22.112583 -3.354788
49 -22.881343 -3.222849
50 -23.644793 -3.063025
51 -24.411058 -2.917292
52 -25.179927 -2.785985
53 -25.953424 -2.685482
54 -26.729077 -2.603243
55 -27.508578 -2.575342
56 -28.278878 -2.452713
57 -29.049293 -2.330811
58 -29.807799 -2.148963
59 -30.559891 -1.942183
60 -31.310854 -1.731340
61 -32.067178 -1.540619
62 -32.838549 -1.424920
63 -33.453537 -1.904701
64 -33.574630 -2.675244
65 -33.617276 -3.454077
66 -33.702454 -4.229412
67 -34.005651 -4.948072
68 -34.775299 -4.821413
69 -35.511177 -4.562794
70 -36.286512 -4.477611
71 -37.066439 -4.466974
72 -37.841589 -4.380122
73 -38.613936 -4.271126
74 -39.385910 -4.159518
75 -40.163998 -4.104947
76 -40.885278 -3.808036
77 -41.622367 -3.552889
78 -42.382283 -3.377029
79 -43.144837 -3.541079
80 -43.899642 -3.737724
81 -44.576706 -4.125001
82 -44.219982 -4.818649
83 -43.497026 -4.525845
84 -42.717985 -4.487173
