1 0.000000 0.000000
2 -0.204999 -0.752579
3 -0.407033 -1.505960
4 -0.485195 -2.282034
5 -0.693392 -3.033734
6 -0.787658 -3.808017
7 -0.881545 -4.582346
8 -0.845747 -5.361524
9 -0.362179 -5.973539
10 0.400688 -5.810954
11 1.172689 -5.699536
12 1.950999 -5.648206
13 2.712007 -5.819281
14 3.491875 -5.833595
15 4.270223 -5.884341
16 5.049130 -5.843067
17 5.829113 -5.848230
18 6.608101 -5.808516
19 7.387135 -5.847334
20 8.163077 -5.767877
21 8.943067 -5.771916
22 9.716277 -5.669227
23 10.476351 -5.494045
24 11.217336 -5.250445
25 11.970314 -5.046916
26 12.747741 -4.983613
27 13.526878 -5.020278
28 14.306371 -4.992156
29 15.086090 -4.971193
30 15.863401 -4.906492
31 16.642649 -4.872243
32 17.403055 -4.698509
33 18.155449 -4.492833
34 18.913665 -4.675886
35 19.067124 -5.440641
36 19.278309 -6.191507
37 19.419643 -6.958596
38 19.585346 -7.720792
39 19.675887 -8.495519
40 19.839613 -9.258142
41 19.906187 -10.035296
42 19.973863 -10.812354
43 19.928834 -11.591053
44 20.093388 -12.353498
45 20.871164 -12.294634
46 21.615256 -12.060695
47 22.366236 -11.849915
48 23.087527 -11.553033
49 23.846412 -11.372773
50 24.585718 -11.124123
51 25.343027 -10.937354
52 26.078280 -10.676962
53 26.829322 -10.466400
54 27.539870 -10.144653
55 28.259339 -9.843381
56 28.969034 -9.519758
57 29.721787 -9.315398
58 30.447096 -9.028470
59 31.171799 -8.740018
60 31.911182 -8.491596
61 32.672970 -8.324031
62 33.452873 -8.311708
63 33.525993 -9.088273
64 33.440343 -9.863556
65 33.434650 -10.643535
66 33.709156 -11.373635
67 34.088681 -12.055076
68 34.867241 -12.007701
69 35.637413 -11.884269
70 36.407350 -11.759380
71 37.179451 -11.648659
72 37.944906 -11.498731
73 38.721243 -11.423223
74 39.500524 -11.389742
75 40.280522 -11.387704
76 41.058296 -11.328824
77 41.834322 -11.250192
78 42.613328 -11.210816
79 43.276436 -10.800100
80 42.499353 -10.732706
81 41.719901 -10.703471
82 40.941662 -10.651093
