1 0.000000 0.000000
2 -0.735498 -0.259697
3 -1.434192 -0.606434
4 -2.152735 -0.909908
5 -2.819758 -1.314235
6 -3.553773 -1.578094
7 -4.261699 -1.905570
8 -4.977867 -2.214606
9 -5.690935 -2.530730
10 -6.403669 -2.847606
11 -6.690640 -3.572897
12 -6.851792 -4.336068
13 -7.010626 -5.099725
14 -7.231747 -5.847726
15 -7.318585 -6.622877
16 -7.400311 -7.398584
17 -7.504541 -8.171588
18 -7.657558 -8.936432
19 -7.783358 -9.706221
20 -7.886556 -10.479364
21 -7.926053 -11.258363
22 -8.006531 -12.034200
23 -8.027452 -12.813920
24 -7.944603 -13.589507
25 -7.800531 -14.356086
26 -7.705143 -15.130231
27 -7.448390 -15.866763
28 -7.193990 -16.604110
29 -6.932285 -17.338896
30 -6.805145 -18.108464
31 -6.564114 -18.850289
32 -6.233892 -19.556938
33 -5.893159 -20.258580
34 -5.517226 -20.942008
35 -5.083031 -21.589986
36 -4.706468 -22.273067
37 -4.395484 -22.988392
38 -4.246471 -23.754026
39 -4.103405 -24.520793
40 -4.081272 -25.300479
41 -4.113216 -26.079824
42 -4.250467 -26.847654
43 -4.380470 -27.616744
44 -4.396569 -28.396578
45 -3.911918 -29.007735
46 -3.209220 -29.346284
47 -2.441602 -29.484713
48 -1.664607 -29.553108
49 -0.884767 -29.537291
50 -0.130501 -29.735995
51 0.087792 -30.484826
52 0.176976 -31.259711
53 0.303861 -32.029321
54 0.422724 -32.800212
55 0.534567 -33.572151
56 0.584990 -34.350520
57 0.669801 -35.125895
58 0.714704 -35.904602
59 0.775036 -36.682265
60 0.688991 -37.457505
61 0.293722 -38.129935
62 -0.438779 -38.397969
63 -1.194275 -38.591943
64 -1.971290 -38.660109
65 -2.746641 -38.745143
66 -3.522538 -38.825042
67 -4.297271 -38.915538
68 -5.072683 -39.000017
69 -5.836058 -39.160196
70 -6.610062 -39.256728
71 -7.378503 -39.390514
72 -8.143366 -39.543433
73 -8.887950 -39.775801
74 -9.645711 -39.960727
75 -10.392621 -40.185507
76 -11.161199 -40.318502
77 -11.923589 -40.483312
78 -12.695046 -40.598438
79 -13.465931 -40.717331
80 -14.243098 -40.783754
81 -15.020939 -40.841752
82 -15.785614 -40.687898
83 -15.822355 -39.908764
84 -15.645428 -39.149095
85 -15.491830 -38.384368
86 -15.230940 -37.649292
87 -15.036700 -36.893865
88 -14.829877 -36.141785
89 -14.520851 -35.425612
90 -14.151038 -34.738853
91 -14.120977 -33.959433
92 -14.896567 -34.042264
93 -15.252067 -34.736540
94 -15.393162 -35.503673
95 -15.474530 -36.279417
96 -15.601795 -37.048965
97 -15.700137 -37.822740
98 -15.817177 -38.593910
