1 0.000000 0.000000
2 -0.649739 0.431554
3 -1.261595 0.915323
4 -1.881138 1.389208
5 -2.470239 1.900441
6 -3.040885 2.432197
7 -3.607561 2.968179
8 -4.229190 3.439325
9 -4.850154 3.911345
10 -5.578330 4.190915
11 -6.247495 4.591687
12 -6.515891 5.324056
13 -6.367279 6.089768
14 -6.173281 6.845258
15 -5.967169 7.597533
16 -5.805734 8.360644
17 -5.597901 9.112445
18 -5.387782 9.863611
19 -5.115154 10.594415
20 -4.728429 11.271795
21 -4.395839 11.977333
22 -4.094002 12.696565
23 -3.836492 13.432831
24 -3.576289 14.168150
25 -3.353315 14.915601
26 -3.132490 15.663690
27 -2.900823 16.408492
28 -2.710761 17.164981
29 -2.284702 17.818338
30 -1.933035 18.514563
31 -1.591705 19.215914
32 -1.266539 19.924905
33 -0.926760 20.627009
34 -0.612855 21.341056
35 -0.285495 22.049036
36 0.019852 22.766785
37 0.412869 23.440534
38 0.873765 24.069799
39 1.329026 24.703153
40 1.707822 25.384999
41 2.099871 26.059312
42 2.459703 26.751352
43 2.843226 27.430551
44 3.187431 28.130496
45 3.659221 28.751635
46 4.328326 29.152507
47 5.103793 29.236475
48 5.866978 29.397561
49 6.612850 29.625762
50 7.346719 29.890029
51 8.110177 30.049811
52 8.865714 30.243626
53 9.618725 30.447035
54 10.379688 30.618308
55 11.148239 30.751465
56 11.896956 30.970147
57 12.631940 31.231297
58 13.357792 31.516846
59 14.075237 31.822905
60 14.757676 32.200631
61 15.481238 32.491936
62 16.239233 32.675902
63 17.019224 32.672142
64 17.799185 32.664356
65 18.571925 32.558185
66 19.198947 32.094240
67 18.947326 31.355940
68 18.498025 30.718344
69 18.242097 29.981526
70 18.037232 29.228910
71 17.809825 28.482796
72 17.524709 27.756774
73 17.263322 27.021875
74 16.995585 26.289265
75 16.734226 25.554356
76 16.588258 24.788136
77 16.467906 24.017477
78 16.422123 23.238821
79 16.473350 22.460505
80 16.605882 21.691847
81 16.836782 20.946807
82 17.223367 20.269347
83 17.669666 19.629646
84 18.022496 18.934009
85 18.356881 18.229320
86 18.868699 17.640727
87 19.389287 17.059875
88 19.919909 16.488175
89 20.512572 15.981076
90 21.112864 15.483030
91 21.607123 14.879616
92 21.986921 14.198328
93 22.327155 13.496444
94 22.536267 12.744998
95 22.530872 11.965016
96 22.509002 11.185323
97 22.299526 10.433978
98 22.154182 9.667639
99 22.376636 8.920033
100 23.153176 8.846649
101 23.932258 8.808819
102 24.700647 8.942899
103 25.450104 9.159037
104 26.198162 9.379964
105 26.941164 9.617340
106 27.690781 9.832921
107 28.465498 9.923546
108 29.245209 9.902283
109 30.024648 9.872722
110 30.801688 9.940608
111 31.580284 9.987399
112 32.348523 10.122338
113 33.105666 10.309778
114 33.806342 10.652494
115 34.497156 11.014676
116 35.148676 11.443536
117 35.792650 11.883648
118 36.406452 12.364944
119 37.051372 12.803669
120 37.648297 13.305744
121 38.272420 13.773581
122 38.927954 14.196281
123 39.641047 14.512347
124 40.151308 15.102291
125 40.229033 15.878408
126 40.213468 16.658253
127 40.225483 17.438161
128 40.254496 18.217621
129 40.316175 18.995178
130 40.478414 19.758119
131 40.612972 20.526425
132 40.695710 21.302024
133 40.775449 22.077938
134 40.849456 22.854419
135 41.010324 23.617650
136 41.127835 24.388747
137 41.271006 25.155495
138 41.321828 25.933838
139 41.345953 26.713464
140 41.262470 27.488984
141 41.084631 28.248440
142 41.017864 29.025577
143 41.095353 29.801719
144 41.165875 30.578524
145 41.287803 31.348935
146 41.343927 32.126913
147 41.496635 32.891819
148 41.614469 33.662867
149 41.713306 34.436579
150 41.700345 35.216472
151 41.789658 35.991342
152 41.874573 36.766706
153 42.037168 37.529571
154 42.155668 38.300517
155 42.292857 39.068357
156 42.427574 39.836635
157 42.276526 40.601870
158 41.608633 41.004758
159 40.848471 41.179554
160 40.090448 41.363405
161 39.468796 41.834519
162 38.844031 42.301498
163 38.236846 42.791117
164 37.589896 43.226840
165 36.884233 43.559165
166 36.170612 43.874040
167 35.465333 44.207178
168 34.726370 44.456844
