1 0.000000 0.000000
2 -0.639943 0.445951
3 -1.252082 0.929362
4 -1.846439 1.434475
5 -2.479051 1.890767
6 -3.070865 2.398858
7 -3.643849 2.928093
8 -4.207827 3.466915
9 -4.825170 3.943662
10 -5.531559 4.274441
11 -6.164969 4.729623
12 -6.333832 5.491125
13 -6.177331 6.255264
14 -6.007422 7.016533
15 -5.770734 7.759755
16 -5.513293 8.496046
17 -5.302380 9.246989
18 -5.090877 9.997766
19 -4.754263 10.701394
20 -4.374054 11.382452
21 -4.056890 12.095058
22 -3.816567 12.837112
23 -3.556283 13.572403
24 -3.357942 14.326764
25 -3.115895 15.068258
26 -2.967579 15.834027
27 -2.751048 16.583370
28 -2.503549 17.323062
29 -2.131246 18.008475
30 -1.806620 18.717712
31 -1.455536 19.414232
32 -1.165141 20.138159
33 -0.864258 20.857791
34 -0.493576 21.544081
35 -0.150944 22.244798
36 0.125975 22.973986
37 0.616591 23.580365
38 1.014755 24.251086
39 1.420680 24.917138
40 1.757111 25.620852
41 2.104131 26.319405
42 2.414465 27.035012
43 2.742086 27.742871
44 3.077060 28.447280
45 3.714763 28.896430
46 4.477244 29.060816
47 5.241158 29.218411
48 5.981117 29.465110
49 6.737778 29.654486
50 7.495982 29.837589
51 8.259076 29.999106
52 8.993855 30.260832
53 9.749912 30.452606
54 10.497736 30.674327
55 11.252347 30.871715
56 11.987790 31.131568
57 12.723207 31.391494
58 13.402733 31.774436
59 14.061274 32.192436
60 14.745438 32.567029
61 15.500835 32.761385
62 16.277735 32.830860
63 17.051002 32.728592
64 17.829510 32.776801
65 18.546361 32.469351
66 18.249455 31.748070
67 17.918182 31.041913
68 17.815705 30.268674
69 17.574549 29.526890
70 17.437048 28.759105
71 17.271208 27.996939
72 17.132934 27.229293
73 16.958310 26.469091
74 16.842749 25.697699
75 16.683463 24.934136
76 16.640953 24.155296
77 16.607073 23.376032
78 16.799533 22.620149
79 17.051527 21.881976
80 17.408173 21.188288
81 17.827117 20.530347
82 18.295102 19.906335
83 18.775633 19.291934
84 19.148253 18.606693
85 19.776944 18.145014
86 20.391608 17.664819
87 20.941767 17.111894
88 21.580363 16.664017
89 22.181960 16.167548
90 22.671738 15.560491
91 23.076243 14.893576
92 23.387755 14.178482
93 23.494179 13.405776
94 23.478830 12.625927
95 23.312932 11.863774
96 23.145969 11.101853
97 22.960237 10.344289
98 23.208395 9.604817
99 23.845734 9.155153
100 24.625734 9.154623
101 25.400479 9.245018
102 26.150700 9.458484
103 26.868510 9.763688
104 27.628441 9.939482
105 28.364715 10.196973
106 29.116427 10.405129
107 29.887292 10.524156
108 30.663473 10.447066
109 31.443289 10.463999
110 32.217331 10.560220
111 32.987626 10.682879
112 33.744732 10.870471
113 34.472750 11.150454
114 35.179429 11.480613
115 35.854632 11.871126
116 36.509822 12.294358
117 37.153095 12.735494
118 37.772811 13.209151
119 38.398247 13.675231
120 39.017084 14.150037
121 39.670820 14.575512
122 40.353129 14.953473
123 41.003484 15.384099
124 41.562513 15.928053
125 41.574495 16.707961
126 41.592110 17.487762
127 41.573098 18.267531
128 41.568371 19.047516
129 41.596056 19.827025
130 41.699585 20.600124
131 41.793031 21.374506
132 41.837673 22.153227
133 41.922539 22.928597
134 42.081585 23.692209
135 42.199663 24.463220
136 42.316664 25.234395
137 42.477026 25.997733
138 42.534850 26.775586
139 42.513458 27.555293
140 42.352933 28.318596
141 42.170313 29.076917
142 42.136211 29.856171
143 42.184840 30.634653
144 42.257270 31.411283
145 42.313928 32.189223
146 42.390562 32.965449
147 42.448600 33.743287
148 42.584880 34.511289
149 42.585007 35.291289
150 42.637180 36.069542
151 42.730246 36.843970
152 42.834782 37.616934
153 42.938128 38.390057
154 43.078929 39.157243
155 43.153669 39.933654
156 43.344737 40.689890
157 43.188471 41.454077
158 42.445634 41.691969
159 41.679772 41.839805
160 40.957331 42.133878
161 40.257770 42.478863
162 39.587174 42.877235
163 38.905628 43.256570
164 38.234504 43.654053
165 37.504467 43.928728
166 36.763874 44.173519
167 36.024702 44.422567
