1 0.000000 0.000000
2 -0.748253 -0.220268
3 -1.469066 -0.518308
4 -2.160494 -0.879318
5 -2.833306 -1.273937
6 -3.574978 -1.515435
7 -4.253009 -1.901018
8 -4.964534 -2.220600
9 -5.680847 -2.529301
10 -6.416449 -2.788702
11 -6.877956 -3.417520
12 -7.096395 -4.166308
13 -7.243648 -4.932283
14 -7.369224 -5.702108
15 -7.462644 -6.476493
16 -7.586314 -7.246627
17 -7.648186 -8.024169
18 -7.746627 -8.797932
19 -7.817107 -9.574741
20 -7.961370 -10.341284
21 -8.029483 -11.118305
22 -8.138260 -11.890683
23 -8.199670 -12.668261
24 -8.189873 -13.448200
25 -8.096635 -14.222607
26 -7.963802 -14.991213
27 -7.680736 -15.718038
28 -7.397609 -16.444838
29 -7.139776 -17.180992
30 -6.957922 -17.939496
31 -6.746405 -18.690270
32 -6.462654 -19.416827
33 -6.136787 -20.125495
34 -5.835393 -20.844913
35 -5.402647 -21.493859
36 -5.013674 -22.169951
37 -4.703045 -22.885429
38 -4.519157 -23.643443
39 -4.379520 -24.410842
40 -4.354079 -25.190427
41 -4.377545 -25.970074
42 -4.473352 -26.744168
43 -4.579552 -27.516904
44 -4.716204 -28.284841
45 -4.530611 -29.042439
46 -3.882106 -29.475846
47 -3.126322 -29.668692
48 -2.353310 -29.772872
49 -1.574934 -29.722564
50 -0.820118 -29.919169
51 -0.587684 -30.663732
52 -0.475982 -31.435692
53 -0.347311 -32.205006
54 -0.272417 -32.981402
55 -0.162775 -33.753657
56 -0.116228 -34.532267
57 -0.013238 -35.305438
58 0.015290 -36.084916
59 0.060347 -36.863614
60 0.032270 -37.643108
61 -0.138002 -38.404297
62 -0.792430 -38.828707
63 -1.535628 -39.065469
64 -2.313529 -39.122645
65 -3.088165 -39.213967
66 -3.863930 -39.295134
67 -4.633300 -39.423470
68 -5.406766 -39.524222
69 -6.175802 -39.654539
70 -6.953427 -39.715368
71 -7.733049 -39.739653
72 -8.387257 -39.314903
73 -8.335470 -38.536624
74 -8.169497 -37.774487
75 -7.984786 -37.016673
76 -7.705492 -36.288391
77 -7.524211 -35.529750
78 -7.341365 -34.771484
79 -7.165521 -34.011563
80 -7.015437 -33.246139
81 -6.410870 -32.753291
82 -6.239071 -33.514136
83 -6.272493 -34.293420
84 -6.385494 -35.065191
85 -6.471240 -35.840463
86 -6.641727 -36.601604
