1 0.000000 0.000000
2 -0.737036 -0.255300
3 -1.445797 -0.580964
4 -2.164646 -0.883714
5 -2.811289 -1.319893
6 -3.530626 -1.621478
7 -4.237222 -1.951815
8 -4.935231 -2.299930
9 -5.644518 -2.624447
10 -6.393761 -2.841321
11 -6.894095 -3.439708
12 -7.097413 -4.192743
13 -7.231847 -4.961071
14 -7.384071 -5.726073
15 -7.484650 -6.499561
16 -7.609726 -7.269467
17 -7.645881 -8.048629
18 -7.778414 -8.817287
19 -7.812056 -9.596561
20 -7.912811 -10.370026
21 -7.896544 -11.149857
22 -7.973050 -11.926096
23 -7.963194 -12.706033
24 -7.959241 -13.486023
25 -7.812978 -14.252187
26 -7.661258 -15.017289
27 -7.455081 -15.769546
28 -7.243434 -16.520283
29 -6.943048 -17.240122
30 -6.712759 -17.985352
31 -6.511954 -18.739061
32 -6.294464 -19.488125
33 -5.893515 -20.157185
34 -5.535431 -20.850132
35 -5.090383 -21.490704
36 -4.704334 -22.168469
37 -4.359503 -22.868106
38 -4.195168 -23.630598
39 -4.036361 -24.394260
40 -4.034841 -25.174259
41 -4.035792 -25.954258
42 -4.129602 -26.728597
43 -4.233737 -27.501614
44 -4.409965 -28.261445
45 -4.299038 -29.033517
46 -3.660567 -29.481574
47 -2.906036 -29.679269
48 -2.134664 -29.794960
49 -1.355620 -29.756360
50 -0.582782 -29.861821
51 -0.248161 -30.566398
52 -0.195330 -31.344607
53 -0.040782 -32.109142
54 0.070030 -32.881231
55 0.216639 -33.647329
56 0.305241 -34.422280
57 0.441161 -35.190346
58 0.480406 -35.969359
59 0.546916 -36.746518
60 0.499405 -37.525069
61 0.361519 -38.292785
62 -0.331626 -38.650485
63 -1.090354 -38.831408
64 -1.866029 -38.913432
65 -2.637404 -39.029108
66 -3.414463 -39.096773
67 -4.174515 -39.272047
68 -4.941779 -39.412424
69 -5.707693 -39.559990
70 -6.478370 -39.680230
71 -7.245116 -39.823410
72 -8.018595 -39.924059
73 -8.762910 -40.157286
74 -9.511471 -40.376505
75 -10.264072 -40.581424
76 -11.043262 -40.616959
77 -11.785100 -40.375968
78 -11.904234 -39.605120
79 -11.885398 -38.825347
80 -11.670378 -38.075570
81 -11.581616 -37.300637
82 -11.350194 -36.555758
83 -11.115237 -35.811987
84 -10.866890 -35.072579
85 -11.016183 -35.838159
86 -11.148522 -36.606850
87 -11.203173 -37.384933
