1 0.000000 0.000000
2 -0.624806 0.466923
3 -1.219428 0.971725
4 -1.810338 1.480867
5 -2.366172 2.028085
6 -2.944144 2.551868
7 -3.480270 3.118409
8 -4.012484 3.688627
9 -4.559254 4.244903
10 -5.220947 4.657895
11 -5.752658 5.228582
12 -5.813821 6.006180
13 -5.657959 6.770449
14 -5.499346 7.534152
15 -5.301407 8.288619
16 -5.052072 9.027694
17 -4.793844 9.763709
18 -4.479894 10.477737
19 -4.055321 11.132059
20 -3.655741 11.801936
21 -3.315446 12.503791
22 -3.055882 13.239336
23 -2.747377 13.955733
24 -2.467814 14.683912
25 -2.183399 15.410209
26 -1.909145 16.140404
27 -1.612983 16.861991
28 -1.269702 17.562390
29 -0.862067 18.227396
30 -0.495724 18.916013
31 -0.102732 19.589777
32 0.273669 20.272948
33 0.668000 20.945928
34 1.031170 21.636223
35 1.449341 22.294656
36 1.779611 23.001283
37 2.262958 23.613472
38 2.693284 24.264025
39 3.106880 24.925341
40 3.489961 25.604788
41 3.889144 26.274902
42 4.228242 26.977336
43 4.638708 27.640598
44 4.977865 28.343003
45 5.487785 28.933243
46 6.185952 29.281039
47 6.957342 29.396610
48 7.719963 29.560347
49 8.480602 29.733057
50 9.218280 29.986495
51 9.977378 30.165855
52 10.734667 30.352705
53 11.498914 30.508676
54 12.263198 30.664462
55 13.010656 30.887413
56 13.780027 31.015741
57 14.537111 31.203422
58 15.290064 31.407044
59 15.982277 31.766546
60 16.693693 32.086368
61 17.369867 32.475198
62 18.123302 32.677028
63 18.892134 32.808548
64 19.655146 32.646644
65 20.433188 32.701885
66 21.125852 32.343255
67 20.735436 31.667996
68 20.272890 31.039942
69 20.025544 30.300199
70 19.724816 29.580502
71 19.518310 28.828335
72 19.305429 28.077948
73 19.138957 27.315919
74 18.892960 26.575726
75 18.710947 25.817260
76 18.520141 25.060958
77 18.342004 24.301572
78 18.261618 23.525725
79 18.389978 22.756359
80 18.587657 22.001824
81 18.972724 21.323500
82 19.379765 20.658130
83 19.788627 19.993877
84 20.101035 19.279174
85 20.563024 18.650710
86 21.101231 18.086145
87 21.665415 17.547540
88 22.242912 17.023233
89 22.833615 16.513851
90 23.383847 15.961000
91 23.743885 15.269066
92 23.968651 14.522152
93 24.082368 13.750486
94 23.958706 12.980351
95 23.896930 12.202802
96 23.593775 11.484124
97 23.335171 10.748241
98 23.229076 9.975490
99 23.608695 9.294102
100 24.385962 9.359347
101 25.164039 9.414077
102 25.935339 9.530253
103 26.658205 9.823280
104 27.411062 10.027255
105 28.141796 10.300072
106 28.896351 10.497674
107 29.667216 10.616699
108 30.446127 10.575505
109 31.225826 10.553819
110 32.005689 10.539218
111 32.771628 10.686656
112 33.536943 10.837299
113 34.276592 11.084927
114 34.994477 11.389953
115 35.666612 11.785723
116 36.320863 12.210406
117 36.941989 12.682214
118 37.606446 13.090745
119 38.235975 13.551280
120 38.893887 13.970269
121 39.584829 14.332207
122 40.328826 14.566448
123 40.971294 15.008753
124 41.366849 15.681016
125 41.381839 16.460872
126 41.429725 17.239401
127 41.468724 18.018425
128 41.494356 18.798004
129 41.602620 19.570454
130 41.816213 20.320639
131 41.969460 21.085437
132 42.023416 21.863568
133 42.121125 22.637424
134 42.333320 23.388006
135 42.497388 24.150556
136 42.685973 24.907415
137 42.782397 25.681432
138 42.900810 26.452391
139 42.855512 27.231075
140 42.701905 27.995800
141 42.588913 28.767573
142 42.591619 29.547568
143 42.683771 30.322105
144 42.822168 31.089729
145 42.895099 31.866312
146 42.993806 32.640041
147 43.007886 33.419914
148 43.148098 34.187208
149 43.165125 34.967023
150 43.195536 35.746430
151 43.207141 36.526343
152 43.278283 37.303092
153 43.339823 38.080661
154 43.435930 38.854717
155 43.542701 39.627375
156 43.722443 40.386383
157 43.598456 41.156465
158 43.079262 41.738562
159 42.333937 41.968544
160 41.580673 42.171011
161 40.880828 42.515420
162 40.243960 42.965751
163 39.552103 43.325938
164 38.977294 43.853190
165 38.283080 44.208811
166 37.575641 44.537339
167 36.853495 44.832134
168 36.121961 45.102798
169 35.414983 45.432316
170 34.739535 45.822405
