1 0.000000 0.000000
2 0.259251 -0.735656
3 0.349756 -1.510387
4 0.460637 -2.282466
5 0.672074 -3.033261
6 0.627354 -3.811978
7 0.615367 -4.591886
8 0.586158 -5.371339
9 1.090282 -5.966536
10 1.270638 -5.207674
11 1.336142 -4.430429
12 1.374215 -3.651359
13 1.276196 -2.877542
14 1.306989 -2.098150
15 1.242602 -1.320812
16 1.080152 -0.557916
17 0.941237 0.209614
18 0.982860 0.988502
19 1.018086 1.767707
20 0.953065 2.544992
21 0.343101 3.031144
22 -0.414891 3.215122
23 -1.194747 3.230131
24 -1.973794 3.191599
25 -2.747951 3.096306
26 -3.525465 3.034081
27 -4.244779 2.732439
28 -4.963446 2.429260
29 -5.690391 2.146504
30 -6.423717 1.880734
31 -7.135573 1.561891
32 -7.889803 1.363052
33 -8.646667 1.174486
34 -9.423800 1.107671
35 -10.201254 1.044700
36 -10.974075 1.150282
37 -11.735105 1.321261
38 -12.469506 1.584043
39 -13.235996 1.728588
40 -14.015672 1.706109
41 -14.789645 1.609332
42 -15.565256 1.526706
43 -16.309226 1.292379
44 -16.362526 0.514203
45 -16.168325 -0.241235
46 -15.980088 -0.998181
47 -15.712940 -1.731005
48 -15.559022 -2.495668
49 -15.351758 -3.247627
50 -15.268681 -4.023190
51 -15.215043 -4.801343
52 -15.201088 -5.581219
53 -15.351796 -6.346521
54 -16.101741 -6.560954
55 -16.879519 -6.502110
56 -17.623048 -6.266390
57 -18.382248 -6.087461
58 -19.131295 -5.869910
59 -19.889739 -5.687804
60 -20.640632 -5.476712
61 -21.400242 -5.299534
62 -22.144367 -5.065700
63 -22.705528 -4.523945
64 -22.688730 -3.744125
65 -22.631033 -2.966262
66 -22.455754 -2.206212
67 -22.295126 -1.442930
68 -22.136655 -0.679198
69 -21.984100 0.085738
70 -21.846568 0.853517
71 -21.724251 1.623867
72 -22.042269 2.336092
73 -22.140284 1.562275
74 -22.221783 0.786544
75 -22.349506 0.017073
76 -22.526758 -0.742521
77 -22.724006 -1.497168
78 -22.910063 -2.254653
79 -23.034144 -3.024720
80 -23.130113 -3.798794
