1 0.000000 0.000000
2 0.778841 -0.042499
3 1.554310 0.041452
4 2.330223 0.121194
5 3.067510 0.375769
6 3.840606 0.479320
7 4.616155 0.562523
8 5.388143 0.674040
9 6.155934 0.811506
10 6.935820 0.824828
11 7.713026 0.758875
12 8.492287 0.724913
13 9.189863 1.073894
14 9.324806 1.842133
15 9.137804 2.599385
16 8.947375 3.355782
17 8.820214 4.125347
18 8.773861 4.903968
19 8.826492 5.682191
20 8.898134 6.458894
21 8.921571 7.238541
22 8.758856 8.001381
23 8.713502 8.780061
24 8.749333 9.559238
25 8.771166 10.338932
26 8.844592 11.115468
27 8.821238 11.895119
28 8.614531 12.647230
29 8.219957 13.320069
30 7.615655 13.813241
31 7.117280 14.413260
32 6.868030 15.152363
33 6.731276 15.920282
34 6.690260 16.699203
35 6.661546 17.478674
36 6.625399 18.257836
37 6.659419 19.037094
38 6.802675 19.803825
39 6.489501 20.518194
40 6.338758 21.283489
41 6.226142 22.055316
42 6.199205 22.834851
43 6.222501 23.614503
44 6.304296 24.390203
45 6.384637 25.166054
46 6.572774 25.923025
47 6.457439 26.694450
48 5.677982 26.723538
49 4.979944 26.375481
50 4.240648 26.126804
51 3.510523 25.852362
52 2.766557 25.618025
53 2.044306 25.323485
54 1.291679 25.118662
55 0.565050 24.835096
56 -0.171009 24.576991
57 -0.855297 24.202626
58 -1.570205 23.890686
59 -2.264767 23.535744
60 -2.924303 23.119316
61 -3.554232 22.659328
62 -4.171267 22.182182
63 -4.858659 21.813547
64 -5.586020 21.531861
65 -6.302229 21.222921
66 -7.020305 20.918345
67 -7.695920 20.528544
68 -8.376753 20.147931
69 -9.091651 19.835969
70 -9.800754 19.511047
71 -10.501916 19.169328
72 -11.228944 18.886787
73 -11.951174 18.592196
74 -12.294355 17.891748
75 -12.480772 17.134352
76 -12.645713 16.371991
77 -12.776847 15.603093
78 -12.925556 14.837400
79 -13.013988 14.062429
80 -13.149451 13.294282
81 -13.232573 12.518724
82 -13.372965 11.751463
83 -13.507251 10.983109
84 -13.617998 10.211011
85 -13.685287 9.433919
86 -13.780463 8.659748
87 -13.718649 7.882201
88 -13.599600 7.111339
89 -13.457260 6.344437
90 -13.242794 5.594501
91 -12.924032 4.882609
92 -12.722344 4.129135
93 -12.491298 3.384140
94 -12.317518 2.623745
95 -11.979114 1.920977
96 -11.650113 1.213759
97 -11.305898 0.513818
98 -10.917023 -0.162330
99 -10.486810 -0.812958
100 -10.211995 -1.542941
101 -9.976897 -2.286668
102 -9.915623 -3.064258
103 -9.876599 -3.843281
104 -9.958999 -4.618916
105 -10.028395 -5.395823
106 -10.233116 -6.148478
107 -10.337999 -6.921394
108 -10.722172 -7.600225
109 -11.445995 -7.890880
110 -12.225860 -7.905366
111 -12.982004 -8.096797
112 -13.713641 -8.367183
113 -14.403668 -8.730861
114 -15.115251 -9.050314
115 -15.852459 -9.305116
116 -16.608606 -9.496537
117 -17.374321 -9.645131
118 -18.141088 -9.788200
119 -18.907147 -9.935009
120 -19.677706 -10.056005
121 -20.418616 -10.299833
122 -21.190471 -10.412261
123 -21.961603 -10.529545
124 -22.741127 -10.556792
125 -23.520946 -10.573580
126 -24.295208 -10.668015
127 -25.022190 -10.950675
128 -25.736690 -11.263550
129 -26.502470 -11.115291
130 -26.485069 -10.335486
131 -26.337083 -9.569653
132 -26.091213 -8.829418
133 -25.822993 -8.096985
134 -25.573328 -7.358021
135 -25.247473 -6.649347
136 -24.812245 -6.002063
137 -24.414122 -5.331319
138 -24.051630 -4.640667
139 -23.729774 -3.930168
140 -23.406986 -3.220092
141 -23.162103 -2.479530
142 -22.921645 -1.737519
143 -22.749574 -0.976736
144 -22.565476 -0.218773
145 -22.353750 0.531942
146 -22.082987 1.263438
147 -21.585829 1.864466
148 -21.121975 2.491554
149 -20.779298 3.192248
150 -20.327747 3.828253
151 -19.968699 4.520701
152 -19.482620 5.130723
153 -19.061055 5.786988
154 -18.611994 6.424752
155 -18.181260 7.075035
156 -17.600165 7.595351
157 -17.102055 8.195590
158 -16.561522 8.757928
159 -16.073847 9.366675
160 -15.608920 9.992968
161 -15.175698 10.641597
162 -14.637148 11.205834
163 -14.193045 11.847061
164 -13.544813 12.280877
165 -12.782998 12.113434
166 -12.052451 11.840119
167 -11.278154 11.745970
168 -10.515536 11.582218
169 -9.745165 11.460040
170 -9.011420 11.195430
