1 0.000000 0.000000
2 0.233134 -0.744344
3 0.510822 -1.473240
4 0.518738 -2.253200
5 0.587184 -3.030191
6 0.607011 -3.809939
7 0.519617 -4.585028
8 0.333061 -5.342390
9 0.291959 -6.121306
10 0.905296 -6.603197
11 1.044075 -5.835642
12 1.086012 -5.056770
13 1.070344 -4.276928
14 0.995231 -3.500553
15 1.025551 -2.721142
16 0.948042 -1.945003
17 0.743354 -1.192339
18 0.678623 -0.415030
19 0.786491 0.357476
20 0.858440 1.134150
21 0.818948 1.913150
22 0.134089 2.286469
23 -0.630325 2.441619
24 -1.403917 2.541398
25 -2.183914 2.539159
26 -2.951837 2.402434
27 -3.731361 2.429675
28 -4.485548 2.230670
29 -5.237098 2.021932
30 -5.928991 1.661815
31 -6.662447 1.396403
32 -7.369938 1.067989
33 -8.108442 0.816967
34 -8.855879 0.593948
35 -9.629006 0.490628
36 -10.398831 0.365053
37 -11.172652 0.463036
38 -11.944250 0.577214
39 -12.681400 0.832186
40 -13.419254 1.085111
41 -14.155508 1.342659
42 -14.928897 1.443995
43 -15.708895 1.442532
44 -16.484277 1.357776
45 -17.261270 1.289354
46 -17.984362 0.996884
47 -18.019576 0.217679
48 -17.821154 -0.536661
49 -17.640192 -1.295379
50 -17.449536 -2.051719
51 -17.431504 -2.831510
52 -17.353715 -3.607622
53 -17.403971 -4.386001
54 -17.386807 -5.165812
55 -17.405245 -5.945594
56 -17.434103 -6.725060
57 -17.793600 -7.417275
58 -18.559307 -7.565914
59 -19.326411 -7.424665
60 -20.078372 -7.217409
61 -20.813859 -6.957681
62 -21.571260 -6.771286
63 -22.313582 -6.531790
64 -23.077491 -6.374171
65 -23.815000 -6.120242
66 -24.564269 -5.903457
67 -25.102995 -5.339387
68 -25.115922 -4.559494
69 -24.947772 -3.797834
70 -24.756073 -3.041758
71 -24.589194 -2.279818
72 -24.364566 -1.532863
73 -24.164333 -0.779002
74 -24.089478 -0.002602
75 -24.321831 0.741987
76 -25.101292 0.770965
77 -25.359426 0.034917
78 -25.498430 -0.732598
79 -25.701846 -1.485606
80 -25.883708 -2.244109
