1 0.000000 0.000000
2 0.779385 0.030958
3 1.557524 0.084807
4 2.327641 0.208584
5 3.100321 0.315188
6 3.856202 0.507658
7 4.623887 0.645715
8 5.371931 0.866691
9 6.143326 0.982230
10 6.896312 1.185729
11 7.675221 1.144484
12 8.453561 1.195342
13 9.228805 1.281350
14 9.359133 2.050385
15 9.159453 2.804393
16 8.904308 3.541482
17 8.755969 4.307247
18 8.572396 5.065337
19 8.595727 5.844988
20 8.594216 6.624987
21 8.511067 7.400542
22 8.170750 8.102386
23 8.131887 8.881417
24 8.227662 9.655515
25 8.285670 10.433355
26 8.302852 11.213166
27 8.326833 11.992797
28 8.183888 12.759587
29 7.922087 13.494338
30 7.350838 14.025445
31 6.740558 14.511201
32 6.297994 15.153491
33 6.172522 15.923333
34 6.031051 16.690396
35 6.015594 17.470243
36 5.853324 18.233177
37 5.847248 19.013153
38 5.777708 19.790047
39 5.870528 20.564505
40 5.427655 21.206582
41 5.295789 21.975355
42 5.188460 22.747935
43 5.254779 23.525111
44 5.343438 24.300056
45 5.470904 25.069570
46 5.546423 25.845906
47 5.737547 26.602128
48 5.370834 27.290547
49 4.604482 27.145271
50 3.879015 26.858745
51 3.162633 26.550205
52 2.434725 26.269937
53 1.691422 26.033504
54 0.961459 25.758632
55 0.219812 25.517054
56 -0.515351 25.256410
57 -1.232046 24.948598
58 -1.957814 24.662835
59 -2.671669 24.348493
60 -3.341982 23.949644
61 -4.013416 23.552685
62 -4.637976 23.085433
63 -5.278704 22.640609
64 -5.880777 22.144718
65 -6.551125 21.745929
66 -7.230487 21.362694
67 -7.927001 21.011600
68 -8.645194 20.707299
69 -9.318980 20.314346
70 -9.997477 19.929583
71 -10.716184 19.626500
72 -11.412591 19.275191
73 -12.119530 18.945589
74 -12.844350 18.657430
75 -13.449455 18.165244
76 -13.663844 17.415285
77 -13.904074 16.673201
78 -14.037045 15.904618
79 -14.213769 15.144902
80 -14.340336 14.375239
81 -14.492189 13.610164
82 -14.585284 12.835739
83 -14.745757 12.072425
84 -14.901422 11.308116
85 -14.996354 10.533915
86 -15.042280 9.755268
87 -15.108061 8.978047
88 -15.076051 8.198704
89 -15.047855 7.419213
90 -14.893967 6.654545
91 -14.721733 5.893798
92 -14.436398 5.167861
93 -14.211476 4.420994
94 -13.963887 3.681333
95 -13.820365 2.914651
96 -13.517400 2.195893
97 -13.220324 1.474682
98 -12.834334 0.796883
99 -12.496589 0.093797
100 -12.017693 -0.521879
101 -11.688211 -1.228874
102 -11.447250 -1.970722
103 -11.301022 -2.736892
104 -11.202927 -3.510699
105 -11.239788 -4.289828
106 -11.275532 -5.069009
107 -11.409745 -5.837375
108 -11.532931 -6.607586
109 -11.794018 -7.342592
110 -12.475791 -7.721518
111 -13.255586 -7.739396
112 -14.017350 -7.907076
113 -14.769446 -8.113838
114 -15.485302 -8.423597
115 -16.206189 -8.721461
116 -16.940977 -8.983160
117 -17.699039 -9.166849
118 -18.452548 -9.368405
119 -19.228202 -9.450625
120 -19.997314 -9.580498
121 -20.769421 -9.691179
122 -21.525374 -9.883364
123 -22.303621 -9.935627
124 -23.077342 -10.034399
125 -23.856891 -10.060938
126 -24.635702 -10.103981
127 -25.414636 -10.144742
128 -26.163741 -10.362096
129 -26.926710 -10.524201
130 -27.693630 -10.381955
131 -27.708845 -9.602104
132 -27.686623 -8.822420
133 -27.533894 -8.057519
134 -27.312498 -7.309599
135 -27.022816 -6.585387
136 -26.735646 -5.860174
137 -26.290879 -5.219407
138 -25.895488 -4.547048
139 -25.545051 -3.850202
140 -25.352386 -3.094372
141 -25.064863 -2.369299
142 -24.845876 -1.620670
143 -24.538131 -0.903947
144 -24.319973 -0.155076
145 -24.113484 0.597096
146 -23.894030 1.345588
147 -23.425390 1.969107
148 -22.934121 2.574957
149 -22.454808 3.190310
150 -22.008669 3.830122
151 -21.575721 4.478934
152 -21.155004 5.135742
153 -20.667386 5.744535
154 -20.182266 6.355320
155 -19.648779 6.924347
156 -19.127957 7.504989
157 -18.541166 8.018872
158 -17.980875 8.561526
159 -17.392942 9.074103
160 -16.855986 9.639858
161 -16.368517 10.248770
162 -15.952241 10.908402
163 -15.439566 11.496249
164 -14.697828 11.737547
165 -13.962173 11.478295
166 -13.235823 11.194013
167 -12.464407 11.078611
168 -11.695807 10.945747
169 -10.958188 10.692136
170 -10.199002 10.513146
