1 0.000000 0.000000
2 -0.086931 0.775141
3 -0.344398 1.511422
4 -0.404399 2.289111
5 -0.345803 3.066907
6 -0.276404 3.843813
7 -0.382012 4.616631
8 -1.068489 4.986968
9 -1.823348 5.183407
10 -2.601927 5.230459
11 -3.380542 5.183987
12 -4.152373 5.071399
13 -4.923204 4.952151
14 -5.651479 4.672839
15 -6.372232 4.374652
16 -7.030211 3.955768
17 -7.746760 3.647617
18 -8.455030 3.320885
19 -9.205030 3.106642
20 -9.968986 2.949254
21 -10.747380 2.899219
22 -11.519814 2.790842
23 -12.293928 2.886478
24 -13.049037 3.081953
25 -13.779290 3.356054
26 -14.522234 3.593614
27 -15.286136 3.751261
28 -16.064845 3.706390
29 -16.844372 3.679257
30 -17.623871 3.651286
31 -18.368723 3.419780
32 -18.428468 2.642071
33 -18.273941 1.877531
34 -18.028201 1.137253
35 -17.872859 0.372878
36 -17.766164 -0.399790
37 -17.761514 -1.179776
38 -17.689968 -1.956488
39 -17.689844 -2.736488
40 -17.634149 -3.514497
41 -17.696581 -4.291994
42 -18.416045 -4.593277
43 -19.188613 -4.485856
44 -19.958632 -4.361476
45 -20.694084 -4.101648
46 -21.460556 -3.957007
47 -22.216634 -3.765316
48 -22.983444 -3.622478
49 -23.741036 -3.436861
50 -24.507046 -3.289792
51 -25.268772 -3.121943
52 -26.030695 -2.954989
53 -26.807407 -2.883445
54 -27.586802 -2.852735
55 -28.361932 -2.765714
56 -29.134742 -2.660049
57 -29.898737 -2.502851
58 -30.668196 -2.375050
59 -31.421292 -2.171956
60 -32.182918 -2.003654
61 -32.942821 -1.827737
62 -33.608573 -2.234154
63 -33.808887 -2.987994
64 -33.830036 -3.767707
65 -33.910197 -4.543577
66 -34.350363 -5.187513
67 -35.129186 -5.144663
68 -35.883848 -4.947470
69 -36.660199 -4.872116
70 -37.439313 -4.909286
71 -38.215553 -4.832785
72 -38.991928 -4.757675
73 -39.751213 -4.579108
74 -40.530845 -4.555154
75 -41.264867 -4.291315
76 -41.945769 -3.910825
77 -42.652689 -3.581181
78 -43.431495 -3.538052
79 -44.199436 -3.674683
80 -44.918722 -3.976390
81 -45.209512 -4.700158
82 -44.483932 -4.413918
83 -43.705150 -4.457486
84 -42.965694 -4.705688
