1 0.000000 0.000000
2 0.774198 0.094963
3 1.516985 0.333010
4 2.286357 0.461335
5 3.047096 0.633604
6 3.817616 0.754842
7 4.583092 0.904663
8 5.358789 0.986478
9 6.138630 0.970740
10 6.915182 0.897477
11 7.649630 1.160130
12 7.701380 1.938411
13 7.430481 2.669858
14 7.229149 3.423426
15 7.142208 4.198566
16 7.078746 4.975980
17 6.997673 5.751755
18 6.998723 6.531754
19 6.914200 7.307161
20 6.678169 8.050592
21 6.624370 8.828734
22 6.675527 9.607055
23 6.725285 10.385466
24 6.791779 11.162627
25 6.822556 11.942019
26 6.713478 12.714355
27 6.412292 13.433859
28 5.819628 13.940959
29 5.149586 14.340262
30 4.834598 15.053833
31 4.596401 15.796572
32 4.497470 16.570273
33 4.359012 17.337886
34 4.310529 18.116377
35 4.178775 18.885169
36 4.170207 19.665122
37 4.198151 20.444622
38 3.833498 21.134134
39 3.594968 21.876767
40 3.572505 22.656444
41 3.563965 23.436397
42 3.711711 24.202276
43 3.808446 24.976254
44 3.941440 25.744833
45 4.068389 26.514433
46 4.056208 27.294338
47 3.288374 27.431564
48 2.540778 27.209078
49 1.853033 26.841101
50 1.117178 26.582417
51 0.410985 26.251220
52 -0.296484 25.922757
53 -1.012007 25.612232
54 -1.748905 25.356533
55 -2.469894 25.058919
56 -3.183800 24.744691
57 -3.887791 24.408839
58 -4.573882 24.037788
59 -5.249974 23.648815
60 -5.907025 23.228477
61 -6.559075 22.800423
62 -7.217695 22.382547
63 -7.838717 21.910603
64 -8.545429 21.580515
65 -9.232712 21.211677
66 -9.974884 20.971714
67 -10.639679 20.563736
68 -11.308159 20.161822
69 -12.009713 19.820908
70 -12.715429 19.488696
71 -13.423795 19.162174
72 -14.162111 18.910598
73 -14.815163 18.484074
74 -15.083559 17.751705
75 -15.206512 16.981457
76 -15.367012 16.218149
77 -15.494668 15.448666
78 -15.604426 14.676427
79 -15.682952 13.900389
80 -15.801082 13.129387
81 -15.902862 12.356056
82 -16.091587 11.599232
83 -16.218690 10.829657
84 -16.308601 10.054856
85 -16.360492 9.276585
86 -16.416122 8.498571
87 -16.310129 7.725806
88 -16.195965 6.954206
89 -16.009991 6.196701
90 -15.758637 5.458310
91 -15.440299 4.746228
92 -15.239548 3.992504
93 -15.054020 3.234890
94 -14.859435 2.479552
95 -14.514315 1.780057
96 -14.220688 1.057435
97 -13.862796 0.364388
98 -13.489940 -0.320724
99 -13.117479 -1.006051
100 -12.886880 -1.751184
101 -12.698965 -2.508210
102 -12.621281 -3.284332
103 -12.581670 -4.063325
104 -12.633789 -4.841582
105 -12.682469 -5.620061
106 -12.825921 -6.386756
107 -13.062376 -7.130052
108 -13.664625 -7.625731
109 -14.416569 -7.833048
110 -15.190527 -7.929943
111 -15.934664 -8.163738
112 -16.651441 -8.471358
113 -17.344766 -8.828710
114 -18.086981 -9.068539
115 -18.830807 -9.303320
116 -19.582917 -9.510034
117 -20.344870 -9.676850
118 -21.120688 -9.757513
119 -21.872561 -9.965090
120 -22.642904 -10.087447
121 -23.399336 -10.277735
122 -24.177536 -10.330701
123 -24.950404 -10.435938
124 -25.730354 -10.427048
125 -26.509072 -10.471737
126 -27.272033 -10.633881
127 -27.979643 -10.962041
128 -28.717144 -11.215993
129 -29.331117 -10.734914
130 -29.239453 -9.960318
131 -29.289278 -9.181911
132 -29.154934 -8.413568
133 -28.992241 -7.650724
134 -28.682415 -6.934897
135 -28.433961 -6.195526
136 -28.048085 -5.517661
137 -27.659887 -4.841125
138 -27.395818 -4.107185
139 -27.160153 -3.363638
140 -26.879040 -2.636056
141 -26.687063 -1.880050
142 -26.454010 -1.135680
143 -26.261036 -0.379928
144 -26.090333 0.381163
145 -25.864239 1.127676
146 -25.471221 1.801424
147 -25.070472 2.470603
148 -24.600497 3.093117
149 -24.272442 3.800775
150 -23.862714 4.464494
151 -23.511263 5.160829
152 -23.086624 5.815108
153 -22.615498 6.436752
154 -22.181078 7.084578
155 -21.660513 7.665450
156 -21.067930 8.172643
157 -20.542817 8.749408
158 -19.978001 9.287350
159 -19.447481 9.859145
160 -19.000298 10.498228
161 -18.575258 11.152247
162 -18.073649 11.749565
163 -17.611839 12.378159
164 -16.876852 12.639301
165 -16.140613 12.381713
166 -15.408074 12.113781
167 -14.638310 11.987836
168 -13.879338 11.807939
169 -13.104656 11.717013
170 -12.352617 11.510041
