1 0.000000 0.000000
2 0.367791 -0.687844
3 0.497426 -1.456996
4 0.540125 -2.235827
5 0.552792 -3.015724
6 0.577714 -3.795326
7 0.494694 -4.570895
8 0.443985 -5.349245
9 0.780836 -6.052758
10 0.990675 -5.301514
11 1.104027 -4.529794
12 1.184400 -3.753946
13 1.157858 -2.974398
14 1.137694 -2.194659
15 1.133461 -1.414670
16 0.998674 -0.646404
17 0.876682 0.123997
18 0.820274 0.901954
19 0.846450 1.681515
20 0.810522 2.460687
21 0.411848 3.131104
22 -0.334555 3.357562
23 -1.105910 3.473369
24 -1.884687 3.517031
25 -2.664484 3.499219
26 -3.436900 3.390718
27 -4.216699 3.372997
28 -4.958293 3.131259
29 -5.688217 2.856283
30 -6.386578 2.508876
31 -7.107935 2.212153
32 -7.817260 1.887718
33 -8.574005 1.698675
34 -9.326527 1.493466
35 -10.102171 1.411147
36 -10.881732 1.384996
37 -11.657661 1.464591
38 -12.426613 1.595402
39 -13.161927 1.855620
40 -13.899008 2.110789
41 -14.645868 2.335737
42 -15.424416 2.288168
43 -16.202834 2.238512
44 -16.967784 2.086030
45 -17.692447 1.797476
46 -17.864410 1.036668
47 -17.758574 0.263882
48 -17.514288 -0.476878
49 -17.366548 -1.242758
50 -17.204017 -2.005637
51 -17.162913 -2.784553
52 -17.025241 -3.552307
53 -16.987019 -4.331370
54 -16.911521 -5.107708
55 -16.994496 -5.883282
56 -17.708318 -6.197700
57 -18.486300 -6.141628
58 -19.256837 -6.020501
59 -20.015888 -5.840940
60 -20.787742 -5.728505
61 -21.542086 -5.530100
62 -22.310387 -5.395510
63 -23.064313 -5.195524
64 -23.807845 -4.959811
65 -24.494417 -4.589651
66 -24.678809 -3.831760
67 -24.591136 -3.056703
68 -24.449894 -2.289597
69 -24.284821 -1.527265
70 -24.093481 -0.771098
71 -23.839281 -0.033681
72 -23.634943 0.719078
73 -23.496822 1.486751
74 -23.361354 2.254897
75 -23.989259 2.717645
76 -23.910589 1.941622
77 -24.068802 1.177836
78 -24.358839 0.453765
79 -24.557691 -0.300461
