1 0.000000 0.000000
2 -0.737154 -0.254959
3 -1.472621 -0.514744
4 -2.215738 -0.751760
5 -2.900411 -1.125421
6 -3.610034 -1.449206
7 -4.313991 -1.785129
8 -5.017634 -2.121710
9 -5.719311 -2.462369
10 -6.464485 -2.692839
11 -6.884391 -3.350166
12 -7.077310 -4.105932
13 -7.201436 -4.875993
14 -7.311822 -5.648142
15 -7.423671 -6.420081
16 -7.528055 -7.193065
17 -7.575744 -7.971606
18 -7.682057 -8.744327
19 -7.778353 -9.518359
20 -7.894750 -10.289626
21 -7.923325 -11.069102
22 -7.999089 -11.845414
23 -8.011841 -12.625310
24 -7.990965 -13.405030
25 -7.819384 -14.165924
26 -7.615793 -14.918886
27 -7.346815 -15.651041
28 -7.143402 -16.404050
29 -6.901476 -17.145584
30 -6.682631 -17.894254
31 -6.419502 -18.628531
32 -6.116175 -19.347136
33 -5.764363 -20.043288
34 -5.374596 -20.718923
35 -4.907597 -21.343672
36 -4.522189 -22.021802
37 -4.231856 -22.745754
38 -4.043596 -23.502694
39 -3.883416 -24.266070
40 -3.850751 -25.045386
41 -3.808248 -25.824227
42 -3.887833 -26.600156
43 -4.030741 -27.366953
44 -4.167591 -28.134854
45 -4.016726 -28.900125
46 -3.337235 -29.283129
47 -2.595013 -29.522932
48 -1.825414 -29.649889
49 -1.045633 -29.631408
50 -0.269421 -29.708180
51 0.099615 -30.395357
52 0.213075 -31.167061
53 0.399171 -31.924536
54 0.494919 -32.698637
55 0.592897 -33.472459
56 0.692502 -34.246073
57 0.803255 -35.018170
58 0.892168 -35.793086
59 0.923754 -36.572446
60 0.878583 -37.351137
61 0.768311 -38.123303
62 0.127588 -38.568133
63 -0.627766 -38.762659
64 -1.405922 -38.816253
65 -2.179822 -38.913614
66 -2.955151 -38.998849
67 -3.723525 -39.133015
68 -4.492957 -39.260982
69 -5.258350 -39.411224
70 -6.034761 -39.485966
71 -6.807594 -39.591461
72 -7.578359 -39.711132
73 -8.334480 -39.902655
74 -9.097838 -40.062919
75 -9.865417 -40.201564
76 -10.632266 -40.344191
77 -11.400449 -40.479453
78 -12.176645 -40.556386
79 -12.944583 -40.693033
80 -13.720635 -40.771410
81 -14.488970 -40.905800
82 -15.256653 -41.043869
83 -15.952945 -40.692334
84 -15.925868 -39.912804
85 -15.749880 -39.152917
86 -15.568674 -38.394257
87 -15.440768 -37.624816
88 -15.258781 -36.866343
89 -15.026386 -36.121768
90 -14.737393 -35.397280
91 -14.635567 -34.623955
92 -15.116406 -34.009793
93 -15.308483 -34.765774
94 -15.416934 -35.538197
95 -15.563890 -36.304229
