1 0.000000 0.000000
2 -0.298858 -0.720475
3 -0.481464 -1.478799
4 -0.635194 -2.243499
5 -0.710031 -3.019901
6 -0.812139 -3.793189
7 -0.877077 -4.570481
8 -0.925627 -5.348968
9 -0.581692 -6.049046
10 0.198289 -6.054601
11 0.957959 -5.877680
12 1.737029 -5.915762
13 2.509145 -6.026381
14 3.277556 -6.160338
15 4.057361 -6.177764
16 4.835147 -6.236497
17 5.613001 -6.178684
18 6.387183 -6.273781
19 7.166458 -6.240164
20 7.946448 -6.236283
21 8.718942 -6.128331
22 9.497910 -6.088219
23 10.239458 -5.846338
24 10.982993 -5.610636
25 11.702791 -5.310151
26 12.472586 -5.184389
27 13.251471 -5.142713
28 14.031237 -5.161835
29 14.801887 -5.041428
30 15.580332 -4.992198
31 16.356336 -4.913340
32 17.134560 -4.860743
33 17.863344 -4.582761
34 18.627743 -4.427538
35 19.007122 -5.109060
36 19.131362 -5.879101
37 19.232025 -6.652579
38 19.384023 -7.417625
39 19.544438 -8.180952
40 19.576924 -8.960275
41 19.765745 -9.717075
42 19.755702 -10.497010
43 19.754492 -11.277009
44 19.787585 -12.056307
45 20.346299 -12.600585
46 21.121353 -12.512885
47 21.869770 -12.293179
48 22.636516 -12.149996
49 23.368753 -11.881242
50 24.128710 -11.705557
51 24.873810 -11.474849
52 25.635459 -11.306651
53 26.380932 -11.077150
54 27.129349 -10.857443
55 27.832979 -10.520835
56 28.556767 -10.230094
57 29.288789 -9.960753
58 30.017918 -9.683676
59 30.751955 -9.419880
60 31.484639 -9.152347
61 32.233223 -8.933204
62 33.011545 -8.882073
63 33.764467 -9.085809
64 33.682483 -9.861489
65 33.584763 -10.635343
66 33.772465 -11.392421
67 34.034192 -12.127200
68 34.504400 -12.749538
69 35.274588 -12.626206
70 36.051901 -12.561523
71 36.822888 -12.443293
72 37.590774 -12.306358
73 38.350312 -12.128870
74 39.126551 -12.052359
75 39.906513 -12.044659
76 40.685105 -11.997812
77 41.459583 -11.905168
78 42.238733 -11.868759
79 43.011101 -11.759908
80 43.519114 -11.168028
81 42.754584 -11.013450
82 41.974725 -10.998647
