1 0.000000 0.000000
2 -0.660699 0.414580
3 -1.312808 0.842545
4 -1.968174 1.265505
5 -2.601843 1.720329
6 -3.228930 2.184183
7 -3.819989 2.693153
8 -4.440965 3.165157
9 -5.144271 3.502441
10 -5.877330 3.768945
11 -6.486069 4.256631
12 -6.772351 4.982194
13 -6.701963 5.759012
14 -6.549363 6.523939
15 -6.360259 7.280668
16 -6.138087 8.028358
17 -5.970831 8.790215
18 -5.758547 9.540771
19 -5.503568 10.277918
20 -5.095366 10.942577
21 -4.817264 11.671315
22 -4.560539 12.407856
23 -4.345548 13.157642
24 -4.094855 13.896257
25 -3.883972 14.647209
26 -3.635001 15.386407
27 -3.422773 16.136980
28 -3.227996 16.892269
29 -2.757994 17.514763
30 -2.426450 18.220793
31 -2.123286 18.939466
32 -1.814266 19.655641
33 -1.483589 20.362078
34 -1.154053 21.069048
35 -0.801572 21.764862
36 -0.506493 22.486892
37 -0.135901 23.173232
38 0.253533 23.849058
39 0.584983 24.555132
40 0.910595 25.263918
41 1.195962 25.989842
42 1.517859 26.700322
43 1.842869 27.409384
44 2.167832 28.118467
45 2.619668 28.754268
46 3.384991 28.904875
47 4.137606 29.109741
48 4.863041 29.396348
49 5.603653 29.641079
50 6.354694 29.851646
51 7.103945 30.068494
52 7.830340 30.352659
53 8.569799 30.600853
54 9.313584 30.835767
55 10.064339 31.047347
56 10.801036 31.303623
57 11.503778 31.642081
58 12.181616 32.028003
59 12.839246 32.447434
60 13.529641 32.810416
61 14.262415 33.077701
62 15.035389 33.182160
63 15.815165 33.200854
64 16.593048 33.143424
65 16.554808 32.364362
66 16.315118 31.622103
67 16.112374 30.868913
68 15.876862 30.125318
69 15.756515 29.354658
70 15.666607 28.579857
71 15.549327 27.808724
72 15.343534 27.056362
73 15.134198 26.304978
74 15.082154 25.526716
75 15.043932 24.747653
76 15.126651 23.972051
77 15.341365 23.222186
78 15.664428 22.512235
79 16.119177 21.878513
80 16.674580 21.330857
81 17.200854 20.755152
82 17.624178 20.100022
83 18.122919 19.500307
84 18.669925 18.944264
85 19.207776 18.379360
86 19.800236 17.872022
87 20.398949 17.372079
88 20.952897 16.822951
89 21.445485 16.218172
90 21.730902 15.492268
91 21.915004 14.734306
92 22.022208 13.961708
93 21.969747 13.183475
94 21.884804 12.408114
95 21.780121 11.635170
96 22.073493 10.912444
97 22.751441 10.526716
98 23.531430 10.530830
99 24.300052 10.663574
100 25.049571 10.879493
101 25.763500 11.193666
102 26.483658 11.493286
103 27.199023 11.804177
104 27.935300 12.061657
105 28.695104 12.238003
106 29.475102 12.236242
107 30.254988 12.222898
108 31.034596 12.247639
109 31.796772 12.413434
110 32.548634 12.621045
111 33.273634 12.908753
112 33.974366 13.251352
113 34.634293 13.667161
114 35.304572 14.066066
115 35.920122 14.545126
116 36.558393 14.993467
117 37.135356 15.518361
118 37.743454 16.006845
119 38.389482 16.443936
120 39.064683 16.834452
121 39.720712 17.256383
122 40.162844 17.898972
123 40.131550 18.678344
124 40.085309 19.456972
125 40.052635 20.236287
126 39.999961 21.014507
127 40.066295 21.791681
128 40.142488 22.567951
129 40.274984 23.336615
130 40.275072 24.116615
131 40.326054 24.894947
132 40.411633 25.670238
133 40.511681 26.443795
134 40.616060 27.216780
135 40.690185 27.993250
136 40.712656 28.772926
137 40.592433 29.543605
138 40.341849 30.282258
139 40.067434 31.012392
140 40.004218 31.789826
141 40.020175 32.569663
142 40.018165 33.349660
143 40.052418 34.128908
144 40.075499 34.908566
145 40.093444 35.688360
146 40.132965 36.467358
147 40.115426 37.247161
148 40.023885 38.021771
149 40.041232 38.801578
150 40.126342 39.576920
151 40.195281 40.353868
152 40.289083 41.128207
153 40.376260 41.903320
154 40.408364 42.682659
155 40.154446 43.420172
156 39.394170 43.594475
157 38.616418 43.653649
158 37.864146 43.859770
159 37.120291 44.094463
160 36.365327 44.290495
161 35.652117 44.606299
162 34.948953 44.943878
163 34.233963 45.255630
164 33.507673 45.540065
165 32.780174 45.821393
