1 0.000000 0.000000
2 -0.206053 -0.752291
3 -0.359975 -1.516953
4 -0.584851 -2.263834
5 -0.728807 -3.030435
6 -0.870247 -3.797504
7 -0.946264 -4.573791
8 -0.961656 -5.353639
9 -0.407420 -5.902476
10 0.372577 -5.900145
11 1.142670 -5.776224
12 1.922649 -5.770484
13 2.696904 -5.864975
14 3.468770 -5.977329
15 4.247489 -6.022010
16 5.015736 -6.156901
17 5.795676 -6.166626
18 6.573403 -6.226124
19 7.352600 -6.190730
20 8.132578 -6.196537
21 8.895664 -6.034982
22 9.667142 -5.919995
23 10.404843 -5.666625
24 11.143932 -5.417329
25 11.893597 -5.201919
26 12.673555 -5.193804
27 13.448277 -5.103216
28 14.228213 -5.093214
29 14.999299 -4.975632
30 15.778455 -4.939348
31 16.551122 -4.832648
32 17.310880 -4.656101
33 18.061214 -4.443033
34 18.602586 -5.004564
35 18.789309 -5.761884
36 18.904756 -6.533293
37 19.137050 -7.277900
38 19.264483 -8.047420
39 19.397942 -8.815918
40 19.402745 -9.595903
41 19.488724 -10.371150
42 19.433361 -11.149183
43 19.486551 -11.927367
44 19.908134 -12.583620
45 20.680455 -12.474443
46 21.439615 -12.295345
47 22.175531 -12.036833
48 22.937807 -11.871499
49 23.686516 -11.652787
50 24.450456 -11.495320
51 25.201327 -11.284152
52 25.961236 -11.108256
53 26.686373 -10.820898
54 27.388939 -10.482073
55 28.095103 -10.150815
56 28.822453 -9.869101
57 29.531077 -9.543139
58 30.265272 -9.279780
59 30.999657 -9.016953
60 31.757408 -8.831984
61 32.522656 -8.680999
62 33.301007 -8.731694
63 33.557281 -9.468392
64 33.485004 -10.245036
65 33.517371 -11.024364
66 33.704919 -11.781481
67 34.086092 -12.462000
68 34.864621 -12.414114
69 35.638592 -12.317328
70 36.413958 -12.232426
71 37.181361 -12.092809
72 37.954236 -11.987624
73 38.732388 -11.933960
74 39.511744 -11.902289
75 40.288418 -11.830332
76 41.062784 -11.736746
77 41.832194 -11.608651
78 42.606966 -11.518499
79 43.271652 -11.110341
80 42.492769 -11.068609
81 41.716182 -10.995723
82 40.936326 -10.980734
