1 0.000000 0.000000
2 0.134482 -0.768319
3 0.408081 -1.498760
4 0.557878 -2.264241
5 0.667221 -3.036539
6 0.712689 -3.815212
7 0.929839 -4.564376
8 0.827794 -5.337672
9 0.805224 -6.117345
10 0.688829 -6.888612
11 0.848813 -7.652029
12 1.540947 -8.011681
13 1.618210 -7.235517
14 1.652367 -6.456266
15 1.605556 -5.677672
16 1.518240 -4.902574
17 1.483536 -4.123347
18 1.355240 -3.353970
19 1.160910 -2.598566
20 1.044600 -1.827286
21 1.058579 -1.047412
22 1.024312 -0.268165
23 0.815646 0.483406
24 0.102103 0.798457
25 -0.667661 0.924405
26 -1.446474 0.881392
27 -2.219586 0.777961
28 -2.971362 0.570035
29 -3.736333 0.417655
30 -4.463417 0.135258
31 -5.180236 -0.172266
32 -5.851852 -0.568916
33 -6.576171 -0.858333
34 -7.306597 -1.131972
35 -8.034164 -1.413124
36 -8.779397 -1.643400
37 -9.550950 -1.757883
38 -10.322420 -1.872924
39 -11.099427 -1.804666
40 -11.872151 -1.698371
41 -12.627234 -1.502796
42 -13.385366 -1.319395
43 -14.137202 -1.111687
44 -14.916911 -1.090372
45 -15.686997 -1.214335
46 -16.450584 -1.373503
47 -17.189580 -1.623073
48 -17.485656 -2.344696
49 -17.293306 -3.100607
50 -16.944210 -3.798125
51 -16.711906 -4.542729
52 -16.401237 -5.258190
53 -16.195869 -6.010669
54 -15.984918 -6.761601
55 -15.859581 -7.531465
56 -15.744442 -8.302920
57 -15.855645 -9.074953
58 -16.199245 -9.775195
59 -16.976256 -9.843413
60 -17.754344 -9.788830
61 -18.508777 -9.590763
62 -19.267987 -9.411879
63 -20.026927 -9.231850
64 -20.787618 -9.059372
65 -21.550051 -8.894763
66 -22.312854 -8.731877
67 -23.062814 -8.517495
68 -23.741084 -8.132332
69 -23.820319 -7.356367
70 -23.712425 -6.583866
71 -23.555848 -5.819743
72 -23.430481 -5.049884
73 -23.297332 -4.281332
74 -23.163110 -3.512967
75 -23.044050 -2.742108
76 -22.872975 -1.981099
77 -22.994676 -1.210652
78 -23.294591 -1.930688
79 -23.430717 -2.698717
80 -23.435007 -3.478706
81 -23.623629 -4.235556
82 -23.762605 -5.003075
