1 0.000000 0.000000
2 -0.736375 -0.257199
3 -1.457680 -0.554047
4 -2.168650 -0.874863
5 -2.835728 -1.279099
6 -3.573739 -1.531566
7 -4.276963 -1.869022
8 -4.992973 -2.178423
9 -5.697460 -2.513233
10 -6.424313 -2.796225
11 -6.898131 -3.415819
12 -7.089113 -4.172077
13 -7.237021 -4.937925
14 -7.418695 -5.696473
15 -7.501270 -6.472089
16 -7.618047 -7.243298
17 -7.671872 -8.021439
18 -7.801598 -8.790576
19 -7.883868 -9.566225
20 -8.064994 -10.324903
21 -8.196508 -11.093736
22 -8.270886 -11.870182
23 -8.315586 -12.648900
24 -8.376957 -13.426482
25 -8.268745 -14.198939
26 -8.166504 -14.972209
27 -7.972380 -15.727667
28 -7.759345 -16.478011
29 -7.453266 -17.195447
30 -7.304063 -17.961044
31 -7.161217 -18.727853
32 -6.918092 -19.468994
33 -6.578325 -20.171104
34 -6.279165 -20.891453
35 -5.878729 -21.560820
36 -5.503625 -22.244703
37 -5.125373 -22.926851
38 -4.922188 -23.679922
39 -4.704744 -24.429000
40 -4.652220 -25.207230
41 -4.593837 -25.985041
42 -4.662255 -26.762035
43 -4.728008 -27.539259
44 -4.863898 -28.307330
45 -4.847808 -29.087164
46 -4.280470 -29.622447
47 -3.532519 -29.843736
48 -2.764866 -29.981973
49 -1.984945 -29.993040
50 -1.211550 -30.094335
51 -0.788003 -30.749322
52 -0.704013 -31.524787
53 -0.566264 -32.292527
54 -0.502836 -33.069944
55 -0.406984 -33.844032
56 -0.321764 -34.619363
57 -0.227118 -35.393599
58 -0.160744 -36.170770
59 -0.110109 -36.949125
60 -0.167803 -37.726988
61 -0.337268 -38.488356
62 -0.993685 -38.909684
63 -1.737927 -39.143144
64 -2.514222 -39.219075
65 -3.279737 -39.368699
66 -4.056757 -39.436810
67 -4.825785 -39.567182
68 -5.589197 -39.727190
69 -6.350302 -39.897829
70 -7.121701 -40.013347
71 -7.897011 -40.098758
72 -8.619290 -39.804287
73 -8.635658 -39.024459
74 -8.487865 -38.258589
75 -8.335654 -37.493584
76 -8.170771 -36.731211
77 -7.968443 -35.977909
78 -7.818073 -35.212540
79 -7.599939 -34.463663
80 -7.553707 -33.685034
81 -7.580701 -34.464567
82 -7.718417 -35.232313
83 -7.815422 -36.006258
84 -8.000885 -36.763888
