1 0.000000 0.000000
2 -0.718481 -0.303620
3 -1.421844 -0.640784
4 -2.118767 -0.991068
5 -2.769474 -1.421162
6 -3.496922 -1.702621
7 -4.217785 -2.000541
8 -4.953859 -2.258602
9 -5.667173 -2.574171
10 -6.414469 -2.797662
11 -6.865927 -3.433732
12 -7.107083 -4.175516
13 -7.195832 -4.950451
14 -7.327655 -5.719231
15 -7.373550 -6.497880
16 -7.506389 -7.266485
17 -7.509546 -8.046478
18 -7.611110 -8.819838
19 -7.722622 -9.591825
20 -7.833533 -10.363900
21 -7.891124 -11.141771
22 -7.987641 -11.915776
23 -8.082861 -12.689942
24 -8.104369 -13.469646
25 -7.962846 -14.236699
26 -7.841484 -15.007200
27 -7.655920 -15.764805
28 -7.428745 -16.510990
29 -7.177179 -17.249309
30 -7.050156 -18.018896
31 -6.864794 -18.776551
32 -6.630446 -19.520514
33 -6.322331 -20.237079
34 -6.028560 -20.959643
35 -5.631720 -21.631147
36 -5.255697 -22.314526
37 -4.928460 -23.022563
38 -4.760614 -23.784290
39 -4.634099 -24.553961
40 -4.681949 -25.332492
41 -4.723065 -26.111407
42 -4.857639 -26.879711
43 -4.989343 -27.648511
44 -5.184495 -28.403704
45 -5.241906 -29.181588
46 -4.573871 -29.584242
47 -3.835937 -29.836933
48 -3.072312 -29.995918
49 -2.294954 -29.931769
50 -1.515307 -29.955233
51 -1.192586 -30.665340
52 -1.122454 -31.442181
53 -1.014816 -32.214718
54 -0.907490 -32.987299
55 -0.757249 -33.752693
56 -0.655579 -34.526038
57 -0.565239 -35.300789
58 -0.571216 -36.080766
59 -0.563637 -36.860729
60 -0.589729 -37.640293
61 -0.666332 -38.416522
62 -1.282514 -38.894769
63 -2.030199 -39.116956
64 -2.806134 -39.196481
65 -3.576385 -39.319420
66 -4.344153 -39.457013
67 -5.111414 -39.597406
68 -5.883922 -39.705257
69 -6.636496 -39.910275
70 -7.416087 -39.935547
71 -8.183233 -40.076569
72 -8.954007 -40.196182
73 -9.700982 -40.420742
74 -10.459072 -40.604318
75 -11.207487 -40.824034
76 -11.979629 -40.934474
77 -12.746942 -40.794369
78 -12.855699 -40.021988
79 -12.869903 -39.242117
80 -12.699099 -38.481048
81 -12.565465 -37.712581
82 -12.366160 -36.958474
83 -12.158256 -36.206692
84 -11.873390 -35.480571
85 -11.688449 -34.722813
86 -12.427908 -34.474619
87 -12.794147 -35.163291
88 -12.962483 -35.924910
89 -13.047689 -36.700242
90 -13.162866 -37.471691
