1 0.000000 0.000000
2 0.779365 -0.031479
3 1.554262 0.057591
4 2.323317 0.187800
5 3.085678 0.352745
6 3.864493 0.395723
7 4.617718 0.598337
8 5.389511 0.711183
9 6.159757 0.834155
10 6.937611 0.891970
11 7.716269 0.937708
12 8.496125 0.922717
13 9.188014 1.282841
14 9.263040 2.059224
15 9.019975 2.800385
16 8.804697 3.550089
17 8.640141 4.312533
18 8.588433 5.090817
19 8.447334 5.857949
20 8.507212 6.635647
21 8.441376 7.412864
22 8.278827 8.175739
23 8.237113 8.954622
24 8.360361 9.724824
25 8.422101 10.502376
26 8.551114 11.271633
27 8.609861 12.049417
28 8.385343 12.796406
29 8.143308 13.537903
30 7.536276 14.027711
31 6.969891 14.564003
32 6.744663 15.310778
33 6.626470 16.081771
34 6.550107 16.858024
35 6.438636 17.630017
36 6.338119 18.403514
37 6.290355 19.182050
38 6.389862 19.955676
39 6.384244 20.735656
40 6.213012 21.496629
41 6.093826 22.267470
42 6.143771 23.045869
43 6.149314 23.825849
44 6.298286 24.591491
45 6.425241 25.361090
46 6.588855 26.123737
47 6.493620 26.897901
48 5.716175 26.960988
49 5.020878 26.607488
50 4.301435 26.306156
51 3.626877 25.914529
52 2.900865 25.629387
53 2.182120 25.326391
54 1.435716 25.099939
55 0.707260 24.821099
56 -0.014119 24.524430
57 -0.722352 24.197618
58 -1.423138 23.855128
59 -2.075179 23.427060
60 -2.726290 22.997579
61 -3.339263 22.515225
62 -3.991369 22.087257
63 -4.589941 21.587145
64 -5.242841 21.160387
65 -5.888046 20.722084
66 -6.602744 20.409663
67 -7.310179 20.081127
68 -8.004213 19.725153
69 -8.694675 19.362300
70 -9.416072 19.065677
71 -10.127922 18.746820
72 -10.815196 18.377965
73 -11.515033 18.033540
74 -12.009187 17.430040
75 -12.220702 16.679266
76 -12.412529 15.923222
77 -12.563484 15.157969
78 -12.685597 14.387587
79 -12.717893 13.608256
80 -12.852012 12.839873
81 -12.925727 12.063364
82 -13.051511 11.293573
83 -13.162815 10.521555
84 -13.293172 9.752526
85 -13.389339 8.978477
86 -13.470185 8.202678
87 -13.370327 7.429096
88 -13.214402 6.664840
89 -13.011109 5.911798
90 -12.802266 5.160277
91 -12.440738 4.469120
92 -12.159105 3.741739
93 -11.918376 2.999816
94 -11.684533 2.255694
95 -11.370099 1.541880
96 -10.983470 0.864445
97 -10.584599 0.194145
98 -10.177618 -0.471262
99 -9.738508 -1.115919
100 -9.473826 -1.849638
101 -9.243067 -2.594722
102 -9.116657 -3.364410
103 -9.028900 -4.139458
104 -9.024782 -4.919447
105 -9.043041 -5.699233
106 -9.185878 -6.466043
107 -9.308734 -7.236307
108 -9.594081 -7.962239
109 -10.261872 -8.365298
110 -11.031986 -8.489084
111 -11.777149 -8.719590
112 -12.501256 -9.009536
113 -13.191851 -9.372135
114 -13.911314 -9.673421
115 -14.615556 -10.008748
116 -15.358636 -10.245878
117 -16.110949 -10.451854
118 -16.885319 -10.545396
119 -17.649530 -10.701547
120 -18.424438 -10.790521
121 -19.185738 -10.960293
122 -19.960124 -11.053705
123 -20.738514 -11.103795
124 -21.518500 -11.108547
125 -22.298151 -11.085221
126 -23.072567 -11.178383
127 -23.818096 -11.407703
128 -24.538872 -11.705833
129 -25.317520 -11.751735
130 -25.544024 -11.005347
131 -25.434559 -10.233066
132 -25.275690 -9.469417
133 -25.127363 -8.703650
134 -24.889153 -7.960914
135 -24.563801 -7.252009
136 -24.221401 -6.551179
137 -23.852615 -5.863868
138 -23.437309 -5.203625
139 -23.128933 -4.487172
140 -22.825387 -3.768660
141 -22.571982 -3.030971
142 -22.297981 -2.300681
143 -22.079703 -1.551845
144 -21.807666 -0.820821
145 -21.592087 -0.071204
146 -21.326496 0.662186
147 -20.857953 1.285778
148 -20.383664 1.905012
149 -19.951190 2.554139
150 -19.487301 3.181201
151 -19.070183 3.840301
152 -18.564406 4.434093
153 -18.129720 5.081741
154 -17.640905 5.689574
155 -17.216555 6.344041
156 -16.609752 6.834133
157 -16.043604 7.370674
158 -15.518498 7.947444
159 -15.049416 8.570631
160 -14.561855 9.179470
161 -14.067737 9.782999
162 -13.600705 10.407723
163 -13.070838 10.980123
164 -12.441870 11.441425
165 -11.673391 11.307856
166 -10.929652 11.072798
167 -10.154994 10.981670
168 -9.392439 10.817625
169 -8.623695 10.685591
170 -7.868680 10.489754
