1 0.000000 0.000000
2 -0.029350 0.779448
3 -0.253019 1.526691
4 -0.353868 2.300144
5 -0.366205 3.080046
6 -0.337770 3.859528
7 -0.445880 4.631999
8 -1.131365 5.004168
9 -1.877757 5.230662
10 -2.656685 5.271537
11 -3.434681 5.215655
12 -4.196902 5.050070
13 -4.974614 4.990359
14 -5.709879 4.730005
15 -6.455772 4.501872
16 -7.148095 4.142583
17 -7.885047 3.887042
18 -8.618135 3.620616
19 -9.366019 3.399100
20 -10.128596 3.235161
21 -10.902213 3.135582
22 -11.674754 3.027968
23 -12.442677 3.164697
24 -13.209264 3.308724
25 -13.947817 3.559603
26 -14.718512 3.679725
27 -15.493960 3.763863
28 -16.272948 3.724134
29 -17.052191 3.758485
30 -17.826331 3.663052
31 -18.474163 3.228640
32 -18.409170 2.451353
33 -18.241860 1.689508
34 -18.076562 0.927224
35 -17.964057 0.155380
36 -17.796317 -0.606370
37 -17.733748 -1.383856
38 -17.527904 -2.136205
39 -17.489632 -2.915265
40 -17.409232 -3.691111
41 -17.506045 -4.465079
42 -18.208789 -4.803534
43 -18.981112 -4.694369
44 -19.744047 -4.532101
45 -20.488649 -4.299793
46 -21.247647 -4.120011
47 -21.997328 -3.904655
48 -22.771110 -3.806362
49 -23.526986 -3.613874
50 -24.295763 -3.482034
51 -25.055557 -3.305644
52 -25.825735 -3.182249
53 -26.602270 -3.108813
54 -27.376804 -3.016633
55 -28.135830 -2.836969
56 -28.904649 -2.705374
57 -29.669019 -2.550007
58 -30.423969 -2.353918
59 -31.176704 -2.149492
60 -31.928891 -1.943058
61 -32.697561 -1.810597
62 -33.120018 -2.466288
63 -33.213542 -3.240661
64 -33.252772 -4.019674
65 -33.450628 -4.774162
66 -34.224193 -4.874145
67 -34.974799 -4.662036
68 -35.750728 -4.582445
69 -36.530109 -4.613527
70 -37.304571 -4.706308
71 -38.079296 -4.615750
72 -38.856215 -4.546494
73 -39.625715 -4.418938
74 -40.374852 -4.201698
75 -41.027500 -3.774555
76 -41.742998 -3.463971
77 -42.519050 -3.385589
78 -43.264234 -3.616025
79 -43.999993 -3.874981
80 -44.519159 -4.457104
81 -43.810804 -4.130557
82 -43.091263 -3.829458
83 -42.314904 -3.754171
84 -41.535877 -3.793117
85 -40.760947 -3.881904
