1 0.000000 0.000000
2 -0.707297 -0.328832
3 -1.407028 -0.673473
4 -2.122920 -0.983148
5 -2.788551 -1.389763
6 -3.471261 -1.766999
7 -4.129951 -2.184763
8 -4.831753 -2.525167
9 -5.529532 -2.873741
10 -6.267976 -3.124937
11 -6.696071 -3.776961
12 -6.820949 -4.546900
13 -6.964836 -5.313513
14 -7.125706 -6.076744
15 -7.264884 -6.844226
16 -7.431288 -7.606270
17 -7.531804 -8.379766
18 -7.670455 -9.147344
19 -7.764586 -9.921643
20 -7.937973 -10.682128
21 -7.977676 -11.461116
22 -8.062581 -12.236482
23 -8.010835 -13.014763
24 -7.974238 -13.793904
25 -7.804798 -14.555278
26 -7.627892 -15.314952
27 -7.398668 -16.060510
28 -7.186694 -16.811154
29 -6.979001 -17.562994
30 -6.830036 -18.328638
31 -6.603032 -19.074874
32 -6.373491 -19.820334
33 -6.018026 -20.514629
34 -5.689531 -21.222083
35 -5.256539 -21.870865
36 -4.905679 -22.567498
37 -4.607154 -23.288110
38 -4.438820 -24.049730
39 -4.323848 -24.821210
40 -4.363387 -25.600207
41 -4.423108 -26.377917
42 -4.576719 -27.142642
43 -4.732534 -27.906920
44 -4.907250 -28.667101
45 -4.811688 -29.441225
46 -4.162206 -29.873167
47 -3.416787 -30.102842
48 -2.649062 -30.240673
49 -1.871334 -30.300164
50 -1.092172 -30.336305
51 -0.702655 -31.012084
52 -0.606995 -31.786196
53 -0.460773 -32.552368
54 -0.344062 -33.323586
55 -0.230913 -34.095336
56 -0.188554 -34.874185
57 -0.073636 -35.645673
58 -0.054415 -36.425436
59 0.039239 -37.199793
60 -0.004137 -37.978586
61 -0.053839 -38.757001
62 -0.674759 -39.229080
63 -1.431366 -39.418673
64 -2.199904 -39.551902
65 -2.966325 -39.696812
66 -3.741103 -39.786918
67 -4.498116 -39.974884
68 -5.269128 -40.092953
69 -6.031394 -40.258335
70 -6.803806 -40.366866
71 -7.554021 -40.580354
72 -8.323870 -40.705785
73 -9.066375 -40.944714
74 -9.818731 -41.150528
75 -10.573365 -41.347830
76 -11.343102 -41.473946
77 -12.122847 -41.453997
78 -12.395022 -40.723025
79 -12.397778 -39.943030
80 -12.290909 -39.170386
81 -12.192866 -38.396572
82 -12.049936 -37.629779
83 -11.842242 -36.877939
84 -11.556174 -36.152291
85 -11.253767 -35.433299
86 -11.984067 -35.159327
87 -12.109380 -35.929195
88 -12.222976 -36.700879
89 -12.303120 -37.476750
