1 0.000000 0.000000
2 -0.604284 0.493194
3 -1.193567 1.004219
4 -1.833508 1.450173
5 -2.411913 1.973478
6 -3.034865 2.442872
7 -3.598128 2.982440
8 -4.187036 3.493897
9 -4.811524 3.961246
10 -5.526443 4.273162
11 -6.236963 4.594971
12 -6.171263 5.372199
13 -6.049290 6.142603
14 -5.892748 6.906733
15 -5.718149 7.666940
16 -5.510091 8.418680
17 -5.323516 9.176037
18 -5.097742 9.922646
19 -4.759297 10.625394
20 -4.498684 11.360569
21 -4.294770 12.113442
22 -4.087592 12.865425
23 -3.917450 13.626642
24 -3.707949 14.377980
25 -3.535656 15.138714
26 -3.329085 15.890863
27 -3.186991 16.657811
28 -2.749060 17.303269
29 -2.438524 18.018788
30 -2.118848 18.730271
31 -1.857973 19.465352
32 -1.544514 20.179595
33 -1.257299 20.904790
34 -0.963891 21.627501
35 -0.679271 22.353718
36 -0.375174 23.071998
37 0.014486 23.747694
38 0.402558 24.424303
39 0.769969 25.112350
40 1.091125 25.823166
41 1.405671 26.536931
42 1.730938 27.245875
43 2.068430 27.949081
44 2.429477 28.640489
45 3.179313 28.855306
46 3.907966 29.133633
47 4.625162 29.440275
48 5.330231 29.773859
49 6.064550 30.036869
50 6.826664 30.202951
51 7.559093 30.471180
52 8.302242 30.708098
53 9.040674 30.959331
54 9.797360 31.148610
55 10.559056 31.316595
56 11.289777 31.589445
57 12.000785 31.910175
58 12.679194 32.295092
59 13.358089 32.679150
60 14.085248 32.961357
61 14.858961 33.060189
62 15.638655 33.082047
63 16.418411 33.101543
64 16.945757 32.526820
65 16.899953 31.748166
66 16.843768 30.970192
67 16.722038 30.199750
68 16.577235 29.433309
69 16.478439 28.659591
70 16.381555 27.885631
71 16.264113 27.114523
72 16.193621 26.337715
73 16.046509 25.571714
74 15.999124 24.793154
75 15.973597 24.013572
76 16.032575 23.235805
77 16.218775 22.478356
78 16.569319 21.781564
79 16.952015 21.101899
80 17.454676 20.505467
81 17.964314 19.914985
82 18.474728 19.325174
83 18.867695 18.651395
84 19.499524 18.194020
85 20.127727 17.731678
86 20.741426 17.250249
87 21.393522 16.822264
88 22.043085 16.390446
89 22.610734 15.855492
90 23.025544 15.194937
91 23.367236 14.493762
92 23.604848 13.750835
93 23.610994 12.970860
94 23.619409 12.190905
95 23.562610 11.412976
96 23.545104 10.633172
97 24.325104 10.633493
98 25.096517 10.748915
99 25.816518 11.048912
100 26.516308 11.393432
101 27.215662 11.738835
102 27.945160 12.014938
103 28.690580 12.244611
104 29.460133 12.371843
105 30.239865 12.392286
106 31.018743 12.434114
107 31.796492 12.493333
108 32.563768 12.633643
109 33.297324 12.898777
110 34.013787 13.207128
111 34.712682 13.553461
112 35.371916 13.970366
113 35.995242 14.439263
114 36.602395 14.928921
115 37.206655 15.422146
116 37.812031 15.913998
117 38.436824 16.380940
118 39.120743 16.755979
119 39.817208 17.107173
120 40.447333 17.566892
121 40.812169 18.256309
122 40.802907 19.036254
123 40.712695 19.811019
124 40.703085 20.590960
125 40.788883 21.366227
126 40.891266 22.139478
127 41.026526 22.907661
128 41.151668 23.677557
129 41.206611 24.455619
130 41.249846 25.234420
131 41.360640 26.006511
132 41.463196 26.779740
133 41.538435 27.556103
134 41.593604 28.334149
135 41.595229 29.114147
136 41.507195 29.889164
137 41.340068 30.651049
138 41.145401 31.406366
139 41.102386 32.185179
140 41.117221 32.965038
141 41.143179 33.744606
142 41.196888 34.522755
143 41.229036 35.302092
144 41.279300 36.080471
145 41.383247 36.853513
146 41.356584 37.633057
147 41.303853 38.411273
148 41.355058 39.189590
149 41.403885 39.968061
150 41.505030 40.741475
151 41.583359 41.517532
152 41.667083 42.293026
153 41.831749 43.055446
154 41.058446 43.157443
155 40.283987 43.250245
156 39.518834 43.401709
157 38.789267 43.677630
158 38.100970 44.044573
159 37.415549 44.416860
160 36.710984 44.751506
161 36.009312 45.092177
162 35.276315 45.358851
163 34.541617 45.620803
