1 0.000000 0.000000
2 -0.738716 -0.250397
3 -1.449453 -0.571727
4 -2.167349 -0.876728
5 -2.864401 -1.226755
6 -3.564801 -1.570032
7 -4.288410 -1.861219
8 -5.007307 -2.163853
9 -5.700462 -2.521535
10 -6.442407 -2.762196
11 -6.869297 -3.415009
12 -7.044268 -4.175131
13 -7.169972 -4.944935
14 -7.383472 -5.695146
15 -7.492079 -6.467548
16 -7.654432 -7.230465
17 -7.766227 -8.002412
18 -7.909919 -8.769062
19 -8.040393 -9.538072
20 -8.232090 -10.294149
21 -8.297437 -11.071407
22 -8.383218 -11.846675
23 -8.448062 -12.623975
24 -8.473667 -13.403555
25 -8.318741 -14.168014
26 -8.129801 -14.924785
27 -7.870056 -15.660266
28 -7.600676 -16.392273
29 -7.329339 -17.123557
30 -7.179162 -17.888963
31 -6.959100 -18.637277
32 -6.674492 -19.363499
33 -6.320356 -20.058472
34 -5.995366 -20.767543
35 -5.582949 -21.429595
36 -5.224407 -22.122305
37 -4.930937 -22.844991
38 -4.771923 -23.608610
39 -4.662296 -24.380868
40 -4.647120 -25.160720
41 -4.678411 -25.940092
42 -4.774005 -26.714212
43 -4.869578 -27.488335
44 -4.955517 -28.263586
45 -4.821739 -29.032028
46 -4.156981 -29.440069
47 -3.397530 -29.617927
48 -2.623525 -29.714446
49 -1.843566 -29.722433
50 -1.064025 -29.749189
51 -0.594851 -30.372307
52 -0.512677 -31.147967
53 -0.412792 -31.921545
54 -0.325114 -32.696601
55 -0.175418 -33.462102
56 -0.076931 -34.235859
57 0.014071 -35.010532
58 0.062452 -35.789030
59 0.133375 -36.565799
60 0.114118 -37.345562
61 0.047720 -38.122730
62 -0.534534 -38.641749
63 -1.266278 -38.911843
64 -2.034649 -39.046028
65 -2.809274 -39.137443
66 -3.581970 -39.243934
67 -4.352835 -39.362963
68 -5.125189 -39.471910
69 -5.882455 -39.658853
70 -6.645265 -39.821707
71 -7.416178 -39.940420
72 -8.173862 -39.755175
73 -8.259693 -38.979912
74 -8.109740 -38.214462
75 -7.991757 -37.443437
76 -7.823382 -36.681827
77 -7.634612 -35.925014
78 -7.529071 -35.152187
79 -7.277758 -34.413782
80 -7.028842 -33.674566
81 -6.810119 -32.925860
82 -7.570184 -33.101076
83 -7.624618 -33.879174
84 -7.676891 -34.657421
85 -7.744890 -35.434451
86 -7.887761 -36.201255
