1 0.000000 0.000000
2 -0.715849 -0.309775
3 -1.439422 -0.601051
4 -2.177904 -0.852138
5 -2.808156 -1.311684
6 -3.486791 -1.696201
7 -4.144927 -2.114839
8 -4.849515 -2.449437
9 -5.519110 -2.849490
10 -6.260266 -3.092570
11 -6.891319 -3.551015
12 -7.124081 -4.295476
13 -7.231163 -5.068090
14 -7.395009 -5.830688
15 -7.520062 -6.600598
16 -7.650971 -7.369534
17 -7.698532 -8.148082
18 -7.803511 -8.920986
19 -7.841378 -9.700066
20 -7.967229 -10.469846
21 -8.033121 -11.247058
22 -8.116397 -12.022600
23 -8.156786 -12.801553
24 -8.234661 -13.577656
25 -8.124577 -14.349849
26 -8.057422 -15.126953
27 -7.802631 -15.864165
28 -7.555592 -16.604010
29 -7.186179 -17.290985
30 -6.910016 -18.020460
31 -6.637019 -18.751126
32 -6.482393 -19.515646
33 -6.132878 -20.212955
34 -5.749753 -20.892378
35 -5.338632 -21.555235
36 -5.007691 -22.261548
37 -4.576874 -22.911776
38 -4.283615 -23.634548
39 -4.089331 -24.389964
40 -3.998113 -25.164612
41 -3.948814 -25.943052
42 -4.039465 -26.717767
43 -4.090503 -27.496095
44 -4.290068 -28.250134
45 -4.405693 -29.021516
46 -4.415439 -29.801455
47 -3.882510 -30.371005
48 -3.151960 -30.644311
49 -2.379774 -30.754445
50 -1.600851 -30.795415
51 -0.820913 -30.785607
52 -0.281492 -31.349012
53 -0.131659 -32.114485
54 -0.037868 -32.888826
55 0.135413 -33.649335
56 0.252450 -34.420504
57 0.388271 -35.188588
58 0.439647 -35.966894
59 0.534887 -36.741058
60 0.531193 -37.521049
61 0.608442 -38.297214
62 0.589766 -39.076991
63 0.378478 -39.827828
64 -0.351008 -40.103963
65 -1.107571 -40.293735
66 -1.882727 -40.380528
67 -2.651822 -40.510496
68 -3.430371 -40.558058
69 -4.200420 -40.682251
70 -4.973266 -40.787650
71 -5.735474 -40.953298
72 -6.509715 -41.047911
73 -7.279194 -41.175590
74 -8.051462 -41.285144
75 -8.798262 -41.510289
76 -9.555065 -41.699098
77 -10.301255 -41.926255
78 -11.062366 -42.096870
79 -11.842006 -42.120590
80 -12.039874 -41.366104
81 -12.032363 -40.586140
82 -11.864166 -39.824491
83 -11.759740 -39.051513
84 -11.620174 -38.284101
85 -11.376228 -37.543230
86 -11.550135 -38.303595
87 -11.601602 -39.081895
88 -11.673084 -39.858613
