1 0.000000 0.000000
2 -0.709522 -0.324004
3 -1.390037 -0.705185
4 -2.081717 -1.065711
5 -2.719126 -1.515277
6 -3.440146 -1.812819
7 -4.148667 -2.139005
8 -4.866464 -2.444239
9 -5.592157 -2.730192
10 -6.313355 -3.027301
11 -6.650077 -3.730876
12 -6.770048 -4.501594
13 -6.880837 -5.273686
14 -7.053700 -6.034290
15 -7.136278 -6.809907
16 -7.293757 -7.573844
17 -7.366368 -8.350457
18 -7.503522 -9.118304
19 -7.615475 -9.890228
20 -7.736230 -10.660824
21 -7.755125 -11.440595
22 -7.882882 -12.210061
23 -7.839823 -12.988872
24 -7.801733 -13.767941
25 -7.650980 -14.533234
26 -7.519630 -15.302095
27 -7.276194 -16.043134
28 -7.008215 -16.775655
29 -6.767643 -17.517629
30 -6.596702 -18.278667
31 -6.358636 -19.021449
32 -6.060147 -19.742077
33 -5.739565 -20.453151
34 -5.394767 -21.152805
35 -4.984838 -21.816399
36 -4.658459 -22.524832
37 -4.357106 -23.244267
38 -4.241665 -24.015677
39 -4.170120 -24.792389
40 -4.215803 -25.571050
41 -4.253956 -26.350116
42 -4.387926 -27.118525
43 -4.557797 -27.879803
44 -4.557095 -28.659802
45 -3.970167 -29.173530
46 -3.274497 -29.526295
47 -2.504119 -29.648433
48 -1.725869 -29.700660
49 -0.947725 -29.646888
50 -0.199625 -29.867674
51 -0.029726 -30.628946
52 0.079889 -31.401205
53 0.196898 -32.172379
54 0.300043 -32.945529
55 0.467521 -33.707337
56 0.553568 -34.482576
57 0.674396 -35.253160
58 0.676561 -36.033157
59 0.660349 -36.812989
60 0.533032 -37.582528
61 -0.001549 -38.150527
62 -0.757142 -38.344120
63 -1.526372 -38.473295
64 -2.305202 -38.515989
65 -3.079091 -38.613437
66 -3.857472 -38.663669
67 -4.627026 -38.790893
68 -5.397820 -38.910378
69 -6.175712 -38.967685
70 -6.954433 -38.923031
71 -7.578270 -38.454815
72 -7.522868 -37.676785
73 -7.364274 -36.913078
74 -7.162259 -36.159692
75 -6.934599 -35.413655
76 -6.688677 -34.673437
77 -6.404791 -33.946933
78 -6.019476 -33.268750
79 -5.696551 -32.558736
80 -5.915364 -31.810057
81 -6.039647 -32.580092
82 -6.113346 -33.356602
83 -6.213203 -34.130184
84 -6.410090 -34.884926
85 -6.533377 -35.655121
86 -6.677890 -36.421617
