1 0.000000 0.000000
2 -0.680716 -0.380822
3 -1.396941 -0.689727
4 -2.059821 -1.100811
5 -2.739379 -1.483696
6 -3.431591 -1.843199
7 -4.150409 -2.146021
8 -4.859453 -2.471069
9 -5.581112 -2.767056
10 -6.303201 -3.061993
11 -6.557050 -3.799530
12 -6.689781 -4.568154
13 -6.873514 -5.326206
14 -6.955362 -6.101899
15 -7.054349 -6.875593
16 -7.105009 -7.653946
17 -7.191196 -8.429170
18 -7.257993 -9.206304
19 -7.369302 -9.978321
20 -7.451887 -10.753937
21 -7.495891 -11.532695
22 -7.522992 -12.312224
23 -7.565672 -13.091055
24 -7.416275 -13.856614
25 -7.269790 -14.622736
26 -7.008093 -15.357525
27 -6.801592 -16.109693
28 -6.498787 -16.828518
29 -6.272011 -17.574824
30 -6.001680 -18.306480
31 -5.720005 -19.033845
32 -5.324145 -19.705927
33 -5.002466 -20.416506
34 -4.629490 -21.101553
35 -4.276055 -21.796883
36 -3.896521 -22.478318
37 -3.669179 -23.224452
38 -3.492056 -23.984075
39 -3.477064 -24.763931
40 -3.498391 -25.543640
41 -3.609963 -26.315619
42 -3.682851 -27.092206
43 -3.859298 -27.851986
44 -3.872365 -28.631877
45 -3.306263 -29.168467
46 -2.562865 -29.404600
47 -1.808215 -29.601840
48 -1.029050 -29.565762
49 -0.250605 -29.614995
50 0.481340 -29.884543
51 0.643654 -30.647468
52 0.805167 -31.410562
53 0.898878 -32.184913
54 1.033001 -32.953295
55 1.111730 -33.729311
56 1.196465 -34.504695
57 1.271802 -35.281048
58 1.353167 -36.056793
59 1.333204 -36.836537
60 1.367104 -37.615800
61 1.096647 -38.347410
62 0.413326 -38.723539
63 -0.349168 -38.887866
64 -1.119597 -39.009682
65 -1.885664 -39.156449
66 -2.647233 -39.325008
67 -3.415071 -39.462212
68 -4.178032 -39.624357
69 -4.952639 -39.715923
70 -5.716688 -39.872857
71 -6.484392 -40.010813
72 -7.241691 -40.197624
73 -8.005690 -40.354803
74 -8.738816 -40.621121
75 -9.497397 -40.802656
76 -10.266377 -40.933312
77 -11.027369 -40.762168
78 -11.201600 -40.001877
79 -11.129217 -39.225242
80 -10.967361 -38.462220
81 -10.820509 -37.696169
82 -10.698249 -36.925810
83 -10.493134 -36.173263
84 -10.181932 -35.458033
85 -10.145475 -34.678886
86 -10.310764 -35.441172
87 -10.417362 -36.213853
88 -10.524403 -36.986474
89 -10.603709 -37.762431
