1 0.000000 0.000000
2 -0.711126 -0.320469
3 -1.423707 -0.637689
4 -2.144282 -0.936305
5 -2.805030 -1.350807
6 -3.546329 -1.593449
7 -4.250256 -1.929436
8 -4.952360 -2.269215
9 -5.669959 -2.574912
10 -6.406634 -2.831254
11 -6.901233 -3.434389
12 -7.055916 -4.198897
13 -7.169239 -4.970621
14 -7.335412 -5.732715
15 -7.422989 -6.507783
16 -7.506064 -7.283346
17 -7.548023 -8.062217
18 -7.614718 -8.839360
19 -7.708812 -9.613664
20 -7.807842 -10.387352
21 -7.804655 -11.167345
22 -7.873001 -11.944345
23 -7.892322 -12.724106
24 -7.909514 -13.503916
25 -7.736391 -14.264461
26 -7.574124 -15.027396
27 -7.275056 -15.747784
28 -7.005576 -16.479754
29 -6.675128 -17.186298
30 -6.479654 -17.941407
31 -6.253176 -18.687804
32 -5.994922 -19.423810
33 -5.646755 -20.121792
34 -5.341421 -20.839546
35 -4.903188 -21.484800
36 -4.529647 -22.169538
37 -4.187903 -22.870688
38 -3.969609 -23.619519
39 -3.787757 -24.378024
40 -3.732142 -25.156039
41 -3.697301 -25.935260
42 -3.762925 -26.712495
43 -3.866701 -27.485560
44 -3.985249 -28.256499
45 -4.029492 -29.035243
46 -3.415480 -29.516272
47 -2.645032 -29.637969
48 -1.887633 -29.824373
49 -1.108017 -29.799909
50 -0.328356 -29.776902
51 0.295623 -30.244929
52 0.437832 -31.011856
53 0.533229 -31.786000
54 0.653750 -32.556633
55 0.834909 -33.315304
56 0.981809 -34.081346
57 1.119662 -34.849067
58 1.181969 -35.626575
59 1.255972 -36.403056
60 1.272614 -37.182879
61 1.214853 -37.960737
62 0.821059 -38.634032
63 0.101481 -38.935045
64 -0.668325 -39.060735
65 -1.433682 -39.211164
66 -2.204501 -39.330489
67 -2.979466 -39.418967
68 -3.754765 -39.504478
69 -4.515106 -39.678491
70 -5.283492 -39.812593
71 -6.043128 -39.989661
72 -6.811879 -40.121653
73 -7.565942 -40.321126
74 -8.320695 -40.517971
75 -9.053410 -40.785418
76 -9.806453 -40.988709
77 -10.567116 -41.161309
78 -11.302970 -40.902622
79 -11.422760 -40.131876
80 -11.363093 -39.354161
81 -11.229285 -38.585724
82 -11.104672 -37.815743
83 -10.917528 -37.058526
84 -10.612046 -36.340835
85 -10.367152 -35.600276
86 -10.411805 -34.821555
87 -10.557329 -35.587860
88 -10.614687 -36.365748
89 -10.652729 -37.144820
