1 0.000000 0.000000
2 -0.223707 -0.747232
3 -0.375196 -1.512379
4 -0.623234 -2.251891
5 -0.669359 -3.030526
6 -0.792146 -3.800801
7 -0.820261 -4.580294
8 -0.746115 -5.356762
9 -0.198550 -5.912255
10 0.578001 -5.838983
11 1.342235 -5.682946
12 2.119343 -5.750042
13 2.893075 -5.848729
14 3.646195 -6.051732
15 4.420180 -6.148416
16 5.198423 -6.200732
17 5.978216 -6.182748
18 6.757013 -6.226045
19 7.536278 -6.192187
20 8.315723 -6.162755
21 9.079766 -6.005789
22 9.848312 -5.872608
23 10.594862 -5.646637
24 11.340438 -5.417472
25 12.080418 -5.170838
26 12.856691 -5.094669
27 13.632316 -5.012173
28 14.412314 -5.014032
29 15.189714 -4.950407
30 15.967153 -4.887243
31 16.741051 -4.789871
32 17.505505 -4.634919
33 18.246616 -4.391704
34 19.025135 -4.439746
35 19.336963 -5.154703
36 19.438905 -5.928013
37 19.669359 -6.673191
38 19.805843 -7.441157
39 19.960667 -8.205637
40 20.070636 -8.977846
41 20.209030 -9.745471
42 20.247220 -10.524535
43 20.321125 -11.301026
44 20.313663 -12.080990
45 21.070502 -12.269656
46 21.841940 -12.154405
47 22.579717 -11.901255
48 23.337519 -11.716494
49 24.090078 -11.511422
50 24.843589 -11.309874
51 25.596551 -11.106287
52 26.356927 -10.932425
53 27.095970 -10.682993
54 27.835951 -10.436359
55 28.547596 -10.117045
56 29.284370 -9.860993
57 30.024356 -9.614373
58 30.775082 -9.402686
59 31.514634 -9.154771
60 32.268389 -8.954137
61 33.033164 -8.800779
62 33.812327 -8.836905
63 34.014677 -9.590201
64 33.868680 -10.356415
65 33.956016 -11.131511
66 34.157267 -11.885101
67 34.528804 -12.570929
68 35.308390 -12.596329
69 36.073939 -12.446877
70 36.853772 -12.430760
71 37.606420 -12.226014
72 38.384950 -12.178158
73 39.158296 -12.076491
74 39.937830 -12.103448
75 40.705441 -11.964978
76 41.477077 -11.851057
77 42.239841 -11.687988
78 43.000438 -11.515095
79 43.506125 -10.921226
80 42.757829 -10.701106
81 41.977872 -10.709242
82 41.199864 -10.653527
83 40.425086 -10.563424
