1 0.000000 0.000000
2 -0.690487 -0.362805
3 -1.429599 -0.612033
4 -2.161935 -0.880515
5 -2.870238 -1.207176
6 -3.552769 -1.584736
7 -4.279582 -1.867831
8 -4.973380 -2.224265
9 -5.684901 -2.543853
10 -6.408421 -2.835261
11 -7.160821 -3.040920
12 -7.605553 -3.681710
13 -7.730420 -4.451651
14 -7.833198 -5.224850
15 -7.998508 -5.987131
16 -8.147608 -6.752748
17 -8.283990 -7.520732
18 -8.359415 -8.297077
19 -8.551518 -9.053051
20 -8.674970 -9.823219
21 -8.774922 -10.596789
22 -8.828811 -11.374925
23 -8.857355 -12.154402
24 -8.845346 -12.934310
25 -8.754320 -13.708980
26 -8.571789 -14.467322
27 -8.410965 -15.230562
28 -8.137586 -15.961086
29 -7.883092 -16.698400
30 -7.652347 -17.443489
31 -7.480151 -18.204244
32 -7.249381 -18.949325
33 -6.951143 -19.670056
34 -6.599266 -20.366176
35 -6.230669 -21.053588
36 -5.785535 -21.694101
37 -5.417847 -22.382000
38 -5.059580 -23.074853
39 -4.903144 -23.839004
40 -4.708725 -24.594386
41 -4.658253 -25.372751
42 -4.662819 -26.152738
43 -4.811416 -26.918453
44 -4.952194 -27.685643
45 -5.112361 -28.449022
46 -4.934201 -29.208402
47 -4.279951 -29.633087
48 -3.528059 -29.840592
49 -2.760463 -29.979142
50 -1.980533 -29.989574
51 -1.215065 -30.139437
52 -0.890180 -30.848556
53 -0.798403 -31.623138
54 -0.659905 -32.390744
55 -0.603898 -33.168730
56 -0.488387 -33.940130
57 -0.383620 -34.713062
58 -0.248496 -35.481268
59 -0.165137 -36.256801
60 -0.091021 -37.033272
61 -0.113407 -37.812951
62 -0.249667 -38.580957
63 -0.880358 -39.039900
64 -1.616780 -39.296965
65 -2.380270 -39.456597
66 -3.145500 -39.607675
67 -3.916765 -39.724079
68 -4.687730 -39.842458
69 -5.462629 -39.931512
70 -6.228494 -40.079334
71 -6.997999 -40.206853
72 -7.763917 -40.354401
73 -8.532552 -40.487068
74 -9.269312 -40.743162
75 -10.019735 -40.955919
76 -10.751643 -41.225568
77 -11.513800 -41.391450
78 -12.270731 -41.579746
79 -13.042273 -41.694297
80 -13.809219 -41.836406
81 -14.584032 -41.926212
82 -15.355936 -42.038300
83 -16.130048 -42.133954
84 -16.839549 -41.809903
85 -16.820547 -41.030135
86 -16.669230 -40.264953
87 -16.499095 -39.503734
88 -16.346679 -38.738770
89 -16.168839 -37.979315
90 -15.938409 -37.234129
91 -15.662850 -36.504425
92 -15.404316 -35.768518
93 -15.892960 -35.160549
94 -16.044266 -35.925733
95 -16.105753 -36.703305
96 -16.170647 -37.480601
