1 0.000000 0.000000
2 -0.272682 -0.730784
3 -0.551737 -1.459157
4 -0.806933 -2.196229
5 -0.989005 -2.954681
6 -1.224676 -3.698226
7 -1.285791 -4.475828
8 -1.383676 -5.249662
9 -0.961256 -5.905377
10 -0.183714 -5.843498
11 0.587745 -5.728386
12 1.361035 -5.830478
13 2.130688 -5.957107
14 2.894507 -6.115160
15 3.674433 -6.104457
16 4.447354 -6.209307
17 5.227121 -6.190220
18 6.006460 -6.222305
19 6.786436 -6.228443
20 7.565780 -6.260441
21 8.338573 -6.154655
22 9.116314 -6.095334
23 9.874539 -5.912320
24 10.628181 -5.711264
25 11.374277 -5.483796
26 12.152424 -5.430060
27 12.931055 -5.383873
28 13.710922 -5.398268
29 14.487857 -5.329179
30 15.267573 -5.350200
31 16.047035 -5.321234
32 16.817955 -5.202567
33 17.561544 -4.967034
34 18.331538 -5.091574
35 18.563233 -5.836367
36 18.702812 -6.603777
37 18.918188 -7.353452
38 19.043334 -8.123347
39 19.209244 -8.885498
40 19.249729 -9.664447
41 19.295496 -10.443103
42 19.223848 -11.219805
43 19.324532 -11.993280
44 19.560628 -12.736690
45 20.340071 -12.766166
46 21.078808 -12.515830
47 21.809271 -12.242291
48 22.567081 -12.057566
49 23.315713 -11.838589
50 24.076276 -11.665547
51 24.824669 -11.445755
52 25.575784 -11.235457
53 26.310914 -10.974719
54 27.043195 -10.706085
55 27.744376 -10.364405
56 28.473031 -10.086084
57 29.194831 -9.790443
58 29.940700 -9.562231
59 30.656707 -9.252823
60 31.413228 -9.062886
61 32.182857 -8.936116
62 32.960004 -9.002767
63 33.130996 -9.763794
64 32.879972 -10.502297
65 32.957918 -11.278393
66 33.166102 -12.030097
67 33.616307 -12.667055
68 34.395784 -12.638496
69 35.170088 -12.544404
70 35.945829 -12.463001
71 36.701481 -12.269636
72 37.476839 -12.184672
73 38.253037 -12.107745
74 39.032744 -12.086383
75 39.808860 -12.008634
76 40.588414 -11.982272
77 41.359117 -11.862203
78 42.137759 -11.816186
79 42.785365 -12.250934
80 42.010531 -12.161310
81 41.247273 -12.000571
82 40.478270 -11.870058
