1 0.000000 0.000000
2 -0.324487 -0.709301
3 -0.479745 -1.473693
4 -0.651552 -2.234536
5 -0.762813 -3.006560
6 -0.967752 -3.759156
7 -1.004174 -4.538305
8 -0.899565 -5.311258
9 -0.128554 -5.429335
10 0.648821 -5.365394
11 1.428625 -5.347910
12 2.185121 -5.537947
13 2.960972 -5.618286
14 3.730226 -5.747319
15 4.507586 -5.683200
16 5.286223 -5.729290
17 6.066185 -5.736943
18 6.846179 -5.733800
19 7.622570 -5.658854
20 8.402360 -5.640749
21 9.171384 -5.510361
22 9.942614 -5.393722
23 10.685277 -5.155285
24 11.453513 -5.020329
25 12.231019 -4.958004
26 13.009643 -5.004309
27 13.788937 -4.971131
28 14.568014 -5.009064
29 15.347374 -4.977465
30 16.126551 -5.013279
31 16.891160 -4.859091
32 17.666872 -4.777418
33 18.202675 -5.344264
34 18.409525 -6.096337
35 18.620792 -6.847181
36 18.646321 -7.626763
37 18.801083 -8.391255
38 18.884065 -9.166829
39 18.971030 -9.941965
40 18.997940 -10.721501
41 19.063160 -11.498770
42 19.087878 -12.278378
43 19.807209 -12.579979
44 20.575173 -12.443480
45 21.316709 -12.201564
46 22.065328 -11.982544
47 22.810759 -11.752906
48 23.570562 -11.576557
49 24.312929 -11.337201
50 25.070277 -11.150589
51 25.805993 -10.891512
52 26.526266 -10.592168
53 27.204897 -10.207641
54 27.938899 -9.943746
55 28.674573 -9.684546
56 29.423724 -9.467355
57 30.153280 -9.191406
58 30.915685 -9.026667
59 31.681179 -8.876936
60 32.439197 -9.060808
61 32.432426 -9.840779
62 32.276903 -10.605117
63 32.613990 -11.308517
64 32.833699 -12.056934
65 33.583367 -12.272336
66 34.357555 -12.177296
67 35.126428 -12.046017
68 35.905085 -12.000256
69 36.673388 -11.865683
70 37.452509 -11.828657
71 38.227933 -11.744297
72 39.007922 -11.748602
73 39.784692 -11.677695
74 40.564449 -11.658241
75 41.333508 -11.528056
76 41.923377 -11.017708
77 41.165983 -10.831285
78 40.389852 -10.753687
79 39.610332 -10.726334
80 38.835827 -10.633911
81 38.063539 -10.524498
82 37.289042 -10.432008
83 36.512935 -10.354175
