1 0.000000 0.000000
2 -0.207670 -0.751846
3 -0.468210 -1.487047
4 -0.653431 -2.244736
5 -0.892938 -2.987054
6 -0.925224 -3.766386
7 -1.118750 -4.521996
8 -1.190959 -5.298647
9 -1.215518 -6.078260
10 -0.436704 -6.121265
11 0.339518 -6.044591
12 1.118329 -6.001525
13 1.877119 -6.182183
14 2.644421 -6.322351
15 3.420743 -6.398012
16 4.200724 -6.403372
17 4.977228 -6.477149
18 5.757067 -6.461315
19 6.536123 -6.499669
20 7.316122 -6.498023
21 8.093694 -6.436529
22 8.862125 -6.302687
23 9.626801 -6.148836
24 10.365349 -5.897943
25 11.120168 -5.701351
26 11.886932 -5.558270
27 12.666916 -5.553190
28 13.446155 -5.518741
29 14.225873 -5.539705
30 15.001969 -5.461768
31 15.777014 -5.549552
32 16.551653 -5.458257
33 17.313621 -5.291514
34 18.090461 -5.221372
35 18.440418 -5.918459
36 18.618417 -6.677877
37 18.748265 -7.446993
38 18.876136 -8.216440
39 18.904362 -8.995929
40 19.013887 -9.768202
41 19.053283 -10.547206
42 19.093616 -11.326163
43 19.040215 -12.104332
44 19.138020 -12.878176
45 19.901682 -13.036985
46 20.638866 -12.782115
47 21.381323 -12.543038
48 22.112126 -12.270408
49 22.873514 -12.101032
50 23.623291 -11.886008
51 24.378370 -11.690420
52 25.113602 -11.429969
53 25.853463 -11.182977
54 26.546731 -10.825515
55 27.262912 -10.516508
56 27.954787 -10.156357
57 28.703536 -9.937782
58 29.440562 -9.682452
59 30.185573 -9.451459
60 30.909318 -9.160608
61 31.675735 -9.015680
62 32.455423 -8.993600
63 32.536101 -9.769417
64 32.405882 -10.538470
65 32.501914 -11.312536
66 32.713412 -12.063315
67 33.080340 -12.751619
68 33.860335 -12.754383
69 34.637720 -12.690561
70 35.412774 -12.602860
71 36.187608 -12.513243
72 36.942225 -12.315874
73 37.718559 -12.240340
74 38.490543 -12.128802
75 39.270534 -12.125135
76 40.046893 -12.049862
77 40.824827 -11.993129
78 41.598070 -11.890682
79 42.236651 -11.442782
80 41.536098 -11.099816
81 40.756242 -11.084850
82 39.976658 -11.110332
83 39.208743 -10.973560
