1 0.000000 0.000000
2 -0.718503 -0.303568
3 -1.403380 -0.676856
4 -2.076534 -1.070890
5 -2.795403 -1.373590
6 -3.490381 -1.727717
7 -4.200823 -2.049698
8 -4.912780 -2.368315
9 -5.653140 -2.613809
10 -6.072985 -3.271175
11 -6.275595 -4.024401
12 -6.420701 -4.790785
13 -6.571180 -5.556132
14 -6.635874 -6.333444
15 -6.726273 -7.108188
16 -6.751522 -7.887779
17 -6.824843 -8.664325
18 -6.956411 -9.433149
19 -7.043567 -10.208264
20 -7.074866 -10.987636
21 -7.151192 -11.763893
22 -7.153415 -12.543890
23 -7.080329 -13.320458
24 -6.871424 -14.071962
25 -6.713052 -14.835715
26 -6.411622 -15.555117
27 -6.100881 -16.270547
28 -5.805135 -16.992305
29 -5.625346 -17.751302
30 -5.419515 -18.503654
31 -5.103640 -19.216832
32 -4.762942 -19.918491
33 -4.431632 -20.624631
34 -4.019883 -21.287097
35 -3.700109 -21.998536
36 -3.438478 -22.733348
37 -3.305849 -23.501990
38 -3.176181 -24.271136
39 -3.175781 -25.051136
40 -3.213814 -25.830208
41 -3.299481 -26.605490
42 -3.394653 -27.379662
43 -3.547968 -28.144445
44 -3.361193 -28.901753
45 -2.699872 -29.315342
46 -1.954230 -29.544290
47 -1.180374 -29.642000
48 -0.400899 -29.613376
49 0.364196 -29.765130
50 0.611666 -30.504831
51 0.734812 -31.275049
52 0.900404 -32.037269
53 0.962466 -32.814796
54 1.073787 -33.586811
55 1.147824 -34.363289
56 1.275852 -35.132710
57 1.346528 -35.909502
58 1.419832 -36.686050
59 1.400859 -37.465819
60 1.185900 -38.215614
61 0.510404 -38.605621
62 -0.242329 -38.810055
63 -1.015196 -38.915301
64 -1.783865 -39.047765
65 -2.561042 -39.114072
66 -3.328015 -39.256033
67 -4.098232 -39.379178
68 -4.858009 -39.555643
69 -5.630499 -39.663621
70 -6.390871 -39.837499
71 -7.154074 -39.998502
72 -7.900700 -40.224223
73 -8.658435 -40.409256
74 -9.426518 -40.545082
75 -10.206159 -40.521424
76 -10.779556 -39.992637
77 -10.700733 -39.216630
78 -10.645649 -38.438578
79 -10.445544 -37.684682
80 -10.313840 -36.915882
81 -10.071353 -36.174532
82 -9.707373 -35.484663
83 -9.463163 -34.743879
84 -9.588524 -35.513739
85 -9.730642 -36.280682
86 -9.849365 -37.051594
87 -9.931215 -37.827288
88 -10.014642 -38.602813
