1 0.000000 0.000000
2 0.358659 -0.692650
3 0.405577 -1.471237
4 0.487351 -2.246939
5 0.562622 -3.023298
6 0.639983 -3.799453
7 0.531164 -4.571825
8 0.448508 -5.347433
9 0.596531 -6.113259
10 0.782586 -5.355774
11 0.822287 -4.576785
12 0.837945 -3.796942
13 0.733535 -3.023961
14 0.709162 -2.244342
15 0.544212 -1.481983
16 0.332664 -0.731219
17 0.305169 0.048297
18 0.416146 0.820362
19 0.406043 1.600296
20 0.046085 2.292272
21 -0.687624 2.556981
22 -1.458513 2.675849
23 -2.237642 2.638994
24 -3.015635 2.583073
25 -3.783785 2.447629
26 -4.554025 2.324626
27 -5.298734 2.092658
28 -6.025296 1.808919
29 -6.729561 1.473643
30 -7.474960 1.243902
31 -8.218777 1.009092
32 -8.989708 0.890492
33 -9.756306 0.746520
34 -10.535672 0.715097
35 -11.315460 0.733283
36 -12.078803 0.893622
37 -12.826150 1.116942
38 -13.545336 1.418889
39 -14.305752 1.592574
40 -15.085177 1.622525
41 -15.859751 1.530682
42 -16.632267 1.422891
43 -17.382338 1.208895
44 -17.576613 0.453477
45 -17.411609 -0.308870
46 -17.235944 -1.068832
47 -17.053721 -1.827248
48 -16.994116 -2.604967
49 -16.839111 -3.369411
50 -16.817383 -4.149108
51 -16.698234 -4.919954
52 -16.624970 -5.696505
53 -16.574111 -6.474846
54 -16.908966 -7.179311
55 -17.665825 -7.367897
56 -18.435893 -7.243817
57 -19.200102 -7.087660
58 -19.938708 -6.836940
59 -20.710838 -6.726416
60 -21.467158 -6.535682
61 -22.232994 -6.387708
62 -22.988418 -6.193456
63 -23.750655 -6.027943
64 -24.387446 -5.577502
65 -24.436942 -4.799074
66 -24.314076 -4.028812
67 -24.148419 -3.266606
68 -23.950179 -2.512218
69 -23.754954 -1.757044
70 -23.551171 -1.004135
71 -23.387673 -0.241463
72 -23.225363 0.521462
73 -23.270468 1.300157
74 -23.833868 1.839584
75 -23.964578 1.070614
76 -24.111169 0.304513
77 -24.399342 -0.420302
78 -24.676863 -1.149261
