1 0.000000 0.000000
2 0.776747 0.071159
3 1.535325 0.252706
4 2.300698 0.403053
5 3.045971 0.633201
6 3.818417 0.741494
7 4.549044 1.014595
8 5.322620 1.114494
9 6.094483 1.226870
10 6.867882 1.125607
11 7.647178 1.092478
12 8.410989 1.250570
13 8.614629 2.003518
14 8.532920 2.779226
15 8.313348 3.527683
16 8.311086 4.307680
17 8.146860 5.070195
18 8.175140 5.849683
19 8.159596 6.629528
20 8.168665 7.409475
21 7.773097 8.081730
22 7.695876 8.857898
23 7.675500 9.637631
24 7.755689 10.413499
25 7.792305 11.192639
26 7.810118 11.972435
27 7.695865 12.744022
28 7.401148 13.466201
29 6.843421 14.011490
30 6.204451 14.458834
31 5.749317 15.092280
32 5.533846 15.841928
33 5.338069 16.596959
34 5.315962 17.376645
35 5.194775 18.147173
36 5.080615 18.918774
37 4.925550 19.683205
38 4.859477 20.460402
39 4.420368 21.105059
40 4.301359 21.875927
41 4.284883 22.655753
42 4.314333 23.435197
43 4.318959 24.215183
44 4.342974 24.994813
45 4.391375 25.773310
46 4.510597 26.544145
47 4.140821 27.230924
48 3.364999 27.150301
49 2.682913 26.771938
50 1.955016 26.491642
51 1.241514 26.176498
52 0.509963 25.905881
53 -0.212615 25.612147
54 -0.944510 25.342461
55 -1.656640 25.024230
56 -2.401326 24.792191
57 -3.047195 24.354865
58 -3.753539 24.023992
59 -4.416212 23.612573
60 -5.060727 23.173255
61 -5.659802 22.673746
62 -6.287841 22.211181
63 -6.859240 21.680235
64 -7.517506 21.261802
65 -8.173642 20.840037
66 -8.908268 20.577884
67 -9.579488 20.180564
68 -10.244163 19.772388
69 -10.914915 19.374279
70 -11.625322 19.052219
71 -12.301572 18.663522
72 -13.032292 18.390668
73 -13.725156 18.032422
74 -14.054238 17.325242
75 -14.171709 16.554138
76 -14.393703 15.806396
77 -14.530144 15.038422
78 -14.691280 14.275247
79 -14.746364 13.497195
80 -14.864423 12.726181
81 -14.965517 11.952760
82 -15.115317 11.187280
83 -15.177280 10.409745
84 -15.274444 9.635821
85 -15.320415 8.857176
86 -15.348733 8.077691
87 -15.242745 7.304925
88 -15.182731 6.527237
89 -14.991056 5.771155
90 -14.845269 5.004900
91 -14.590593 4.267649
92 -14.463992 3.497991
93 -14.361066 2.724812
94 -14.230260 1.955858
95 -13.945417 1.229729
96 -13.640351 0.511861
97 -13.290025 -0.185041
98 -12.900533 -0.860834
99 -12.543483 -1.554315
100 -12.333440 -2.305501
101 -12.170272 -3.068244
102 -12.139537 -3.847638
103 -12.117708 -4.627333
104 -12.189773 -5.403997
105 -12.285709 -6.178074
106 -12.457016 -6.939030
107 -12.628783 -7.699882
108 -13.010703 -8.379983
109 -13.743923 -8.646046
110 -14.521714 -8.704703
111 -15.280062 -8.887208
112 -15.999910 -9.187572
113 -16.699699 -9.532094
114 -17.422636 -9.824947
115 -18.167810 -10.055416
116 -18.915722 -10.276836
117 -19.680319 -10.431080
118 -20.457110 -10.501768
119 -21.233540 -10.576301
120 -21.987670 -10.775522
121 -22.757860 -10.898836
122 -23.532460 -10.990460
123 -24.299641 -11.131290
124 -25.078781 -11.167926
125 -25.846893 -11.303584
126 -26.622910 -11.382307
127 -27.368948 -11.609966
128 -28.111678 -11.848191
129 -28.836745 -11.560653
130 -28.768790 -10.783619
131 -28.581551 -10.026426
132 -28.403683 -9.266977
133 -28.254025 -8.501469
134 -27.926767 -7.793442
135 -27.569418 -7.100115
136 -27.112158 -6.468203
137 -26.713589 -5.797723
138 -26.363850 -5.100527
139 -26.117962 -4.360298
140 -25.933460 -3.602433
141 -25.854308 -2.826460
142 -25.624116 -2.081200
143 -25.399838 -1.334140
144 -25.217464 -0.575760
145 -24.969953 0.163928
146 -24.551984 0.822489
147 -24.053335 1.422279
148 -23.610509 2.064389
149 -23.154703 2.697351
150 -22.761763 3.371145
151 -22.396684 4.060433
152 -21.882745 4.647175
153 -21.420826 5.275690
154 -20.928833 5.880953
155 -20.376923 6.432129
156 -19.851481 7.008593
157 -19.381695 7.631250
158 -18.807240 8.158887
159 -18.311865 8.761384
160 -17.829967 9.374715
161 -17.381094 10.012613
162 -16.826883 10.561475
163 -16.110548 10.870123
164 -15.383692 10.587139
165 -14.640194 10.351319
166 -13.872293 10.214469
167 -13.106051 10.068615
168 -12.346546 9.890987
169 -11.589631 9.702625
170 -10.867336 9.408193
