1 0.000000 0.000000
2 0.779944 0.009334
3 1.536166 0.200458
4 2.304402 0.335416
5 3.062556 0.518725
6 3.831779 0.647942
7 4.591429 0.824949
8 5.357756 0.970353
9 6.126770 1.100805
10 6.902021 1.014859
11 7.678935 0.945545
12 8.458629 0.923695
13 8.717365 1.659531
14 8.562084 2.423919
15 8.380347 3.182451
16 8.243754 3.950398
17 8.168508 4.726760
18 8.125729 5.505586
19 8.123391 6.285583
20 8.255424 7.054327
21 8.091548 7.816917
22 8.137508 8.595562
23 8.141235 9.375553
24 8.209538 10.152557
25 8.217773 10.932513
26 8.246022 11.712002
27 8.088098 12.475847
28 7.886078 13.229232
29 7.362795 13.807656
30 6.761319 14.304271
31 6.401827 14.996489
32 6.341652 15.774165
33 6.270624 16.550924
34 6.164072 17.323612
35 6.025911 18.091278
36 5.995979 18.870704
37 5.929820 19.647893
38 5.980415 20.426250
39 5.512726 21.050483
40 5.414726 21.824302
41 5.356370 22.602116
42 5.427682 23.378850
43 5.458110 24.158256
44 5.583413 24.928125
45 5.681809 25.701894
46 5.919030 26.444946
47 5.793810 27.214829
48 5.031089 27.051561
49 4.317710 26.736140
50 3.612960 26.401885
51 2.907994 26.068082
52 2.167495 25.823008
53 1.448854 25.519769
54 0.716201 25.252150
55 -0.017895 24.988515
56 -0.759648 24.747263
57 -1.454778 24.393434
58 -2.156215 24.052282
59 -2.856615 23.709004
60 -3.537040 23.327661
61 -4.145842 22.840054
62 -4.790605 22.401100
63 -5.410454 21.927617
64 -6.079438 21.526543
65 -6.771731 21.167195
66 -7.479936 20.840321
67 -8.182477 20.501447
68 -8.868821 20.130863
69 -9.549199 19.749438
70 -10.284826 19.490106
71 -11.021969 19.235116
72 -11.773211 19.025271
73 -12.475245 18.685345
74 -13.173948 18.338628
75 -13.473902 17.618608
76 -13.654553 16.859816
77 -13.782600 16.090398
78 -13.937800 15.325995
79 -14.065164 14.556464
80 -14.202876 13.788717
81 -14.292848 13.013923
82 -14.440202 12.247968
83 -14.544220 11.474935
84 -14.681303 10.707076
85 -14.735318 9.928948
86 -14.818182 9.153362
87 -14.825774 8.373399
88 -14.794250 7.594036
89 -14.638623 6.829719
90 -14.504886 6.061270
91 -14.220154 5.335097
92 -13.984669 4.591493
93 -13.798713 3.833984
94 -13.594267 3.081254
95 -13.351311 2.340057
96 -13.075269 1.610536
97 -12.789919 0.884606
98 -12.419070 0.198405
99 -11.977362 -0.444474
100 -11.665045 -1.159218
101 -11.417453 -1.898878
102 -11.268843 -2.664591
103 -11.157587 -3.436615
104 -11.209549 -4.214882
105 -11.267290 -4.992742
106 -11.392168 -5.762681
107 -11.546810 -6.527198
108 -11.772906 -7.273710
109 -12.490423 -7.579600
110 -13.268588 -7.633076
111 -14.035136 -7.777315
112 -14.777542 -8.016548
113 -15.491309 -8.331090
114 -16.202676 -8.651023
115 -16.923941 -8.947969
116 -17.687706 -9.106284
117 -18.446177 -9.288274
118 -19.221992 -9.368970
119 -19.979268 -9.555874
120 -20.750262 -9.674059
121 -21.516505 -9.819908
122 -22.279282 -9.982917
123 -23.044453 -10.134285
124 -23.823085 -10.180464
125 -24.602949 -10.195032
126 -25.381332 -10.245239
127 -26.097753 -10.553687
128 -26.848758 -10.764381
129 -27.560455 -10.445183
130 -27.607094 -9.666579
131 -27.503291 -8.893517
132 -27.380727 -8.123207
133 -27.212492 -7.361566
134 -26.899670 -6.647043
135 -26.578197 -5.936371
136 -26.190005 -5.259830
137 -25.801812 -4.583291
138 -25.501359 -3.863479
139 -25.266558 -3.119659
140 -25.031617 -2.375883
141 -24.854254 -1.616316
142 -24.648112 -0.864049
143 -24.468241 -0.105072
144 -24.248822 0.643430
145 -24.043526 1.395928
146 -23.647512 2.067920
147 -23.128842 2.650485
148 -22.713715 3.310840
149 -22.275010 3.955773
150 -21.892151 4.635345
151 -21.446111 5.275227
152 -20.964483 5.888769
153 -20.535716 6.540351
154 -20.079314 7.172884
155 -19.535259 7.731815
156 -18.992176 8.291691
157 -18.486225 8.885335
158 -17.988202 9.485646
159 -17.531631 10.118056
160 -17.118493 10.779658
161 -16.713927 11.446536
162 -16.166986 12.002644
163 -15.487051 12.384859
164 -14.757231 12.109608
165 -14.012603 11.877381
166 -13.245761 11.734718
167 -12.471065 11.643909
168 -11.718497 11.438867
169 -10.957801 11.266410
