1 0.000000 0.000000
2 -0.077840 0.776106
3 -0.388610 1.491524
4 -0.594558 2.243844
5 -0.629568 3.023058
6 -0.523152 3.795764
7 -0.502767 4.575498
8 -1.078855 5.101352
9 -1.833551 5.298415
10 -2.600655 5.439665
11 -3.380122 5.468480
12 -4.154560 5.375495
13 -4.922515 5.238951
14 -5.688550 5.092011
15 -6.392656 4.756399
16 -7.118912 4.471881
17 -7.817555 4.125040
18 -8.565813 3.904789
19 -9.294793 3.627323
20 -10.050861 3.435589
21 -10.821799 3.317040
22 -11.601272 3.345726
23 -12.381271 3.346706
24 -13.149890 3.479462
25 -13.911139 3.649462
26 -14.637448 3.933848
27 -15.393118 4.127145
28 -16.165871 4.233223
29 -16.940557 4.142330
30 -17.719225 4.096770
31 -18.487407 3.961502
32 -19.186594 3.615761
33 -19.205014 2.835979
34 -19.040867 2.073447
35 -18.806945 1.329349
36 -18.681867 0.559443
37 -18.544815 -0.208422
38 -18.482143 -0.985900
39 -18.358347 -1.756013
40 -18.311706 -2.534618
41 -18.259089 -3.312841
42 -18.327556 -4.089830
43 -19.012145 -4.463645
44 -19.791383 -4.429171
45 -20.549295 -4.244862
46 -21.299246 -4.030451
47 -22.069166 -3.905457
48 -22.835742 -3.761367
49 -23.606996 -3.644889
50 -24.369395 -3.480122
51 -25.137460 -3.344196
52 -25.906275 -3.212578
53 -26.678748 -3.104477
54 -27.453653 -3.015468
55 -28.231893 -2.963107
56 -28.998021 -2.816658
57 -29.763976 -2.669302
58 -30.530029 -2.522462
59 -31.301689 -2.408702
60 -32.057752 -2.216952
61 -32.810182 -2.011405
62 -33.561989 -1.803592
63 -34.340118 -1.857580
64 -34.712961 -2.542700
65 -34.750110 -3.321814
66 -34.748047 -4.101812
67 -34.896589 -4.867537
68 -35.444767 -5.422425
69 -36.208825 -5.265531
70 -36.965343 -5.075582
71 -37.743535 -5.128657
72 -38.521592 -5.183677
73 -39.301550 -5.175574
74 -40.071730 -5.052192
75 -40.851085 -5.020470
76 -41.623980 -4.915434
77 -42.346864 -4.622451
78 -43.074336 -4.341054
79 -43.833829 -4.163372
80 -44.610913 -4.230752
81 -45.366379 -4.424843
82 -45.623298 -5.161316
83 -44.908080 -4.850087
84 -44.132763 -4.764746
85 -43.362203 -4.885735
