1 0.000000 0.000000
2 -0.223486 -0.747298
3 -0.345609 -1.517678
4 -0.591863 -2.257786
5 -0.689485 -3.031653
6 -0.916130 -3.777998
7 -0.947071 -4.557384
8 -1.051696 -5.330335
9 -0.475884 -5.856492
10 0.298455 -5.762689
11 1.071309 -5.657353
12 1.833260 -5.824180
13 2.609221 -5.903451
14 3.385125 -5.983281
15 4.165124 -5.984751
16 4.942605 -6.047393
17 5.719324 -5.975932
18 6.498798 -6.004582
19 7.277671 -5.962673
20 8.057635 -5.970161
21 8.835818 -5.916950
22 9.602399 -5.772888
23 10.341576 -5.523855
24 11.080338 -5.273595
25 11.842016 -5.105526
26 12.621756 -5.125631
27 13.401746 -5.129689
28 14.180793 -5.168226
29 14.959591 -5.124928
30 15.739562 -5.118250
31 16.514293 -5.027744
32 17.284225 -4.902821
33 18.053301 -4.772737
34 18.494024 -5.416292
35 18.635712 -6.183316
36 18.694201 -6.961120
37 18.859296 -7.723447
38 18.981330 -8.493842
39 19.135103 -9.258534
40 19.148017 -10.038427
41 19.191325 -10.817224
42 19.097419 -11.591550
43 19.173868 -12.367795
44 19.933228 -12.546043
45 20.691250 -12.362187
46 21.451212 -12.186522
47 22.194070 -11.948695
48 22.963411 -11.820189
49 23.709987 -11.594304
50 24.473875 -11.436584
51 25.222253 -11.216740
52 25.980837 -11.035219
53 26.709841 -10.757815
54 27.446589 -10.501684
55 28.163972 -10.195480
56 28.906852 -9.957720
57 29.651708 -9.726227
58 30.389353 -9.472692
59 31.136176 -9.247624
60 31.899968 -9.089443
61 32.679838 -9.103706
62 32.807757 -9.873146
63 32.759717 -10.651665
64 32.742396 -11.431472
65 32.916472 -12.191800
66 33.208553 -12.915048
67 33.988417 -12.900460
68 34.767805 -12.869562
69 35.544903 -12.802340
70 36.323221 -12.751142
71 37.078763 -12.557349
72 37.856484 -12.497771
73 38.632643 -12.420451
74 39.412614 -12.427160
75 40.187401 -12.337136
76 40.965397 -12.281262
77 41.737376 -12.169683
78 42.314303 -11.644750
79 41.542247 -11.533714
80 40.763907 -11.482846
81 40.007362 -11.293004
82 39.239456 -11.156182
