1 0.000000 0.000000
2 -0.718901 -0.302624
3 -1.441219 -0.596999
4 -2.159166 -0.901879
5 -2.809287 -1.332857
6 -3.535982 -1.616257
7 -4.262724 -1.899535
8 -4.997502 -2.161263
9 -5.727904 -2.434963
10 -6.474647 -2.660295
11 -6.847383 -3.345473
12 -7.052295 -4.098076
13 -7.167486 -4.869523
14 -7.336555 -5.630979
15 -7.460015 -6.401146
16 -7.605356 -7.167486
17 -7.648250 -7.946306
18 -7.763108 -8.717803
19 -7.881509 -9.488764
20 -8.066944 -10.246401
21 -8.146233 -11.022360
22 -8.277652 -11.791210
23 -8.364936 -12.566310
24 -8.367079 -13.346308
25 -8.243003 -14.116376
26 -8.117714 -14.886248
27 -7.907454 -15.637374
28 -7.683498 -16.384531
29 -7.420816 -17.118969
30 -7.276071 -17.885421
31 -7.172776 -18.658551
32 -6.990187 -19.416879
33 -6.645956 -20.116811
34 -6.366792 -20.845143
35 -6.030378 -21.548865
36 -5.688937 -22.250163
37 -5.343053 -22.949280
38 -5.142380 -23.703024
39 -4.940637 -24.456482
40 -4.898647 -25.235351
41 -4.910751 -26.015257
42 -5.029810 -26.786117
43 -5.156002 -27.555842
44 -5.293611 -28.323607
45 -5.335703 -29.102471
46 -4.751664 -29.619480
47 -4.008615 -29.856712
48 -3.247090 -30.025469
49 -2.467232 -30.010595
50 -1.688051 -30.046336
51 -1.239747 -30.684633
52 -1.140717 -31.458321
53 -0.989081 -32.223440
54 -0.924166 -33.000734
55 -0.756687 -33.762541
56 -0.698984 -34.540404
57 -0.621900 -35.316586
58 -0.601582 -36.096321
59 -0.568553 -36.875622
60 -0.572153 -37.655613
61 -0.680393 -38.428067
62 -1.281896 -38.924649
63 -2.020857 -39.174323
64 -2.796545 -39.256222
65 -3.558908 -39.421153
66 -4.330923 -39.532478
67 -5.100567 -39.659163
68 -5.875143 -39.750984
69 -6.642305 -39.891919
70 -7.414806 -39.999816
71 -8.183214 -40.133790
72 -8.954845 -40.247750
73 -9.713033 -40.430916
74 -10.467245 -40.629825
75 -11.231335 -40.786563
76 -12.010950 -40.811065
77 -12.778926 -40.674637
78 -12.957727 -39.915407
79 -12.943802 -39.135531
80 -12.802815 -38.368379
81 -12.737857 -37.591089
82 -12.560449 -36.831532
83 -12.348194 -36.080967
84 -11.996054 -35.384980
85 -11.498228 -34.784505
86 -11.651288 -35.549341
87 -11.857607 -36.301559
88 -11.956451 -37.075271
89 -12.081689 -37.845151
