1 0.000000 0.000000
2 -0.747965 -0.221242
3 -1.442911 -0.575431
4 -2.146154 -0.912847
5 -2.800260 -1.337753
6 -3.526637 -1.621965
7 -4.240381 -1.936561
8 -4.952907 -2.253903
9 -5.653717 -2.596344
10 -6.411209 -2.782371
11 -6.802403 -3.457179
12 -6.953849 -4.222336
13 -7.070749 -4.993526
14 -7.222483 -5.758625
15 -7.318160 -6.532735
16 -7.413004 -7.306947
17 -7.495473 -8.082575
18 -7.653013 -8.846500
19 -7.839454 -9.603890
20 -7.982715 -10.370621
21 -8.066991 -11.146055
22 -8.207645 -11.913268
23 -8.258270 -12.691624
24 -8.290964 -13.470938
25 -8.171508 -14.241737
26 -8.057206 -15.013316
27 -7.832996 -15.760397
28 -7.566225 -16.493359
29 -7.282422 -17.219896
30 -7.082421 -17.973819
31 -6.890256 -18.729777
32 -6.604823 -19.455675
33 -6.224342 -20.136582
34 -5.870152 -20.831528
35 -5.415154 -21.465071
36 -4.999843 -22.125310
37 -4.641584 -22.818167
38 -4.433961 -23.570027
39 -4.257271 -24.329751
40 -4.211856 -25.108428
41 -4.215593 -25.888419
42 -4.274546 -26.666188
43 -4.360979 -27.441384
44 -4.501239 -28.208670
45 -4.451820 -28.987102
46 -3.852407 -29.486206
47 -3.094720 -29.671437
48 -2.336159 -29.853053
49 -1.556762 -29.883732
50 -0.780331 -29.958260
51 -0.180207 -30.456508
52 -0.030173 -31.221942
53 0.066539 -31.995923
54 0.114226 -32.774464
55 0.219061 -33.547387
56 0.311147 -34.321932
57 0.408516 -35.095831
58 0.433331 -35.875436
59 0.461111 -36.654941
60 0.391112 -37.431794
61 0.345828 -38.210478
62 0.027293 -38.922473
63 -0.690618 -39.227439
64 -1.464529 -39.324706
65 -2.240637 -39.402529
66 -3.016547 -39.482302
67 -3.788313 -39.595342
68 -4.561086 -39.701275
69 -5.328168 -39.842642
70 -6.095290 -39.983796
71 -6.866172 -40.102710
72 -7.645628 -40.073569
73 -7.940235 -39.351346
74 -7.834212 -38.578585
75 -7.707283 -37.808982
76 -7.491341 -37.059470
77 -7.247166 -36.318674
78 -6.937671 -35.602704
79 -6.720306 -34.853603
80 -6.466030 -34.116213
81 -6.186021 -33.388205
82 -6.963268 -33.322725
83 -7.090631 -34.092256
84 -7.125125 -34.871493
85 -7.156317 -35.650869
86 -7.263782 -36.423431
