1 0.000000 0.000000
2 0.010098 0.779935
3 -0.255962 1.513155
4 -0.426419 2.274302
5 -0.488337 3.051840
6 -0.420600 3.828893
7 -0.391894 4.608365
8 -1.061162 5.008964
9 -1.820725 5.186347
10 -2.593781 5.290189
11 -3.364322 5.169080
12 -4.139337 5.081039
13 -4.913329 4.984409
14 -5.660783 4.761446
15 -6.378660 4.456401
16 -7.121668 4.219043
17 -7.843949 3.924577
18 -8.596456 3.719313
19 -9.303723 3.390416
20 -10.056711 3.186923
21 -10.818244 3.018200
22 -11.597937 2.996341
23 -12.376130 3.049405
24 -13.146171 3.173652
25 -13.895445 3.390419
26 -14.634791 3.638952
27 -15.373731 3.888686
28 -16.146897 3.991714
29 -16.922436 3.908409
30 -17.695916 3.807772
31 -18.454131 3.624712
32 -19.057371 3.130242
33 -18.929058 2.360868
34 -18.727747 1.607294
35 -18.495241 0.862753
36 -18.338524 0.098659
37 -18.172725 -0.663516
38 -18.052825 -1.434246
39 -18.025911 -2.213781
40 -18.042103 -2.993613
41 -18.012686 -3.773058
42 -18.072545 -4.550758
43 -18.733203 -4.965404
44 -19.509676 -4.891305
45 -20.280280 -4.770600
46 -21.038596 -4.587962
47 -21.807814 -4.458719
48 -22.549649 -4.217721
49 -23.310785 -4.047217
50 -24.079041 -3.912373
51 -24.849243 -3.789128
52 -25.612126 -3.626618
53 -26.386590 -3.533851
54 -27.163843 -3.468444
55 -27.943620 -3.449789
56 -28.716208 -3.342517
57 -29.482907 -3.199087
58 -30.249703 -3.056173
59 -31.018098 -2.922127
60 -31.780072 -2.755402
61 -32.536053 -2.563331
62 -33.293023 -2.375189
63 -34.064925 -2.487289
64 -34.388223 -3.197133
65 -34.439278 -3.975460
66 -34.519084 -4.751367
67 -34.685149 -5.513484
68 -35.463468 -5.564668
69 -36.211260 -5.342842
70 -36.965891 -5.145529
71 -37.745739 -5.160923
72 -38.525466 -5.181549
73 -39.305201 -5.161219
74 -40.074556 -5.032790
75 -40.853440 -4.991083
76 -41.627690 -4.896546
77 -42.380414 -4.692079
78 -43.112568 -4.423099
79 -43.874426 -4.255850
80 -44.645313 -4.374733
81 -45.359830 -4.687568
82 -45.819447 -5.317768
83 -45.067752 -5.109551
84 -44.355657 -4.791242
85 -43.580429 -4.705092
