1 0.000000 0.000000
2 -0.037700 0.779088
3 -0.220191 1.537440
4 -0.386400 2.299526
5 -0.401022 3.079388
6 -0.344725 3.857354
7 -0.384323 4.636348
8 -0.988852 5.129243
9 -1.742839 5.329000
10 -2.519926 5.396351
11 -3.298537 5.349815
12 -4.066252 5.211926
13 -4.840443 5.116910
14 -5.556582 4.807806
15 -6.295374 4.557634
16 -7.016040 4.259237
17 -7.760378 4.026083
18 -8.477743 3.719837
19 -9.222973 3.489547
20 -9.984330 3.320032
21 -10.763713 3.289017
22 -11.541470 3.229908
23 -12.318659 3.296073
24 -13.084117 3.445984
25 -13.824962 3.690011
26 -14.588227 3.850719
27 -15.345282 4.038515
28 -16.124360 4.000606
29 -16.901040 3.928711
30 -17.667662 3.784869
31 -18.363853 3.433134
32 -18.394310 2.653729
33 -18.224196 1.892505
34 -17.963734 1.157278
35 -17.855298 0.384852
36 -17.730447 -0.385091
37 -17.629628 -1.158548
38 -17.503113 -1.928219
39 -17.465940 -2.707333
40 -17.428945 -3.486455
41 -17.591855 -4.249253
42 -18.297072 -4.582524
43 -19.070500 -4.481481
44 -19.834846 -4.325999
45 -20.585580 -4.114343
46 -21.344445 -3.934001
47 -22.102809 -3.751561
48 -22.870633 -3.614280
49 -23.632979 -3.449268
50 -24.402280 -3.320518
51 -25.162973 -3.148048
52 -25.938031 -3.060383
53 -26.714673 -2.988090
54 -27.494622 -2.997019
55 -28.265003 -2.874899
56 -29.036065 -2.757154
57 -29.788704 -2.552375
58 -30.547095 -2.370049
59 -31.307874 -2.197959
60 -32.064096 -2.006833
61 -32.827152 -1.845136
62 -33.542986 -2.154944
63 -33.787712 -2.895558
64 -33.841549 -3.673698
65 -33.887994 -4.452314
66 -33.998845 -5.224397
67 -34.753201 -5.026035
68 -35.526475 -4.923824
69 -36.306389 -4.935442
70 -37.085349 -4.895188
71 -37.861053 -4.813439
72 -38.630328 -4.684534
73 -39.407963 -4.623834
74 -40.143662 -4.364706
75 -40.867764 -4.074748
76 -41.598724 -3.802538
77 -42.378310 -3.777141
78 -43.141483 -3.938284
79 -43.860737 -4.240068
80 -43.620508 -4.982153
81 -42.892058 -4.703298
82 -42.177618 -4.390288
83 -41.407505 -4.266485
84 -40.649966 -4.452318
