1 0.000000 0.000000
2 -0.018606 0.779778
3 -0.155683 1.547639
4 -0.509711 2.242667
5 -0.513321 3.022658
6 -0.397014 3.793938
7 -0.387074 4.573875
8 -0.865500 5.189918
9 -1.625429 5.365723
10 -2.403529 5.420130
11 -3.181299 5.361190
12 -3.942861 5.192596
13 -4.721821 5.152321
14 -5.472973 4.942156
15 -6.223521 4.729840
16 -6.928573 4.396221
17 -7.671328 4.158071
18 -8.396414 3.870581
19 -9.148509 3.663812
20 -9.900746 3.457563
21 -10.675539 3.367582
22 -11.451466 3.287977
23 -12.229617 3.341655
24 -13.001568 3.453422
25 -13.741010 3.701666
26 -14.466383 3.988430
27 -15.215798 4.204712
28 -15.995202 4.235188
29 -16.774970 4.216159
30 -17.548847 4.118614
31 -18.289856 3.875089
32 -18.489848 3.121164
33 -18.405775 2.345708
34 -18.160649 1.605226
35 -18.019313 0.838138
36 -17.889379 0.069036
37 -17.819624 -0.707838
38 -17.755344 -1.485185
39 -17.747940 -2.265150
40 -17.740748 -3.045117
41 -17.812004 -3.821855
42 -18.278001 -4.447352
43 -19.057979 -4.441542
44 -19.833578 -4.358805
45 -20.591719 -4.175441
46 -21.352836 -4.004851
47 -22.107334 -3.807031
48 -22.864462 -3.619529
49 -23.620189 -3.426456
50 -24.392759 -3.319050
51 -25.151981 -3.140214
52 -25.924332 -3.031252
53 -26.693500 -2.901710
54 -27.473474 -2.895292
55 -28.244918 -2.780080
56 -29.021434 -2.706446
57 -29.775123 -2.505564
58 -30.540800 -2.356771
59 -31.292423 -2.148295
60 -32.043530 -1.937965
61 -32.781064 -1.684108
62 -33.559782 -1.728803
63 -33.913300 -2.424091
64 -34.053802 -3.191332
65 -34.121722 -3.968369
66 -34.327196 -4.720819
67 -35.106474 -4.754359
68 -35.850677 -4.520773
69 -36.620501 -4.395190
70 -37.400288 -4.413413
71 -38.180257 -4.406499
72 -38.958164 -4.349390
73 -39.722936 -4.196018
74 -40.502642 -4.217450
75 -41.273671 -4.099490
76 -42.017521 -3.864786
77 -42.738739 -3.567726
78 -43.508403 -3.441166
79 -44.278628 -3.564268
80 -45.013869 -3.824692
81 -45.527256 -4.411917
82 -44.798034 -4.135088
83 -44.086465 -3.815603
84 -43.325435 -3.644627
85 -42.559849 -3.793886
