1 0.000000 0.000000
2 -0.706370 -0.330819
3 -1.441194 -0.592418
4 -2.127222 -0.963585
5 -2.825681 -1.310796
6 -3.536142 -1.632736
7 -4.260167 -1.922886
8 -4.927469 -2.326753
9 -5.664127 -2.583140
10 -6.401511 -2.837434
11 -6.715811 -3.551307
12 -6.825691 -4.323529
13 -6.951562 -5.093306
14 -7.023463 -5.869985
15 -7.163371 -6.637335
16 -7.226977 -7.414737
17 -7.389548 -8.177607
18 -7.494696 -8.950487
19 -7.650383 -9.714792
20 -7.698783 -10.493289
21 -7.755348 -11.271235
22 -7.790827 -12.050428
23 -7.864511 -12.826940
24 -7.780304 -13.602381
25 -7.660109 -14.373064
26 -7.422356 -15.115947
27 -7.152341 -15.847720
28 -6.770962 -16.528124
29 -6.497247 -17.258521
30 -6.255220 -18.000021
31 -5.964034 -18.723631
32 -5.540478 -19.378612
33 -5.203357 -20.081997
34 -4.764117 -20.726564
35 -4.332077 -21.375981
36 -3.894379 -22.021598
37 -3.564692 -22.728496
38 -3.248181 -23.441393
39 -3.137006 -24.213429
40 -3.079765 -24.991326
41 -3.164379 -25.766723
42 -3.156423 -26.546682
43 -3.337059 -27.305478
44 -3.379922 -28.084299
45 -3.273742 -28.857038
46 -2.638307 -29.309391
47 -1.929158 -29.634210
48 -1.153846 -29.719601
49 -0.376137 -29.779345
50 0.401306 -29.842447
51 0.847054 -30.482531
52 0.994513 -31.248466
53 1.085853 -32.023100
54 1.281164 -32.778251
55 1.415203 -33.546648
56 1.572953 -34.310529
57 1.663153 -35.085296
58 1.817299 -35.849913
59 1.858640 -36.628817
60 1.946652 -37.403835
61 1.780239 -38.165877
62 1.194147 -38.680557
63 0.449653 -38.913215
64 -0.305221 -39.109593
65 -1.075680 -39.231223
66 -1.845456 -39.357099
67 -2.622231 -39.427948
68 -3.391771 -39.555263
69 -4.166132 -39.648880
70 -4.934711 -39.781874
71 -5.706944 -39.891672
72 -6.465253 -40.074340
73 -7.234453 -40.203688
74 -7.979686 -40.433966
75 -8.733279 -40.635206
76 -9.493122 -40.811382
77 -10.261489 -40.945596
78 -11.022691 -41.115807
79 -11.794229 -41.230389
80 -12.566020 -41.343250
81 -13.344478 -41.392282
82 -14.121109 -41.464694
83 -14.885335 -41.308620
84 -15.127669 -40.567220
85 -15.043968 -39.791723
86 -14.944678 -39.018069
87 -14.720045 -38.271115
88 -14.573203 -37.505062
89 -14.323012 -36.766276
90 -14.078131 -36.025713
91 -13.879753 -35.271362
92 -14.037091 -36.035328
93 -14.110757 -36.811842
94 -14.214750 -37.584878
95 -14.312379 -38.358744
