1 0.000000 0.000000
2 -0.726268 -0.284490
3 -1.453328 -0.566949
4 -2.174132 -0.865014
5 -2.872804 -1.211796
6 -3.604272 -1.482636
7 -4.301063 -1.833181
8 -5.047524 -2.059447
9 -5.791823 -2.292724
10 -6.539386 -2.515324
11 -6.985341 -3.155264
12 -7.186790 -3.908801
13 -7.303743 -4.679984
14 -7.436871 -5.448539
15 -7.569760 -6.217135
16 -7.715246 -6.983447
17 -7.839388 -7.753505
18 -8.000494 -8.516685
19 -8.124318 -9.286794
20 -8.251066 -10.056427
21 -8.270058 -10.836196
22 -8.360334 -11.610954
23 -8.322529 -12.390037
24 -8.239366 -13.165591
25 -8.100147 -13.933067
26 -7.971527 -14.702389
27 -7.726336 -15.442849
28 -7.450494 -16.172446
29 -7.189468 -16.907473
30 -7.011659 -17.666936
31 -6.797387 -18.416928
32 -6.510200 -19.142134
33 -6.134452 -19.825664
34 -5.813014 -20.536352
35 -5.350562 -21.164475
36 -5.007675 -21.865067
37 -4.722839 -22.591199
38 -4.604106 -23.362109
39 -4.527005 -24.138289
40 -4.543016 -24.918125
41 -4.554492 -25.698040
42 -4.694383 -26.465393
43 -4.848507 -27.230015
44 -5.010774 -27.992950
45 -4.809973 -28.746660
46 -4.117543 -29.105742
47 -3.347323 -29.228874
48 -2.569366 -29.285295
49 -1.790926 -29.235985
50 -1.083074 -29.563620
51 -0.857209 -30.310202
52 -0.697850 -31.073750
53 -0.490223 -31.825608
54 -0.409179 -32.601386
55 -0.281115 -33.370802
56 -0.225380 -34.148808
57 -0.120868 -34.921774
58 -0.137549 -35.701596
59 -0.204869 -36.478685
60 -0.338164 -37.247211
61 -0.907460 -37.780411
62 -1.663836 -37.970926
63 -2.430683 -38.113562
64 -3.209496 -38.156583
65 -3.985409 -38.236325
66 -4.763397 -38.292320
67 -5.532270 -38.423598
68 -6.302564 -38.546268
69 -7.069168 -38.690205
70 -7.842343 -38.793162
71 -8.600157 -38.977872
72 -9.368151 -39.114202
73 -10.111160 -39.351558
74 -10.864545 -39.553575
75 -11.622692 -39.736913
76 -12.390976 -39.871598
77 -13.149313 -40.054150
78 -13.922126 -40.159790
79 -14.687269 -40.311302
80 -15.461638 -40.404855
81 -16.241236 -40.429893
82 -16.847994 -39.939745
83 -16.819643 -39.160260
84 -16.647859 -38.399412
85 -16.489482 -37.635660
86 -16.303407 -36.878180
87 -16.142844 -36.114885
88 -15.906463 -35.371565
89 -15.663678 -34.630313
90 -15.285023 -33.948388
91 -15.395354 -34.720546
92 -15.553788 -35.484285
93 -15.645782 -36.258842
94 -15.804444 -37.022534
