1 0.000000 0.000000
2 0.779861 0.014748
3 1.548436 0.147757
4 2.321618 0.250662
5 3.056911 0.510940
6 3.801304 0.743918
7 4.558813 0.929877
8 5.315809 1.117909
9 6.067991 1.324361
10 6.846011 1.379912
11 7.623975 1.436231
12 8.402457 1.387601
13 9.163399 1.558972
14 9.343581 2.317875
15 9.044000 3.038050
16 8.706156 3.741087
17 8.556218 4.506540
18 8.395330 5.269767
19 8.325266 6.046614
20 8.376749 6.824913
21 8.401610 7.604517
22 8.216908 8.362333
23 8.090379 9.132002
24 8.022290 9.909024
25 7.981541 10.687959
26 8.004943 11.467608
27 7.973372 12.246969
28 7.893742 13.022893
29 7.644729 13.762077
30 7.062031 14.280597
31 6.427891 14.734763
32 6.099245 15.442147
33 5.912400 16.199437
34 5.819820 16.973923
35 5.755528 17.751269
36 5.693219 18.528776
37 5.586261 19.301408
38 5.587186 20.081408
39 5.611194 20.861038
40 5.236821 21.545322
41 5.040086 22.300104
42 5.035640 23.080091
43 5.028302 23.860057
44 5.128745 24.633562
45 5.215288 25.408747
46 5.393172 26.168192
47 5.484971 26.942771
48 5.371099 27.714414
49 4.593111 27.658425
50 3.859235 27.394177
51 3.122442 27.138177
52 2.377225 26.907848
53 1.648187 26.630534
54 0.907134 26.387141
55 0.172883 26.123937
56 -0.583723 25.934341
57 -1.296209 25.616906
58 -2.011229 25.305224
59 -2.696321 24.932332
60 -3.395626 24.586828
61 -4.073280 24.200584
62 -4.751229 23.814856
63 -5.369507 23.339323
64 -6.037422 22.936470
65 -6.736109 22.589721
66 -7.452246 22.280612
67 -8.162451 21.958108
68 -8.875689 21.642367
69 -9.563192 21.273939
70 -10.299411 21.016294
71 -11.011039 20.696940
72 -11.726070 20.385283
73 -12.433731 20.057235
74 -13.152665 19.754688
75 -13.617046 19.127991
76 -13.831477 18.378044
77 -14.043103 17.627302
78 -14.226372 16.869138
79 -14.373254 16.103092
80 -14.519045 15.336838
81 -14.641622 14.566530
82 -14.845234 13.813575
83 -14.959118 13.041933
84 -15.132064 12.281348
85 -15.244203 11.509451
86 -15.306894 10.731975
87 -15.379838 9.955393
88 -15.373323 9.175420
89 -15.245353 8.405989
90 -15.125323 7.635280
91 -14.897369 6.889333
92 -14.646079 6.150920
93 -14.413286 5.406469
94 -14.237026 4.646645
95 -14.053970 3.888430
96 -13.770545 3.161746
97 -13.461324 2.445657
98 -13.092137 1.758561
99 -12.691175 1.089510
100 -12.334818 0.395673
101 -12.015516 -0.315977
102 -11.819321 -1.070899
103 -11.707974 -1.842911
104 -11.666422 -2.621803
105 -11.642296 -3.401430
106 -11.729895 -4.176496
107 -11.892721 -4.939311
108 -12.120620 -5.685275
109 -12.605618 -6.296157
110 -13.375708 -6.420101
111 -14.149117 -6.521286
112 -14.910044 -6.692719
113 -15.622389 -7.010468
114 -16.337582 -7.321753
115 -17.049673 -7.640072
116 -17.798870 -7.857107
117 -18.535499 -8.113578
118 -19.284138 -8.332531
119 -20.051939 -8.469939
120 -20.818832 -8.612331
121 -21.581021 -8.778064
122 -22.346655 -8.927078
123 -23.117334 -9.047301
124 -23.891456 -9.142875
125 -24.671455 -9.144433
126 -25.451455 -9.144060
127 -26.226586 -9.231075
128 -26.976939 -9.444077
129 -27.756143 -9.479315
130 -28.137884 -8.799114
131 -28.113577 -8.019493
132 -28.059326 -7.241382
133 -28.000109 -6.463633
134 -27.755676 -5.722922
135 -27.572460 -4.964745
136 -27.299623 -4.234020
137 -26.881167 -3.575768
138 -26.476487 -2.908960
139 -26.223803 -2.171023
140 -25.940237 -1.444394
141 -25.694482 -0.704120
142 -25.424299 0.027591
143 -25.139430 0.753710
144 -24.914803 1.500666
145 -24.740326 2.260902
146 -24.447760 2.983954
147 -24.082218 3.672996
148 -23.615015 4.297593
149 -23.219767 4.970036
150 -22.801911 5.628668
151 -22.417274 6.307236
152 -22.038132 6.988889
153 -21.615273 7.644321
154 -21.197248 8.302845
155 -20.780621 8.962256
156 -20.219843 9.504407
157 -19.678239 10.065714
158 -19.180685 10.666413
159 -18.692954 11.275116
160 -18.280574 11.937190
161 -17.863816 12.596518
162 -17.325869 13.161330
163 -16.859827 13.786794
164 -16.248870 14.271697
165 -15.481815 14.130181
166 -14.725058 13.941185
167 -13.947795 13.875906
168 -13.175089 13.769484
169 -12.410082 13.617285
170 -11.645044 13.465244
