1 0.000000 0.000000
2 -0.734332 -0.262977
3 -1.449493 -0.574335
4 -2.145386 -0.926661
5 -2.799047 -1.352252
6 -3.531928 -1.619244
7 -4.220779 -1.985146
8 -4.944859 -2.275160
9 -5.649307 -2.610053
10 -6.390649 -2.852565
11 -6.889761 -3.451971
12 -7.112011 -4.199637
13 -7.235598 -4.969784
14 -7.436483 -5.723472
15 -7.502512 -6.500672
16 -7.637069 -7.268978
17 -7.644584 -8.048942
18 -7.771663 -8.818520
19 -7.823094 -9.596823
20 -7.957560 -10.365145
21 -8.074645 -11.136307
22 -8.164418 -11.911124
23 -8.235147 -12.687910
24 -8.249827 -13.467772
25 -8.116266 -14.236252
26 -8.005573 -15.008358
27 -7.753636 -15.746550
28 -7.512469 -16.488331
29 -7.225717 -17.213709
30 -7.011737 -17.963784
31 -6.831874 -18.722763
32 -6.601077 -19.467835
33 -6.202258 -20.138166
34 -5.934286 -20.870690
35 -5.526593 -21.535661
36 -5.196146 -22.242205
37 -4.806021 -22.917633
38 -4.625411 -23.676434
39 -4.459057 -24.438488
40 -4.424716 -25.217732
41 -4.404596 -25.997473
42 -4.488896 -26.772904
43 -4.586495 -27.546773
44 -4.738327 -28.311853
45 -4.598704 -29.079255
46 -3.961574 -29.529216
47 -3.217837 -29.764281
48 -2.446620 -29.881006
49 -1.666945 -29.858506
50 -0.896750 -29.981795
51 -0.601953 -30.703941
52 -0.492382 -31.476207
53 -0.315643 -32.235919
54 -0.184274 -33.004777
55 -0.005624 -33.764042
56 0.067981 -34.540562
57 0.202186 -35.308930
58 0.213940 -36.088841
59 0.314091 -36.862385
60 0.273352 -37.641320
61 0.166967 -38.414031
62 -0.480026 -38.849692
63 -1.219305 -39.098423
64 -1.997063 -39.157514
65 -2.768150 -39.275093
66 -3.537770 -39.401921
67 -4.300601 -39.564675
68 -5.070807 -39.687892
69 -5.825947 -39.883245
70 -6.602723 -39.954100
71 -7.373418 -40.074220
72 -8.147746 -40.168117
73 -8.908405 -40.340735
74 -9.671391 -40.502763
75 -10.423361 -40.709984
76 -11.203166 -40.727416
77 -11.977323 -40.632116
78 -12.090120 -39.860315
79 -12.057429 -39.081000
80 -11.872970 -38.323125
81 -11.739267 -37.554670
82 -11.472381 -36.821750
83 -11.211213 -36.086773
84 -10.805096 -35.420838
85 -10.518871 -34.695252
86 -10.575299 -33.917296
87 -10.748842 -34.677745
88 -10.834001 -35.453082
89 -10.901252 -36.230177
