1 0.000000 0.000000
2 -0.715623 -0.310296
3 -1.456302 -0.554827
4 -2.130317 -0.947386
5 -2.846913 -1.255430
6 -3.528093 -1.635422
7 -4.244305 -1.944357
8 -4.920979 -2.332316
9 -5.661897 -2.576120
10 -6.324414 -2.987788
11 -6.559854 -3.731406
12 -6.659052 -4.505073
13 -6.852056 -5.260817
14 -6.944079 -6.035370
15 -7.106490 -6.798273
16 -7.154099 -7.576819
17 -7.274162 -8.347523
18 -7.372139 -9.121345
19 -7.566211 -9.876816
20 -7.662653 -10.650831
21 -7.746476 -11.426314
22 -7.736768 -12.206253
23 -7.789800 -12.984448
24 -7.663359 -13.754132
25 -7.542516 -14.524714
26 -7.320050 -15.272316
27 -7.100481 -16.020774
28 -6.782853 -16.733173
29 -6.520540 -17.467743
30 -6.247648 -18.198448
31 -6.032164 -18.948092
32 -5.605372 -19.600969
33 -5.224714 -20.281777
34 -4.820350 -20.948777
35 -4.410879 -21.612655
36 -3.986377 -22.267024
37 -3.697947 -22.991736
38 -3.432245 -23.725086
39 -3.382960 -24.503528
40 -3.391446 -25.283482
41 -3.429537 -26.062551
42 -3.488283 -26.840336
43 -3.632073 -27.606968
44 -3.639210 -28.386935
45 -3.449825 -29.143594
46 -2.818080 -29.601085
47 -2.093602 -29.890106
48 -1.321247 -29.999041
49 -0.542392 -30.041282
50 0.237494 -30.054668
51 0.737300 -30.653494
52 0.843182 -31.426274
53 0.934612 -32.200897
54 1.102074 -32.962709
55 1.218390 -33.733987
56 1.354784 -34.501969
57 1.425298 -35.278775
58 1.574498 -36.044373
59 1.568209 -36.824348
60 1.598445 -37.603761
61 1.479734 -38.374675
62 0.893519 -38.889216
63 0.128674 -39.042226
64 -0.637993 -39.185828
65 -1.412492 -39.278302
66 -2.177268 -39.431653
67 -2.955785 -39.479739
68 -3.726356 -39.600651
69 -4.498445 -39.711464
70 -5.256650 -39.894560
71 -6.025304 -40.027117
72 -6.787051 -40.194871
73 -7.554548 -40.333968
74 -8.287184 -40.601635
75 -9.054893 -40.739554
76 -9.822617 -40.877395
77 -10.599654 -40.809476
78 -10.865633 -40.076226
79 -10.774010 -39.301626
80 -10.637710 -38.533627
81 -10.520875 -37.762427
82 -10.455394 -36.985180
83 -10.296386 -36.221560
84 -10.023609 -35.490812
85 -9.807126 -34.741455
86 -9.988397 -35.500099
87 -10.068059 -36.276021
88 -10.213008 -37.042434
89 -10.270750 -37.820294
90 -10.342996 -38.596941
