1 0.000000 0.000000
2 0.779981 0.005410
3 1.550982 0.123555
4 2.314480 0.283149
5 3.047336 0.550211
6 3.810101 0.713274
7 4.568490 0.895609
8 5.330461 1.062344
9 6.092342 1.229487
10 6.872323 1.234896
11 7.652246 1.245909
12 8.429944 1.186035
13 9.202701 1.292087
14 9.395674 2.047839
15 9.094023 2.767148
16 8.816029 3.495928
17 8.588041 4.241865
18 8.500864 5.016978
19 8.437315 5.794384
20 8.409668 6.573894
21 8.250984 7.337582
22 7.978965 8.068613
23 7.880018 8.842311
24 7.942970 9.619767
25 7.933380 10.399708
26 8.016953 11.175218
27 7.990134 11.954757
28 7.836815 12.719540
29 7.533823 13.438286
30 6.972098 13.979456
31 6.294588 14.365952
32 5.951343 15.066369
33 5.796482 15.830841
34 5.718332 16.606916
35 5.562144 17.371119
36 5.452133 18.143322
37 5.303334 18.908997
38 5.265448 19.688077
39 5.219829 20.466741
40 4.774607 21.107193
41 4.562406 21.857773
42 4.465059 22.631675
43 4.459380 23.411654
44 4.545197 24.186919
45 4.640821 24.961035
46 4.773432 25.729679
47 4.864911 26.504296
48 4.593717 27.235633
49 3.826538 27.094788
50 3.094023 26.826793
51 2.356200 26.573777
52 1.625612 26.300573
53 0.917845 25.972753
54 0.186239 25.702284
55 -0.552283 25.451316
56 -1.300356 25.230437
57 -2.007162 24.900552
58 -2.692457 24.528032
59 -3.392836 24.184712
60 -4.095498 23.846088
61 -4.756922 23.432664
62 -5.398698 22.989355
63 -6.023178 22.521996
64 -6.683706 22.107143
65 -7.375974 21.747748
66 -8.085602 21.423977
67 -8.780770 21.070222
68 -9.478573 20.721697
69 -10.137307 20.304000
70 -10.846376 19.979006
71 -11.546878 19.635937
72 -12.258334 19.316203
73 -12.971984 19.001396
74 -13.721737 18.786287
75 -14.203335 18.172721
76 -14.461421 17.436656
77 -14.611510 16.671233
78 -14.781286 15.909934
79 -14.941297 15.146523
80 -15.058707 14.375410
81 -15.218738 13.612003
82 -15.359323 12.844777
83 -15.566026 12.092664
84 -15.740694 11.332472
85 -15.839860 10.558802
86 -15.959218 9.787988
87 -16.030386 9.011242
88 -16.034065 8.231250
89 -15.905382 7.461939
90 -15.816604 6.687007
91 -15.577573 5.944535
92 -15.348778 5.198846
93 -15.209001 4.431472
94 -15.142085 3.654348
95 -14.884099 2.918248
96 -14.654683 2.172749
97 -14.351909 1.453911
98 -14.011694 0.752019
99 -13.601146 0.088807
100 -13.307500 -0.633808
101 -13.008844 -1.354367
102 -12.905103 -2.127437
103 -12.784756 -2.898097
104 -12.796880 -3.678003
105 -12.773833 -4.457662
106 -12.868511 -5.231895
107 -13.001113 -6.000541
108 -13.210898 -6.751800
109 -13.698618 -7.360511
110 -14.465682 -7.501979
111 -15.228665 -7.664017
112 -15.993935 -7.814890
113 -16.708518 -8.127573
114 -17.453384 -8.359036
115 -18.169690 -8.667750
116 -18.920672 -8.878527
117 -19.666170 -9.107945
118 -20.415999 -9.322784
119 -21.182164 -9.469044
120 -21.948733 -9.613168
121 -22.698752 -9.827345
122 -23.466313 -9.966089
123 -24.232018 -10.114737
124 -25.009099 -10.182155
125 -25.788724 -10.206328
126 -26.568658 -10.216469
127 -27.341239 -10.323795
128 -28.075499 -10.586974
129 -28.792477 -10.894124
130 -29.572078 -10.919085
131 -29.825574 -10.181427
132 -29.802258 -9.401775
133 -29.789558 -8.621879
134 -29.647496 -7.854925
135 -29.492967 -7.090385
136 -29.242996 -6.351525
137 -29.008174 -5.607711
138 -28.641181 -4.919441
139 -28.396513 -4.178808
140 -28.117123 -3.450563
141 -27.924475 -2.694727
142 -27.700307 -1.947634
143 -27.575059 -1.177755
144 -27.358116 -0.428532
145 -27.253681 0.344445
146 -27.049893 1.097353
147 -26.837906 1.847994
148 -26.326805 2.437210
149 -25.977959 3.134853
150 -25.621961 3.828875
151 -25.212515 4.492767
152 -24.839639 5.177868
153 -24.437723 5.846347
154 -24.021031 6.505716
155 -23.638558 7.185506
156 -23.198400 7.829448
157 -22.657160 8.391106
158 -22.080866 8.916734
159 -21.607951 9.537017
160 -21.097797 10.127054
161 -20.670198 10.779402
162 -20.184860 11.390015
163 -19.668489 11.974618
164 -19.181045 12.583550
165 -18.463251 12.888790
166 -17.755145 12.561701
167 -16.995310 12.385489
168 -16.235453 12.209375
169 -15.462768 12.102803
170 -14.733392 11.826378
171 -13.965276 11.690740
