1 0.000000 0.000000
2 -0.701623 -0.340772
3 -1.416268 -0.653314
4 -2.120310 -0.989059
5 -2.792569 -1.384619
6 -3.466765 -1.776869
7 -4.160555 -2.133318
8 -4.841069 -2.514500
9 -5.575342 -2.777640
10 -6.297115 -3.073350
11 -6.651324 -3.768286
12 -6.764187 -4.540077
13 -6.912079 -5.305929
14 -7.027282 -6.077374
15 -7.173900 -6.843470
16 -7.230179 -7.621437
17 -7.364110 -8.389853
18 -7.453512 -9.164712
19 -7.571037 -9.935808
20 -7.674303 -10.708942
21 -7.794924 -11.479559
22 -7.846136 -12.257876
23 -7.937968 -13.032451
24 -7.881772 -13.810424
25 -7.741845 -14.577770
26 -7.516594 -15.324538
27 -7.302201 -16.074495
28 -6.937424 -16.763942
29 -6.649084 -17.488691
30 -6.372426 -18.217978
31 -6.192750 -18.977002
32 -5.901199 -19.700464
33 -5.581236 -20.411818
34 -5.155086 -21.065114
35 -4.756395 -21.735521
36 -4.332651 -22.390380
37 -3.967295 -23.079521
38 -3.716439 -23.818082
39 -3.604884 -24.590063
40 -3.516994 -25.365096
41 -3.567141 -26.143482
42 -3.616917 -26.921892
43 -3.756887 -27.689231
44 -3.898770 -28.456218
45 -3.968574 -29.233088
46 -3.409263 -29.776752
47 -2.692850 -30.085221
48 -1.923179 -30.211735
49 -1.144943 -30.264175
50 -0.365052 -30.251171
51 0.316232 -30.630976
52 0.448460 -31.399687
53 0.551009 -32.172916
54 0.699513 -32.938649
55 0.795209 -33.712756
56 0.919806 -34.482740
57 0.942782 -35.262402
58 1.022356 -36.038332
59 1.066555 -36.817079
60 1.115308 -37.595554
61 1.041901 -38.372092
62 0.506697 -38.939505
63 -0.240823 -39.162246
64 -1.009012 -39.297472
65 -1.783849 -39.387069
66 -2.551717 -39.524099
67 -3.325138 -39.625197
68 -4.087913 -39.788215
69 -4.855162 -39.928674
70 -5.615315 -40.103509
71 -6.392811 -40.165954
72 -7.131777 -39.916294
73 -7.177854 -39.137656
74 -7.072106 -38.364858
75 -6.922709 -37.599299
76 -6.692441 -36.854063
77 -6.513059 -36.094970
78 -6.317606 -35.339855
79 -5.982900 -34.635318
80 -5.668227 -33.921609
81 -5.832368 -33.159075
82 -5.891124 -33.936859
83 -6.015276 -34.706915
84 -6.159183 -35.473525
85 -6.271561 -36.245387
