1 0.000000 0.000000
2 -0.722500 -0.293929
3 -1.410356 -0.661697
4 -2.083574 -1.055623
5 -2.790704 -1.384814
6 -3.495222 -1.719559
7 -4.243497 -1.939754
8 -4.945283 -2.280189
9 -5.671199 -2.565576
10 -6.086069 -3.226093
11 -6.231827 -3.992354
12 -6.331996 -4.765895
13 -6.477343 -5.532233
14 -6.541230 -6.309612
15 -6.653791 -7.081448
16 -6.719634 -7.858664
17 -6.850106 -8.627674
18 -6.944429 -9.401950
19 -7.079844 -10.170106
20 -7.118078 -10.949168
21 -7.145669 -11.728680
22 -7.131198 -12.508545
23 -7.120218 -13.288468
24 -6.982016 -14.056127
25 -6.843324 -14.823698
26 -6.647222 -15.578644
27 -6.403876 -16.319713
28 -6.101562 -17.038744
29 -5.964539 -17.806614
30 -5.759347 -18.559141
31 -5.452071 -19.276066
32 -5.092228 -19.968102
33 -4.748491 -20.668276
34 -4.285881 -21.296282
35 -3.948969 -21.999767
36 -3.559689 -22.675682
37 -3.334260 -23.422396
38 -3.180802 -24.187151
39 -3.136355 -24.965884
40 -3.102730 -25.745159
41 -3.195079 -26.519673
42 -3.280415 -27.294990
43 -3.444731 -28.057487
44 -3.432760 -28.837395
45 -2.796592 -29.288715
46 -2.055674 -29.532520
47 -1.289751 -29.680041
48 -0.510084 -29.657269
49 0.269347 -29.687062
50 0.570461 -30.406596
51 0.682305 -31.178536
52 0.821152 -31.946079
53 0.896025 -32.722477
54 1.073440 -33.482032
55 1.181207 -34.254551
56 1.271904 -35.029260
57 1.312749 -35.808190
58 1.352051 -36.587199
59 1.283013 -37.364138
60 1.099695 -38.122290
61 0.432702 -38.526667
62 -0.310170 -38.764451
63 -1.082372 -38.874468
64 -1.853069 -38.994576
65 -2.629608 -39.067979
66 -3.407247 -39.128616
67 -4.184687 -39.191766
68 -4.960389 -39.273529
69 -5.736526 -39.351065
70 -6.507081 -39.472081
71 -7.282503 -39.556462
72 -8.030350 -39.778105
73 -8.788017 -39.963418
74 -9.545920 -40.147761
75 -10.312193 -40.293453
76 -11.072057 -40.469538
77 -11.843068 -40.587617
78 -12.611480 -40.721568
79 -13.374390 -40.883954
80 -14.145897 -40.998741
81 -14.925897 -40.998403
82 -15.193349 -40.265689
83 -15.082069 -39.493668
84 -14.940176 -38.726683
85 -14.755814 -37.968784
86 -14.599521 -37.204603
87 -14.430114 -36.443222
88 -14.185517 -35.702565
89 -13.866170 -34.990935
90 -13.730668 -34.222795
91 -14.504701 -34.126503
92 -14.720570 -34.876037
93 -14.904626 -35.634010
94 -14.956371 -36.412292
95 -15.052597 -37.186334
