1 0.000000 0.000000
2 -0.738990 -0.249588
3 -1.453387 -0.562696
4 -2.128809 -0.952830
5 -2.790197 -1.366310
6 -3.511375 -1.663469
7 -4.200501 -2.028852
8 -4.920099 -2.329816
9 -5.646439 -2.614123
10 -6.370575 -2.903995
11 -6.715633 -3.603520
12 -6.964818 -4.342645
13 -7.093428 -5.111970
14 -7.228379 -5.880207
15 -7.258507 -6.659624
16 -7.352770 -7.433908
17 -7.408292 -8.211929
18 -7.543680 -8.980089
19 -7.651631 -9.752583
20 -7.766882 -10.524021
21 -7.830744 -11.301403
22 -7.893779 -12.078851
23 -7.897981 -12.858840
24 -7.804412 -13.633207
25 -7.629178 -14.393268
26 -7.461091 -15.154942
27 -7.179818 -15.882462
28 -6.947429 -16.627039
29 -6.711350 -17.370455
30 -6.552014 -18.134007
31 -6.298142 -18.871536
32 -5.984128 -19.585536
33 -5.579530 -20.252394
34 -5.208207 -20.938339
35 -4.756748 -21.574408
36 -4.444645 -22.289245
37 -4.119206 -22.998110
38 -3.940623 -23.757391
39 -3.787225 -24.522158
40 -3.752489 -25.301385
41 -3.791921 -26.080387
42 -3.928064 -26.848414
43 -4.034867 -27.621067
44 -4.063519 -28.400541
45 -3.601645 -29.029088
46 -2.892299 -29.353479
47 -2.128175 -29.510050
48 -1.352724 -29.594169
49 -0.572957 -29.613201
50 -0.054105 -30.195603
51 0.053010 -30.968213
52 0.157027 -31.741247
53 0.310466 -32.506006
54 0.438522 -33.275422
55 0.561354 -34.045690
56 0.590017 -34.825163
57 0.682243 -35.599691
58 0.697513 -36.379542
59 0.703165 -37.159521
60 0.602133 -37.932950
61 0.106009 -38.534832
62 -0.643309 -38.751447
63 -1.410428 -38.892618
64 -2.184667 -38.987244
65 -2.956003 -39.103176
66 -3.728310 -39.212453
67 -4.500284 -39.324060
68 -5.266019 -39.472554
69 -6.036978 -39.590968
70 -6.816617 -39.614691
71 -7.456466 -39.168603
72 -7.485705 -38.389151
73 -7.389757 -37.615075
74 -7.188981 -36.861358
75 -7.005971 -36.103132
76 -6.753717 -35.365048
77 -6.517949 -34.621533
78 -6.220027 -33.900671
79 -5.887109 -33.195288
80 -5.964058 -32.419093
81 -6.017161 -33.197283
82 -6.077441 -33.974950
83 -6.206556 -34.744190
84 -6.343019 -35.512160
85 -6.518785 -36.272098
86 -6.634743 -37.043431
