1 0.000000 0.000000
2 0.272564 -0.730828
3 0.467777 -1.486004
4 0.520746 -2.264204
5 0.679475 -3.027882
6 0.606403 -3.804452
7 0.559530 -4.583042
8 0.421600 -5.350750
9 0.481481 -6.128448
10 1.259862 -6.078210
11 1.434719 -5.318063
12 1.563575 -4.548780
13 1.637347 -3.772276
14 1.616191 -2.992563
15 1.520295 -2.218480
16 1.509393 -1.438557
17 1.436417 -0.661978
18 1.227370 0.089487
19 1.238492 0.869407
20 1.384550 1.635610
21 1.440610 2.413593
22 1.160813 3.141682
23 0.440277 3.440394
24 -0.322484 3.603478
25 -1.102426 3.612967
26 -1.881591 3.576890
27 -2.653859 3.467335
28 -3.414305 3.293779
29 -4.149195 3.032367
30 -4.871549 2.738079
31 -5.580497 2.412821
32 -6.312206 2.142633
33 -7.035064 1.849586
34 -7.784674 1.633983
35 -8.549043 1.478610
36 -9.327204 1.425092
37 -10.107198 1.428320
38 -10.878154 1.546755
39 -11.628750 1.758900
40 -12.357875 2.035984
41 -13.112604 2.232922
42 -13.888203 2.315662
43 -14.666142 2.258993
44 -15.444222 2.204303
45 -16.218360 2.108855
46 -16.935664 1.802465
47 -17.002533 1.025336
48 -16.884555 0.254310
49 -16.740747 -0.512318
50 -16.614227 -1.281989
51 -16.465185 -2.047617
52 -16.436298 -2.827082
53 -16.348352 -3.602108
54 -16.344767 -4.382100
55 -16.297295 -5.160654
56 -16.546236 -5.899862
57 -17.254265 -6.227115
58 -18.032358 -6.172601
59 -18.797552 -6.021345
60 -19.537109 -5.773445
61 -20.286754 -5.557962
62 -21.025434 -5.307460
63 -21.778300 -5.103516
64 -22.506619 -4.824316
65 -23.254309 -4.602147
66 -23.947750 -4.245021
67 -24.088485 -3.477822
68 -23.992689 -2.703727
69 -23.832979 -1.940253
70 -23.646672 -1.182830
71 -23.449705 -0.428109
72 -23.276696 0.332462
73 -23.097882 1.091689
74 -22.985611 1.863566
75 -23.012839 2.643091
76 -23.739598 2.926323
77 -23.846467 2.153679
78 -23.991176 1.387220
79 -24.122721 0.618392
80 -24.312893 -0.138070
81 -24.529215 -0.887473
