1 0.000000 0.000000
2 -0.720578 -0.298609
3 -1.442899 -0.592976
4 -2.152685 -0.916402
5 -2.797209 -1.355707
6 -3.494244 -1.705766
7 -4.197183 -2.043816
8 -4.918239 -2.341269
9 -5.606277 -2.708697
10 -6.351282 -2.939712
11 -6.811776 -3.569272
12 -6.965923 -4.333888
13 -7.043292 -5.110042
14 -7.157089 -5.881696
15 -7.226454 -6.658606
16 -7.351149 -7.428574
17 -7.381510 -8.207983
18 -7.508635 -8.977554
19 -7.597674 -9.752455
20 -7.735029 -10.520266
21 -7.752236 -11.300076
22 -7.784162 -12.079422
23 -7.739035 -12.858116
24 -7.676370 -13.635594
25 -7.496585 -14.394592
26 -7.323311 -15.155103
27 -7.069376 -15.892610
28 -6.787727 -16.619984
29 -6.485931 -17.339233
30 -6.283015 -18.092377
31 -6.007365 -18.822046
32 -5.690358 -19.534722
33 -5.281109 -20.198736
34 -4.924598 -20.892494
35 -4.488865 -21.539438
36 -4.097436 -22.214111
37 -3.744912 -22.909903
38 -3.542915 -23.663294
39 -3.336245 -24.415416
40 -3.324941 -25.195334
41 -3.350437 -25.974917
42 -3.466053 -26.746301
43 -3.629124 -27.509064
44 -3.798189 -28.270521
45 -3.634168 -29.033081
46 -3.050013 -29.549959
47 -2.302731 -29.773499
48 -1.524213 -29.821560
49 -0.750091 -29.725982
50 0.008911 -29.905749
51 0.278650 -30.637623
52 0.420137 -31.404684
53 0.574800 -32.169196
54 0.697382 -32.939504
55 0.832592 -33.707695
56 0.932981 -34.481208
57 1.099480 -35.243230
58 1.091824 -36.023193
59 1.180832 -36.798098
60 1.176059 -37.578083
61 0.984651 -38.334233
62 0.310196 -38.726038
63 -0.433901 -38.959961
64 -1.210308 -39.034739
65 -1.979875 -39.161885
66 -2.754152 -39.256201
67 -3.521028 -39.398683
68 -4.294349 -39.500539
69 -5.070370 -39.579224
70 -5.848907 -39.626969
71 -6.622444 -39.727172
72 -7.394811 -39.836032
73 -8.151389 -40.025739
74 -8.913039 -40.193934
75 -9.666210 -40.396746
76 -10.444457 -40.449018
77 -11.207005 -40.613092
78 -11.982243 -40.699153
79 -12.760058 -40.757493
80 -13.533864 -40.855599
81 -14.308848 -40.943914
82 -15.086507 -41.004297
83 -15.367786 -40.276779
84 -15.273580 -39.502489
85 -15.162513 -38.730437
86 -14.954484 -37.978690
87 -14.838645 -37.207339
88 -14.600661 -36.464531
89 -14.374547 -35.718025
90 -13.983733 -35.042995
91 -14.392377 -34.378608
92 -14.611844 -35.127096
93 -14.691302 -35.903039
94 -14.819843 -36.672374
95 -14.903882 -37.447834
96 -15.004469 -38.221321
