1 0.000000 0.000000
2 -0.055571 0.778018
3 -0.288751 1.522348
4 -0.417503 2.291648
5 -0.444140 3.071193
6 -0.291154 3.836043
7 -0.246401 4.614758
8 -0.836277 5.125098
9 -1.593900 5.310591
10 -2.367355 5.411418
11 -3.147165 5.394183
12 -3.920973 5.296098
13 -4.694436 5.195328
14 -5.450751 5.004569
15 -6.166732 4.695102
16 -6.894279 4.413897
17 -7.561608 4.010076
18 -8.295889 3.746957
19 -9.029351 3.481563
20 -9.800075 3.361627
21 -10.566284 3.215600
22 -11.345856 3.241444
23 -12.123687 3.299570
24 -12.878199 3.497335
25 -13.622130 3.731784
26 -14.346452 4.021193
27 -15.121222 4.111369
28 -15.901218 4.113809
29 -16.674601 4.012425
30 -17.451710 3.945330
31 -18.147039 3.591893
32 -18.131067 2.812056
33 -17.982018 2.046430
34 -17.799784 1.288016
35 -17.605513 0.532597
36 -17.526362 -0.243377
37 -17.357566 -1.004894
38 -17.335657 -1.784586
39 -17.195971 -2.551976
40 -17.253300 -3.329867
41 -17.284833 -4.109229
42 -17.873775 -4.620647
43 -18.653559 -4.602294
44 -19.423297 -4.476188
45 -20.191018 -4.338333
46 -20.953332 -4.173173
47 -21.717831 -4.018443
48 -22.481099 -3.857750
49 -23.245197 -3.701052
50 -24.007217 -3.534543
51 -24.778883 -3.420824
52 -25.545960 -3.279430
53 -26.325247 -3.246085
54 -27.101747 -3.172274
55 -27.874718 -3.067798
56 -28.642837 -2.932176
57 -29.410466 -2.793809
58 -30.169049 -2.612280
59 -30.938033 -2.481651
60 -31.687881 -2.266879
61 -32.461830 -2.169911
62 -32.870449 -2.834314
63 -32.974684 -3.607318
64 -33.048849 -4.383784
65 -33.126790 -5.159880
66 -33.534429 -5.824884
67 -34.301645 -5.684240
68 -35.056021 -5.485956
69 -35.835883 -5.500630
70 -36.615338 -5.471478
71 -37.395171 -5.487632
72 -38.157075 -5.320593
73 -38.932699 -5.238091
74 -39.705999 -5.136070
75 -40.446751 -4.891764
76 -41.146015 -4.546178
77 -41.916017 -4.421689
78 -42.675089 -4.601159
79 -43.391059 -4.910654
80 -43.844182 -5.545539
81 -43.122338 -5.250004
82 -42.362938 -5.071927
83 -41.601341 -5.240362
84 -40.821498 -5.256011
