1 0.000000 0.000000
2 -0.079947 0.775892
3 -0.326738 1.515820
4 -0.490097 2.278522
5 -0.461103 3.057983
6 -0.426363 3.837209
7 -0.487776 4.614788
8 -1.174021 4.985554
9 -1.925321 5.195192
10 -2.705321 5.195842
11 -3.485312 5.199510
12 -4.252599 5.059255
13 -5.019413 4.916444
14 -5.735552 4.607339
15 -6.468268 4.339894
16 -7.176393 4.012847
17 -7.932994 3.823232
18 -8.631356 3.475826
19 -9.368589 3.221095
20 -10.108624 2.974625
21 -10.888543 2.963379
22 -11.666302 2.904292
23 -12.444644 2.955130
24 -13.219337 3.045959
25 -13.959014 3.293503
26 -14.702782 3.528470
27 -15.477893 3.615664
28 -16.256089 3.562641
29 -17.035798 3.541362
30 -17.805345 3.414092
31 -18.526605 3.117133
32 -18.631693 2.344245
33 -18.492409 1.576782
34 -18.194152 0.856058
35 -18.044014 0.090644
36 -17.875279 -0.670887
37 -17.813291 -1.448419
38 -17.708307 -2.221322
39 -17.684761 -3.000967
40 -17.575477 -3.773273
41 -17.662470 -4.548407
42 -18.332395 -4.947906
43 -19.107366 -4.859476
44 -19.870175 -4.696618
45 -20.627772 -4.511018
46 -21.384988 -4.323873
47 -22.144489 -4.146225
48 -22.901908 -3.959903
49 -23.674086 -3.849714
50 -24.450910 -3.779401
51 -25.212340 -3.610211
52 -25.990347 -3.554497
53 -26.764807 -3.461692
54 -27.544293 -3.433393
55 -28.318262 -3.336582
56 -29.093595 -3.251385
57 -29.855908 -3.086223
58 -30.622398 -2.941676
59 -31.378669 -2.750748
60 -32.141228 -2.586725
61 -32.912704 -2.471722
62 -33.543665 -2.930294
63 -33.737352 -3.685863
64 -33.762980 -4.465442
65 -33.791822 -5.244909
66 -33.985526 -6.000474
67 -34.765357 -6.016727
68 -35.526178 -5.844823
69 -36.300673 -5.752316
70 -37.080431 -5.771770
71 -37.859857 -5.801688
72 -38.636443 -5.728796
73 -39.389403 -5.525200
74 -40.169397 -5.528185
75 -40.911610 -5.288349
76 -41.655518 -5.053826
77 -42.398070 -4.815046
78 -43.175675 -4.876126
79 -43.926088 -5.088916
80 -44.582055 -5.510944
81 -44.361185 -6.259019
82 -43.631323 -5.983881
83 -42.920686 -5.662329
84 -42.144008 -5.590417
85 -41.375911 -5.726161
