1 0.000000 0.000000
2 0.172575 -0.760669
3 0.359800 -1.517866
4 0.412053 -2.296114
5 0.449575 -3.075211
6 0.561119 -3.847194
7 0.500400 -4.624827
8 0.385747 -5.396355
9 0.358071 -6.175863
10 0.920262 -6.716550
11 1.080702 -5.953229
12 1.134645 -5.175096
13 1.096745 -4.396018
14 0.941947 -3.631532
15 0.889407 -2.853304
16 0.727576 -2.090277
17 0.432822 -1.368113
18 0.324986 -0.595603
19 0.413008 0.179414
20 0.454770 0.958295
21 0.336454 1.729270
22 -0.413079 1.945140
23 -1.190000 2.014385
24 -1.964332 1.920524
25 -2.714434 1.706639
26 -3.452496 1.454321
27 -4.181947 1.178094
28 -4.840605 0.760279
29 -5.499797 0.343306
30 -6.154533 -0.080628
31 -6.807535 -0.507230
32 -7.456068 -0.940594
33 -8.169101 -1.256797
34 -8.890660 -1.553028
35 -9.648526 -1.737525
36 -10.401215 -1.942119
37 -11.181143 -1.931542
38 -11.959661 -1.883480
39 -12.716818 -1.696093
40 -13.481268 -1.541123
41 -14.257369 -1.463231
42 -15.034745 -1.527162
43 -15.806927 -1.637320
44 -16.554862 -1.858662
45 -17.278012 -2.150988
46 -17.536390 -2.886951
47 -17.437594 -3.660668
48 -17.281410 -4.424872
49 -17.195588 -5.200136
50 -17.111665 -5.975608
51 -17.086376 -6.755198
52 -17.001816 -7.530601
53 -17.010183 -8.310556
54 -17.004207 -9.090533
55 -17.025189 -9.870251
56 -17.636385 -10.354854
57 -18.414180 -10.413454
58 -19.194161 -10.418885
59 -19.966192 -10.307671
60 -20.744846 -10.261859
61 -21.519903 -10.174192
62 -22.299903 -10.174827
63 -23.076487 -10.101903
64 -23.849801 -9.999997
65 -24.585587 -9.741116
66 -24.979057 -9.067632
67 -24.977607 -8.287633
68 -24.887195 -7.512891
69 -24.729839 -6.748928
70 -24.542521 -5.991754
71 -24.332271 -5.240625
72 -24.186216 -4.474422
73 -23.999256 -3.717160
74 -23.955030 -2.938414
75 -24.440358 -2.327795
76 -24.586022 -3.094073
77 -24.734820 -3.859748
78 -24.962705 -4.605717
79 -25.143663 -5.364435
80 -25.291884 -6.130223
81 -25.429269 -6.898028
