1 0.000000 0.000000
2 0.779578 0.025640
3 1.546012 0.170485
4 2.305397 0.348623
5 3.050801 0.578349
6 3.810398 0.755583
7 4.553557 0.992468
8 5.325789 1.102276
9 6.093417 1.240650
10 6.873392 1.234380
11 7.652732 1.266447
12 8.395049 1.505959
13 8.597817 2.259142
14 8.417366 3.017982
15 8.098276 3.729727
16 7.987400 4.501807
17 7.855575 5.270586
18 7.773788 6.046287
19 7.856102 6.821931
20 7.860553 7.601918
21 7.605428 8.339015
22 7.575114 9.118425
23 7.625988 9.896765
24 7.675220 10.675209
25 7.672164 11.455203
26 7.818824 12.221291
27 7.708669 12.993474
28 7.453369 13.730510
29 6.895336 14.275486
30 6.353293 14.836369
31 6.037483 15.549576
32 5.942302 16.323747
33 5.869839 17.100374
34 5.839739 17.879793
35 5.798869 18.658721
36 5.776482 19.438400
37 5.803071 20.217946
38 5.913263 20.990124
39 5.534752 21.672128
40 5.443042 22.446717
41 5.419707 23.226368
42 5.432626 24.006261
43 5.563618 24.775183
44 5.733806 25.536390
45 5.831917 26.310195
46 6.005450 27.070646
47 5.582578 27.726069
48 4.831338 27.516218
49 4.113628 27.210778
50 3.372291 26.968251
51 2.638382 26.704098
52 1.899666 26.453700
53 1.151480 26.233207
54 0.399827 26.024837
55 -0.324790 25.736168
56 -1.055570 25.463477
57 -1.720456 25.055644
58 -2.424028 24.718915
59 -3.089877 24.312658
60 -3.764880 23.921799
61 -4.416951 23.493776
62 -5.048938 23.036619
63 -5.693676 22.597628
64 -6.390811 22.247767
65 -7.107177 21.939190
66 -7.843685 21.682371
67 -8.504737 21.268354
68 -9.197269 20.909467
69 -9.911320 20.595570
70 -10.629438 20.291095
71 -11.325018 19.938150
72 -12.042478 19.632126
73 -12.766778 19.342663
74 -13.092075 18.633732
75 -13.259695 17.871956
76 -13.462920 17.118896
77 -13.599815 16.351003
78 -13.775663 15.591083
79 -13.881229 14.818260
80 -14.059455 14.058895
81 -14.192851 13.290386
82 -14.400536 12.538544
83 -14.527420 11.768933
84 -14.627818 10.995422
85 -14.702692 10.219024
86 -14.719376 9.439202
87 -14.635472 8.663728
88 -14.533660 7.890401
89 -14.344404 7.133710
90 -14.107966 6.390408
91 -13.788266 5.678936
92 -13.597837 4.922539
93 -13.395591 4.169215
94 -13.183880 3.418497
95 -12.809467 2.734234
96 -12.474495 2.029824
97 -12.092778 1.349609
98 -11.733173 0.657450
99 -11.327217 -0.008582
100 -11.103402 -0.755782
101 -10.896263 -1.507775
102 -10.797660 -2.281517
103 -10.740217 -3.059399
104 -10.781583 -3.838301
105 -10.824872 -4.617099
106 -10.970920 -5.383304
107 -11.126080 -6.147716
108 -11.501322 -6.831524
109 -12.206529 -7.164816
110 -12.984229 -7.224667
111 -13.742182 -7.408808
112 -14.487896 -7.637523
113 -15.196269 -7.964031
114 -15.930987 -8.225927
115 -16.652199 -8.523000
116 -17.413875 -8.691079
117 -18.179468 -8.840301
118 -18.946248 -8.983297
119 -19.718154 -9.095376
120 -20.491192 -9.199361
121 -21.247672 -9.389461
122 -22.010250 -9.553393
123 -22.781106 -9.672479
124 -23.559665 -9.719876
125 -24.339591 -9.730567
126 -25.118913 -9.763101
127 -25.861049 -10.003170
128 -26.581891 -10.301141
129 -27.355406 -10.401515
130 -27.787182 -9.751923
131 -27.793687 -8.971951
132 -27.679133 -8.200408
133 -27.562993 -7.429103
134 -27.340372 -6.681547
135 -27.105285 -5.937817
136 -26.762912 -5.236975
137 -26.396397 -4.548450
138 -26.028438 -3.860695
139 -25.796637 -3.115935
140 -25.516476 -2.387986
141 -25.304558 -1.637326
142 -24.999208 -0.919578
143 -24.752469 -0.179632
144 -24.540833 0.571108
145 -24.392301 1.336835
146 -24.141850 2.075533
147 -23.861714 2.803491
148 -23.389594 3.424380
149 -22.971564 4.082902
150 -22.573864 4.753897
151 -22.242735 5.460122
152 -21.832212 6.123350
153 -21.361314 6.745165
154 -20.861051 7.343611
155 -20.440753 8.000687
156 -19.931513 8.591513
157 -19.373390 9.136397
158 -18.876878 9.737959
159 -18.355885 10.318446
160 -17.858759 10.919500
161 -17.529105 11.626415
162 -17.034337 12.229411
163 -16.620209 12.890394
164 -15.993170 13.354314
165 -15.220088 13.250659
166 -14.483108 12.995198
167 -13.710820 12.885789
168 -12.945328 12.736048
169 -12.172878 12.627782
170 -11.426645 12.400766
