1 0.000000 0.000000
2 -0.664408 0.408609
3 -1.259830 0.912468
4 -1.909095 1.344734
5 -2.531774 1.814491
6 -3.134233 2.309913
7 -3.737251 2.804654
8 -4.367999 3.263520
9 -5.025013 3.683915
10 -5.746074 3.981356
11 -6.428810 4.358545
12 -6.690716 5.093259
13 -6.511294 5.852343
14 -6.324719 6.609700
15 -6.110332 7.359659
16 -5.938480 8.120491
17 -5.743395 8.875701
18 -5.539990 9.628713
19 -5.258729 10.356238
20 -4.871905 11.033561
21 -4.592654 11.761860
22 -4.345469 12.501657
23 -4.087684 13.237827
24 -3.851958 13.981355
25 -3.602629 14.720432
26 -3.418830 15.478467
27 -3.196484 16.226105
28 -2.977811 16.974825
29 -2.566358 17.637477
30 -2.195626 18.323740
31 -1.918455 19.052833
32 -1.652059 19.785931
33 -1.371535 20.513741
34 -1.046478 21.222781
35 -0.704239 21.923689
36 -0.384939 22.635340
37 0.015642 23.304620
38 0.449992 23.952493
39 0.839051 24.628535
40 1.194670 25.322751
41 1.537216 26.023509
42 1.864740 26.731413
43 2.218679 27.426487
44 2.550758 28.132265
45 3.103029 28.683080
46 3.835419 28.951419
47 4.613599 28.898168
48 5.393202 28.923045
49 6.123005 29.198339
50 6.852733 29.473834
51 7.591981 29.722657
52 8.336129 29.956417
53 9.077741 30.198102
54 9.821520 30.433032
55 10.542651 30.730303
56 11.288394 30.958923
57 12.037658 31.175727
58 12.747448 31.499145
59 13.391728 31.938807
60 14.052433 32.353377
61 14.731222 32.737624
62 15.479482 32.957867
63 16.253162 33.056957
64 17.027296 32.961475
65 17.805514 33.014166
66 18.575539 32.889819
67 18.247218 32.182285
68 17.930526 31.469469
69 17.755625 30.709331
70 17.632430 29.939121
71 17.447441 29.181375
72 17.373274 28.404909
73 17.195279 27.645490
74 16.982399 26.895102
75 16.796706 26.137528
76 16.704005 25.363056
77 16.555852 24.597256
78 16.595534 23.818266
79 16.763701 23.056610
80 17.088127 22.347281
81 17.490512 21.679084
82 17.988788 21.078983
83 18.470384 20.465415
84 18.859169 19.789216
85 19.362954 19.193732
86 19.930851 18.659043
87 20.512746 18.139622
88 21.094540 17.620088
89 21.705403 17.135065
90 22.316749 16.650651
91 22.772398 16.017576
92 23.102275 15.310766
93 23.330796 14.564993
94 23.373677 13.786172
95 23.350569 13.006515
96 23.235452 12.235056
97 23.110115 11.465192
98 23.219360 10.692880
99 23.966414 10.468577
100 24.745323 10.509812
101 25.523483 10.563358
102 26.275932 10.768832
103 26.998703 11.062093
104 27.716947 11.366275
105 28.447394 11.639858
106 29.196905 11.855804
107 29.960342 12.015692
108 30.740192 12.030979
109 31.520175 12.036075
110 32.294627 12.128943
111 33.061003 12.274090
112 33.796052 12.535057
113 34.494254 12.882784
114 35.203848 13.206630
115 35.872818 13.607727
116 36.499758 14.071782
117 37.119577 14.545305
118 37.748749 15.006328
119 38.315812 15.541902
120 38.917849 16.037836
121 39.564107 16.474587
122 40.253764 16.838967
123 40.918264 17.247428
124 41.276023 17.940543
125 41.193640 18.716181
126 41.145772 19.494710
127 41.142614 20.274704
128 41.108887 21.053974
129 41.216803 21.826473
130 41.350623 22.594908
131 41.428201 23.371040
132 41.466653 24.150092
133 41.551623 24.925450
134 41.698710 25.691456
135 41.832403 26.459913
136 41.966111 27.228368
137 42.058936 28.002825
138 42.084900 28.782392
139 41.965179 29.553150
140 41.788855 30.312959
141 41.591969 31.067701
142 41.572775 31.847465
143 41.556531 32.627296
144 41.592040 33.406487
145 41.575179 34.186305
146 41.583514 34.966260
147 41.601578 35.746051
148 41.671866 36.522878
149 41.714223 37.301727
150 41.743900 38.081162
151 41.815511 38.857868
152 41.886133 39.634664
153 42.070030 40.392676
154 42.224113 41.157305
155 42.332635 41.929719
156 42.404107 42.706438
157 42.136887 43.439236
158 41.623751 44.026681
159 40.863516 44.201159
160 40.098103 44.351300
161 39.392364 44.683463
162 38.719504 45.078001
163 38.058397 45.491929
164 37.365884 45.850853
165 36.649929 46.160382
166 35.909230 46.404851
167 35.160475 46.623404
168 34.417639 46.861301
