1 0.000000 0.000000
2 -0.744492 -0.232661
3 -1.461646 -0.539404
4 -2.159821 -0.887183
5 -2.867223 -1.215791
6 -3.601008 -1.480290
7 -4.307661 -1.810504
8 -5.035892 -2.089932
9 -5.748783 -2.406453
10 -6.139390 -3.081602
11 -6.259265 -3.852336
12 -6.418320 -4.615947
13 -6.481869 -5.393354
14 -6.575200 -6.167750
15 -6.609446 -6.946997
16 -6.731826 -7.717337
17 -6.829471 -8.491201
18 -6.971751 -9.258115
19 -7.096565 -10.028064
20 -7.209013 -10.799916
21 -7.253180 -11.578664
22 -7.354336 -12.352077
23 -7.264448 -13.126880
24 -7.153982 -13.899019
25 -6.961898 -14.654997
26 -6.734372 -15.401075
27 -6.443641 -16.124867
28 -6.233805 -16.876112
29 -6.023787 -17.627306
30 -5.787006 -18.370498
31 -5.457865 -19.077652
32 -5.157714 -19.797589
33 -4.762416 -20.470002
34 -4.360419 -21.138432
35 -3.980583 -21.819699
36 -3.723964 -22.556277
37 -3.526324 -23.310822
38 -3.448673 -24.086947
39 -3.383059 -24.864182
40 -3.467989 -25.639545
41 -3.525097 -26.417451
42 -3.679387 -27.182039
43 -3.623600 -27.960042
44 -3.119402 -28.555175
45 -2.401906 -28.861116
46 -1.645084 -29.049849
47 -0.865564 -29.022485
48 -0.093469 -29.133250
49 0.315263 -29.797583
50 0.458921 -30.564240
51 0.592894 -31.332648
52 0.694541 -32.105997
53 0.786358 -32.880574
54 0.812900 -33.660122
55 0.898712 -34.435387
56 0.950159 -35.213689
57 0.984127 -35.992949
58 0.901764 -36.768588
59 0.355611 -37.325469
60 -0.397731 -37.527650
61 -1.170059 -37.636778
62 -1.949471 -37.667056
63 -2.716690 -37.807678
64 -3.490400 -37.906538
65 -4.253315 -38.068898
66 -5.027728 -38.162090
67 -5.801608 -38.259604
68 -6.579536 -38.316426
69 -7.347405 -38.453456
70 -8.116340 -38.584373
71 -8.866648 -38.797534
72 -9.633470 -38.940305
73 -10.397631 -39.096695
74 -11.164513 -39.239145
75 -11.921154 -39.428605
76 -12.696096 -39.517289
77 -13.465010 -39.648330
78 -14.244524 -39.675834
79 -15.002606 -39.492226
80 -15.136663 -38.723832
81 -15.073574 -37.946388
82 -14.859767 -37.196263
83 -14.719876 -36.428910
84 -14.560494 -35.665368
85 -14.356092 -34.912626
86 -14.079627 -34.183265
87 -13.846113 -33.439040
88 -14.241611 -32.766744
89 -14.461922 -33.514984
90 -14.574935 -34.286754
91 -14.737473 -35.049631
92 -14.857069 -35.820408
93 -15.028617 -36.581309
94 -15.095780 -37.358412
95 -15.208156 -38.130275
