1 0.000000 0.000000
2 -0.244761 -0.740602
3 -0.506769 -1.475280
4 -0.668647 -2.238298
5 -0.921911 -2.976036
6 -1.052689 -3.744994
7 -1.207148 -4.509548
8 -1.170025 -5.288664
9 -0.688346 -5.902166
10 0.088372 -5.830687
11 0.865762 -5.766935
12 1.645242 -5.738465
13 2.412854 -5.876926
14 3.189516 -5.949018
15 3.964875 -6.033976
16 4.744229 -6.002245
17 5.520978 -6.073392
18 6.300832 -6.058301
19 7.080601 -6.039331
20 7.854137 -5.939118
21 8.625863 -5.825814
22 9.401588 -5.744260
23 10.161222 -5.567181
24 10.901566 -5.321641
25 11.654648 -5.118495
26 12.424904 -4.995591
27 13.202828 -5.052464
28 13.979917 -4.985137
29 14.759589 -4.962536
30 15.536184 -4.889736
31 16.313505 -4.825144
32 17.056368 -4.587330
33 17.807819 -4.378235
34 18.496511 -4.744436
35 18.632798 -5.512438
36 18.768212 -6.280593
37 18.801916 -7.059865
38 18.950004 -7.825678
39 18.971168 -8.605391
40 19.061485 -9.380144
41 19.071637 -10.160078
42 19.128704 -10.937988
43 19.093442 -11.717190
44 19.423799 -12.423776
45 20.203652 -12.408640
46 20.939772 -12.150710
47 21.684801 -11.919774
48 22.421617 -11.663839
49 23.172232 -11.451760
50 23.925585 -11.249624
51 24.683701 -11.066155
52 25.418138 -10.803474
53 26.161611 -10.567576
54 26.857202 -10.214654
55 27.572543 -9.903709
56 28.299664 -9.621405
57 29.044962 -9.391338
58 29.777689 -9.123923
59 30.512626 -8.862642
60 31.250156 -8.608774
61 32.021351 -8.491902
62 32.775121 -8.692479
63 32.662282 -9.464274
64 32.528604 -10.232733
65 32.799683 -10.964113
66 33.051867 -11.702221
67 33.828466 -11.774985
68 34.593177 -11.621308
69 35.364586 -11.505858
70 36.117889 -11.303536
71 36.887488 -11.176580
72 37.662849 -11.091641
73 38.440679 -11.033498
74 39.212504 -10.920869
75 39.989292 -10.850151
76 40.748109 -10.669603
77 41.520945 -10.564135
78 42.248348 -10.282560
79 42.253522 -9.502577
80 41.477683 -9.422113
81 40.697733 -9.430923
82 39.920850 -9.361259
