1 0.000000 0.000000
2 -0.721927 -0.295332
3 -1.436433 -0.608193
4 -2.155803 -0.909699
5 -2.823508 -1.312899
6 -3.550661 -1.595121
7 -4.252787 -1.934854
8 -4.999073 -2.161697
9 -5.720793 -2.457534
10 -6.458804 -2.710001
11 -6.782731 -3.419559
12 -6.976171 -4.175191
13 -7.111566 -4.943350
14 -7.276125 -5.705794
15 -7.375643 -6.479419
16 -7.512007 -7.247407
17 -7.574851 -8.024871
18 -7.661543 -8.800039
19 -7.778687 -9.571192
20 -7.925033 -10.337340
21 -7.970193 -11.116031
22 -8.044224 -11.892510
23 -8.001304 -12.671328
24 -7.887062 -13.442917
25 -7.729932 -14.206926
26 -7.539711 -14.963376
27 -7.224374 -15.676792
28 -6.998926 -16.423500
29 -6.762543 -17.166819
30 -6.574460 -17.923803
31 -6.311718 -18.658219
32 -6.001663 -19.373947
33 -5.575870 -20.027475
34 -5.173284 -20.695551
35 -4.708907 -21.322252
36 -4.417139 -22.045627
37 -4.147700 -22.777612
38 -4.027333 -23.548269
39 -3.931568 -24.322368
40 -3.940184 -25.102320
41 -3.966688 -25.881870
42 -4.160381 -26.637438
43 -4.307471 -27.403444
44 -4.236585 -28.180216
45 -3.612680 -28.648343
46 -2.897186 -28.958936
47 -2.127005 -29.082307
48 -1.348355 -29.128182
49 -0.568364 -29.124403
50 0.084033 -29.551928
51 0.206227 -30.322297
52 0.370976 -31.084700
53 0.509871 -31.852234
54 0.591909 -32.627908
55 0.723114 -33.396793
56 0.821964 -34.170504
57 0.900506 -34.946540
58 0.933910 -35.725824
59 0.991225 -36.503716
60 0.871206 -37.274427
61 0.236896 -37.728356
62 -0.525731 -37.892060
63 -1.294828 -38.022020
64 -2.074781 -38.030601
65 -2.850286 -38.114223
66 -3.627317 -38.182211
67 -4.393853 -38.326513
68 -5.170088 -38.403059
69 -5.936519 -38.547913
70 -6.713873 -38.612110
71 -7.480945 -38.753532
72 -8.239805 -38.933899
73 -8.984392 -39.166257
74 -9.751093 -39.309677
75 -10.509187 -39.493233
76 -11.281574 -39.601949
77 -12.050006 -39.735782
78 -12.823296 -39.837872
79 -13.587606 -39.993536
80 -14.361098 -40.094079
81 -15.140695 -40.069008
82 -15.375567 -39.325210
83 -15.258960 -38.553975
84 -15.103537 -37.789617
85 -14.994086 -37.017334
86 -14.863782 -36.248295
87 -14.813817 -35.469897
88 -14.544866 -34.737732
89 -14.291266 -34.000110
90 -14.171823 -33.229309
91 -14.366497 -33.984625
92 -14.436136 -34.761510
93 -14.566940 -35.530465
94 -14.658040 -36.305126
95 -14.804626 -37.071228
