1 0.000000 0.000000
2 -0.642195 0.442702
3 -1.225758 0.960249
4 -1.851452 1.425981
5 -2.474993 1.894592
6 -3.074072 2.394097
7 -3.622034 2.949198
8 -4.195316 3.478110
9 -4.851330 3.900065
10 -5.565853 4.212886
11 -6.100829 4.780513
12 -5.976160 5.550485
13 -5.794180 6.308959
14 -5.543551 7.047597
15 -5.293518 7.786436
16 -5.066014 8.532521
17 -4.850848 9.282256
18 -4.608072 10.023512
19 -4.177532 10.673924
20 -3.860657 11.386658
21 -3.574022 12.112082
22 -3.298601 12.841838
23 -3.005023 13.564480
24 -2.794946 14.315658
25 -2.534718 15.050968
26 -2.305566 15.796548
27 -2.115304 16.552987
28 -1.712496 17.220929
29 -1.397212 17.934368
30 -1.084864 18.649098
31 -0.816673 19.381542
32 -0.501328 20.094954
33 -0.138017 20.785176
34 0.188663 21.493469
35 0.505251 22.206331
36 0.851114 22.905458
37 1.294240 23.547361
38 1.684385 24.222777
39 2.086899 24.890896
40 2.432806 25.590001
41 2.744474 26.305028
42 3.047037 27.023955
43 3.393385 27.722842
44 3.920510 28.297767
45 4.665535 28.528716
46 5.431708 28.674932
47 6.186370 28.872124
48 6.911725 29.158936
49 7.653656 29.399640
50 8.405551 29.607132
51 9.171609 29.753948
52 9.910155 30.004848
53 10.659407 30.221691
54 11.402613 30.458430
55 12.165695 30.620001
56 12.909158 30.855932
57 13.630362 31.153026
58 14.336929 31.483423
59 15.028535 31.844091
60 15.733671 32.177532
61 16.500542 32.320044
62 17.275234 32.229203
63 18.054632 32.259845
64 18.834632 32.260019
65 19.358497 31.682122
66 19.054345 30.963866
67 18.745787 30.247492
68 18.524458 29.499552
69 18.326908 28.744984
70 18.182950 27.978383
71 17.990934 27.222387
72 17.857107 26.453954
73 17.640622 25.704598
74 17.538324 24.931335
75 17.443239 24.157153
76 17.416740 23.377603
77 17.360178 22.599656
78 17.474124 21.828024
79 17.691904 21.079043
80 18.121354 20.427912
81 18.700470 19.905394
82 19.306943 19.414894
83 19.850512 18.855489
84 20.376549 18.279568
85 20.943989 17.744394
86 21.562058 17.268589
87 22.193673 16.810918
88 22.869095 16.420783
89 23.478360 15.933756
90 23.999032 15.352980
91 24.376935 14.670639
92 24.574582 13.916095
93 24.748033 13.155625
94 24.752972 12.375641
95 24.534716 11.626799
96 24.433858 10.853347
97 24.758998 10.144345
98 25.536416 10.080929
99 26.315604 10.116499
100 27.069392 10.317006
101 27.791456 10.612006
102 28.524722 10.877938
103 29.245024 11.177214
104 29.982080 11.432454
105 30.757410 11.517686
106 31.535712 11.569121
107 32.315391 11.546754
108 33.095267 11.560674
109 33.863681 11.694615
110 34.621906 11.877628
111 35.372287 12.090536
112 36.074607 12.429868
113 36.768006 12.787076
114 37.434134 13.192877
115 38.082807 13.626031
116 38.717216 14.079821
117 39.346041 14.541317
118 39.951502 15.033067
119 40.610625 15.450148
120 41.318482 15.777772
121 41.989494 16.175444
122 42.419417 16.826264
123 42.428814 17.606207
124 42.437524 18.386159
125 42.472417 19.165378
126 42.516457 19.944134
127 42.659275 20.710947
128 42.813261 21.475596
129 42.949092 22.243678
130 43.050690 23.017033
131 43.160138 23.789316
132 43.258745 24.563058
133 43.415729 25.327098
134 43.596966 26.085750
135 43.727364 26.854773
136 43.828083 27.628243
137 43.787029 28.407161
138 43.598519 29.164039
139 43.469319 29.933264
140 43.493143 30.712900
141 43.558389 31.490167
142 43.580921 32.269841
143 43.682011 33.043263
144 43.755199 33.819821
145 43.864063 34.592187
146 44.017841 35.356878
147 44.029631 36.136789
148 44.023636 36.916766
149 44.095849 37.693416
150 44.209421 38.465103
151 44.343030 39.233575
152 44.444418 40.006957
153 44.600913 40.771097
154 44.710927 41.543299
155 44.567542 42.310007
156 43.843411 42.599892
157 43.077983 42.749963
158 42.354036 43.040307
159 41.683271 43.438397
160 41.059256 43.906375
161 40.408093 44.335779
162 39.704008 44.671434
163 39.023561 45.052737
164 38.287091 45.309665
165 37.544631 45.548731
166 36.811150 45.814073
