1 0.000000 0.000000
2 -0.709560 -0.323921
3 -1.425730 -0.632952
4 -2.114044 -0.999863
5 -2.818653 -1.334418
6 -3.509609 -1.696329
7 -4.230775 -1.993515
8 -4.920149 -2.358430
9 -5.644814 -2.646980
10 -6.369308 -2.935957
11 -6.679299 -3.651712
12 -6.770313 -4.426384
13 -6.891800 -5.196865
14 -6.990552 -5.970589
15 -7.121220 -6.739566
16 -7.148830 -7.519077
17 -7.292086 -8.285809
18 -7.371005 -9.061806
19 -7.512599 -9.828847
20 -7.562941 -10.607220
21 -7.670742 -11.379735
22 -7.740158 -12.156640
23 -7.809631 -12.933540
24 -7.697396 -13.705423
25 -7.559404 -14.473120
26 -7.317057 -15.214516
27 -7.066034 -15.953019
28 -6.805201 -16.688115
29 -6.615899 -17.444795
30 -6.404191 -18.195515
31 -6.145991 -18.931540
32 -5.793245 -19.627220
33 -5.468812 -20.336545
34 -5.069913 -21.006829
35 -4.712070 -21.699900
36 -4.345483 -22.388387
37 -4.158112 -23.145548
38 -3.980339 -23.905019
39 -3.934289 -24.683658
40 -3.942924 -25.463611
41 -4.061226 -26.234587
42 -4.166823 -27.007406
43 -4.336471 -27.768734
44 -4.326817 -28.548674
45 -3.691007 -29.000499
46 -2.939692 -29.210084
47 -2.185478 -29.408985
48 -1.405505 -29.402550
49 -0.625537 -29.395463
50 0.133886 -29.573440
51 0.291832 -30.337281
52 0.458700 -31.099223
53 0.547011 -31.874207
54 0.669637 -32.644508
55 0.732599 -33.421963
56 0.845742 -34.193713
57 0.884441 -34.972753
58 0.919521 -35.751963
59 0.907255 -36.531867
60 0.902032 -37.311849
61 0.640944 -38.046855
62 -0.011603 -38.474152
63 -0.787776 -38.551324
64 -1.560190 -38.659845
65 -2.337911 -38.719429
66 -3.109227 -38.835498
67 -3.884504 -38.921203
68 -4.653187 -39.053591
69 -5.430519 -39.118041
70 -6.198635 -39.253684
71 -6.978448 -39.236603
72 -7.361788 -38.557302
73 -7.265582 -37.783258
74 -7.125773 -37.015890
75 -6.991116 -36.247602
76 -6.811336 -35.488603
77 -6.668975 -34.721704
78 -6.385775 -33.994932
79 -6.066131 -33.283435
80 -5.800239 -32.550154
81 -6.293202 -31.945681
82 -6.381406 -32.720678
83 -6.509503 -33.490087
84 -6.649644 -34.257395
85 -6.749870 -35.030929
