1 0.000000 0.000000
2 0.203028 -0.753113
3 0.490001 -1.478404
4 0.665879 -2.238316
5 0.738917 -3.014889
6 0.891968 -3.779726
7 0.909010 -4.559540
8 0.889801 -5.339303
9 0.756940 -6.107905
10 0.799774 -6.886728
11 1.579648 -6.900713
12 1.745255 -6.138497
13 1.879557 -5.370146
14 1.951180 -4.593441
15 1.920590 -3.814041
16 1.853054 -3.036970
17 1.874377 -2.257262
18 1.695523 -1.498044
19 1.464802 -0.752949
20 1.411161 0.025205
21 1.495069 0.800678
22 1.492818 1.580675
23 1.311923 2.339409
24 0.607722 2.674819
25 -0.149604 2.861522
26 -0.929441 2.845575
27 -1.708291 2.803233
28 -2.480571 2.693762
29 -3.234589 2.494122
30 -3.974148 2.246226
31 -4.694284 1.946553
32 -5.411810 1.640682
33 -6.158446 1.414995
34 -6.890649 1.146149
35 -7.639923 0.929379
36 -8.401555 0.761105
37 -9.177938 0.686076
38 -9.957915 0.680050
39 -10.725018 0.821307
40 -11.475141 1.035117
41 -12.212443 1.289646
42 -12.979141 1.433084
43 -13.759103 1.440762
44 -14.528582 1.313081
45 -15.304076 1.229360
46 -16.065021 1.058004
47 -16.310930 0.317782
48 -16.149468 -0.445324
49 -15.964915 -1.203176
50 -15.707769 -1.939570
51 -15.543492 -2.702075
52 -15.405638 -3.469796
53 -15.319493 -4.245024
54 -15.210643 -5.017392
55 -15.123435 -5.792502
56 -15.148628 -6.572095
57 -15.784854 -7.023333
58 -16.564475 -6.999014
59 -17.328320 -6.841087
60 -18.088775 -6.667570
61 -18.842449 -6.466633
62 -19.597846 -6.272277
63 -20.370673 -6.166736
64 -21.141326 -6.046346
65 -21.897364 -5.854494
66 -22.651759 -5.656282
67 -23.193285 -5.094900
68 -23.177622 -4.315057
69 -23.030083 -3.549138
70 -22.867896 -2.786186
71 -22.710086 -2.022317
72 -22.525363 -1.264506
73 -22.370620 -0.500010
74 -22.198957 0.260866
75 -22.281132 1.036525
76 -22.433024 0.271457
77 -22.538458 -0.501384
78 -22.688273 -1.266861
79 -22.802690 -2.038424
