1 0.000000 0.000000
2 -0.637642 0.449236
3 -1.236288 0.949259
4 -1.822805 1.463455
5 -2.410858 1.975894
6 -3.012167 2.472711
7 -3.569311 3.018597
8 -4.178191 3.506105
9 -4.797184 3.980708
10 -5.503696 4.311225
11 -6.157905 4.735972
12 -6.392727 5.479786
13 -6.264472 6.249169
14 -6.076826 7.006262
15 -5.881742 7.761472
16 -5.701660 8.520399
17 -5.467264 9.264347
18 -5.246911 10.012574
19 -4.931547 10.725979
20 -4.564902 11.414435
21 -4.299543 12.147909
22 -4.062048 12.890873
23 -3.809458 13.628842
24 -3.605337 14.381660
25 -3.375537 15.127040
26 -3.179653 15.882043
27 -3.007509 16.642811
28 -2.747328 17.378137
29 -2.349379 18.048985
30 -2.034566 18.762632
31 -1.730134 19.480770
32 -1.443242 20.206093
33 -1.100366 20.906689
34 -0.733004 21.594763
35 -0.363243 22.281550
36 -0.035709 22.989450
37 0.327083 23.679944
38 0.730869 24.347294
39 1.115267 25.025998
40 1.463440 25.723977
41 1.777962 26.437753
42 2.085266 27.154666
43 2.406208 27.865578
44 2.698165 28.588877
45 3.152279 29.223054
46 3.737773 29.738415
47 4.481067 29.974876
48 5.220410 30.223414
49 5.943799 30.515150
50 6.673838 30.789817
51 7.420407 31.015726
52 8.165872 31.245253
53 8.908281 31.484477
54 9.639821 31.755124
55 10.378768 32.004839
56 11.130943 32.211313
57 11.896899 32.358666
58 12.598625 32.699223
59 13.313205 33.011914
60 13.980992 33.414978
61 14.678471 33.764153
62 15.435392 33.952488
63 16.209293 34.049842
64 16.988446 34.013510
65 17.767147 34.058513
66 18.158783 33.383960
67 17.912871 32.643739
68 17.694984 31.894790
69 17.517780 31.135185
70 17.355070 30.372345
71 17.252713 29.599090
72 17.162103 28.824371
73 16.982177 28.065407
74 16.806179 27.305522
75 16.638112 26.543844
76 16.669405 25.764472
77 16.635672 24.985202
78 16.652173 24.205376
79 16.841539 23.448712
80 17.091322 22.709788
81 17.416293 22.000709
82 17.898350 21.387503
83 18.362465 20.760608
84 18.821120 20.129708
85 19.208048 19.452444
86 19.759091 18.900401
87 20.361465 18.404875
88 20.963073 17.908419
89 21.561390 17.408003
90 22.209317 16.973733
91 22.758771 16.420108
92 23.196193 15.774305
93 23.522228 15.065714
94 23.666305 14.299136
95 23.763081 13.525163
96 23.751027 12.745256
97 23.689148 11.967714
98 23.661528 11.188203
99 23.877442 10.438683
100 24.637834 10.264889
101 25.415325 10.327409
102 26.189680 10.421077
103 26.925065 10.681094
104 27.650949 10.966563
105 28.357700 11.296567
106 29.081318 11.587732
107 29.810981 11.863399
108 30.572158 12.033719
109 31.351179 12.072790
110 32.130227 12.111326
111 32.895800 12.260650
112 33.653962 12.443928
113 34.373234 12.745668
114 35.066073 13.103961
115 35.730326 13.512824
116 36.345854 13.991912
117 36.937135 14.500622
118 37.563424 14.965554
119 38.150341 15.479294
120 38.741902 15.987679
121 39.333684 16.495807
122 39.985541 16.924156
123 40.655113 17.324247
124 41.074577 17.981857
125 41.061892 18.761754
126 41.006175 19.539761
127 40.988589 20.319563
128 41.050480 21.097104
129 41.093646 21.875908
130 41.148887 22.653950
131 41.198528 23.432369
132 41.142192 24.210331
133 41.239090 24.984289
134 41.301651 25.761776
135 41.383520 26.537468
136 41.475818 27.311988
137 41.590032 28.083580
138 41.597092 28.863549
139 41.546119 29.641881
140 41.351751 30.397276
141 41.160595 31.153490
142 41.069182 31.928115
143 41.073715 32.708101
144 41.080012 33.488076
145 41.094588 34.267940
146 41.144952 35.046312
147 41.140506 35.826299
148 41.203409 36.603759
149 41.162478 37.382684
150 41.048751 38.154349
151 41.022168 38.933896
152 41.047900 39.713471
153 41.103853 40.491462
154 41.164361 41.269111
155 41.210129 42.047767
156 41.224587 42.827633
157 40.843924 43.508439
158 40.090883 43.711735
159 39.331123 43.888269
160 38.582879 44.108566
161 37.865798 44.415477
162 37.171888 44.771692
163 36.483470 45.138409
164 35.767534 45.447982
165 35.073389 45.803737
166 34.332795 46.048525
167 33.608238 46.337345
