1 0.000000 0.000000
2 -0.746264 -0.226914
3 -1.465699 -0.528267
4 -2.155497 -0.892381
5 -2.828059 -1.287426
6 -3.552018 -1.577740
7 -4.253989 -1.917795
8 -4.951662 -2.266582
9 -5.658288 -2.596854
10 -6.355377 -2.946807
11 -6.609443 -3.684269
12 -6.826832 -4.433363
13 -6.915263 -5.208334
14 -7.021286 -5.981095
15 -7.098702 -6.757244
16 -7.214079 -7.528663
17 -7.259520 -8.307338
18 -7.406871 -9.073294
19 -7.490787 -9.848766
20 -7.643136 -10.613744
21 -7.673511 -11.393152
22 -7.774584 -12.166576
23 -7.724478 -12.944965
24 -7.589678 -13.713228
25 -7.364130 -14.459906
26 -7.132177 -15.204619
27 -6.787119 -15.904144
28 -6.502401 -16.630323
29 -6.264750 -17.373238
30 -6.076154 -18.130094
31 -5.714980 -18.821436
32 -5.387497 -19.529358
33 -4.988066 -20.199325
34 -4.602368 -20.877290
35 -4.137439 -21.503582
36 -3.785115 -22.199475
37 -3.536262 -22.938713
38 -3.424781 -23.710705
39 -3.304039 -24.481303
40 -3.334902 -25.260692
41 -3.383744 -26.039162
42 -3.531967 -26.804949
43 -3.589207 -27.582846
44 -3.500248 -28.357756
45 -2.902875 -28.859299
46 -2.187319 -29.169749
47 -1.414980 -29.278799
48 -0.636528 -29.327927
49 0.138945 -29.411835
50 0.562629 -30.066734
51 0.658803 -30.840782
52 0.744929 -31.616012
53 0.927665 -32.374305
54 1.033243 -33.147127
55 1.118235 -33.922482
56 1.168774 -34.700843
57 1.262656 -35.475173
58 1.284297 -36.254872
59 1.273685 -37.034800
60 1.070952 -37.787993
61 0.417581 -38.214029
62 -0.347234 -38.367191
63 -1.114885 -38.505436
64 -1.893538 -38.551261
65 -2.661512 -38.687698
66 -3.438896 -38.751529
67 -4.208389 -38.879126
68 -4.980243 -38.991557
69 -5.754724 -39.084185
70 -6.531381 -39.012047
71 -6.935193 -38.344712
72 -6.822792 -37.572854
73 -6.678747 -36.806270
74 -6.529031 -36.040773
75 -6.365876 -35.278028
76 -6.213147 -34.513126
77 -5.988299 -33.766237
78 -5.793907 -33.010849
79 -5.560266 -32.266663
80 -6.175645 -31.787383
81 -6.327224 -32.552513
82 -6.472405 -33.318883
83 -6.608618 -34.086897
84 -6.711709 -34.860054
85 -6.886147 -35.620299
