1 0.000000 0.000000
2 0.236429 -0.743304
3 0.404388 -1.505006
4 0.448971 -2.283731
5 0.624534 -3.043716
6 0.626836 -3.823713
7 0.479556 -4.589682
8 0.312527 -5.351588
9 0.249012 -6.128998
10 0.746804 -6.729500
11 0.950348 -5.976526
12 1.080562 -5.207472
13 1.191304 -4.435373
14 1.136317 -3.657314
15 1.048071 -2.882322
16 1.071926 -2.102686
17 0.954699 -1.331546
18 0.748143 -0.579392
19 0.686613 0.198177
20 0.680264 0.978151
21 0.669972 1.758083
22 0.270722 2.428157
23 -0.476774 2.650979
24 -1.225477 2.869713
25 -2.004588 2.832486
26 -2.778524 2.735417
27 -3.554416 2.655465
28 -4.324416 2.530969
29 -5.041180 2.223315
30 -5.730031 1.857415
31 -6.410742 1.476583
32 -7.133544 1.183398
33 -7.861165 0.902386
34 -8.617882 0.713231
35 -9.382497 0.559075
36 -10.162221 0.538331
37 -10.942134 0.550000
38 -11.702277 0.724876
39 -12.454148 0.932460
40 -13.162393 1.259245
41 -13.929345 1.401319
42 -14.707396 1.456413
43 -15.482555 1.369642
44 -16.258628 1.291468
45 -17.023734 1.139770
46 -17.257583 0.395649
47 -17.095522 -0.367329
48 -16.914381 -1.126004
49 -16.709349 -1.878574
50 -16.671810 -2.657671
51 -16.486285 -3.415286
52 -16.421818 -4.192617
53 -16.291008 -4.961570
54 -16.296453 -5.741551
55 -16.284630 -6.521461
56 -16.909595 -6.988172
57 -17.689581 -6.992815
58 -18.442973 -6.790825
59 -19.198509 -6.597005
60 -19.947859 -6.380500
61 -20.720937 -6.276816
62 -21.487437 -6.132327
63 -22.256829 -6.004121
64 -23.019232 -5.839376
65 -23.761292 -5.599068
66 -24.309607 -5.044315
67 -24.260996 -4.265831
68 -24.099483 -3.502736
69 -23.945722 -2.738042
70 -23.770999 -1.977863
71 -23.570903 -1.223966
72 -23.317891 -0.486141
73 -23.154588 0.276573
74 -23.003804 1.041860
75 -23.045252 1.820758
76 -23.758511 2.136449
77 -23.853152 1.362212
78 -24.008680 0.597875
79 -24.246539 -0.144973
