1 0.000000 0.000000
2 0.354023 -0.695031
3 0.440475 -1.470225
4 0.507519 -2.247338
5 0.498197 -3.027283
6 0.496173 -3.807280
7 0.312910 -4.565446
8 0.201112 -5.337392
9 0.415646 -6.087309
10 0.704749 -5.362865
11 0.879798 -4.602761
12 0.954287 -3.826326
13 0.960681 -3.046352
14 0.831813 -2.277071
15 0.822524 -1.497127
16 0.716510 -0.724365
17 0.454799 0.010419
18 0.417442 0.789524
19 0.437052 1.569277
20 0.497535 2.346929
21 0.325489 3.107718
22 -0.316652 3.550500
23 -1.077114 3.723986
24 -1.855515 3.773897
25 -2.635438 3.762953
26 -3.406874 3.647684
27 -4.180296 3.546594
28 -4.910471 3.272289
29 -5.631895 2.975729
30 -6.340187 2.649045
31 -7.090402 2.435557
32 -7.807550 2.128800
33 -8.565546 1.944838
34 -9.328126 1.780915
35 -10.108124 1.779061
36 -10.888048 1.768153
37 -11.652326 1.923971
38 -12.406185 2.124211
39 -13.130022 2.414830
40 -13.880785 2.626386
41 -14.656177 2.711043
42 -15.431100 2.622195
43 -16.204412 2.520272
44 -16.967357 2.358053
45 -17.321789 1.663230
46 -17.285459 0.884077
47 -17.070641 0.134242
48 -16.802211 -0.598114
49 -16.635805 -1.360157
50 -16.469821 -2.122292
51 -16.498413 -2.901768
52 -16.367036 -3.670624
53 -16.354336 -4.450521
54 -16.311160 -5.229325
55 -16.510851 -5.983330
56 -17.241250 -6.257038
57 -18.005971 -6.103405
58 -18.764754 -5.922718
59 -19.502136 -5.668418
60 -20.264674 -5.504300
61 -21.024981 -5.330134
62 -21.792875 -5.193246
63 -22.540367 -4.970410
64 -23.286628 -4.743486
65 -23.893199 -4.253106
66 -23.930691 -3.474008
67 -23.835859 -2.699794
68 -23.693620 -1.932873
69 -23.516745 -1.173192
70 -23.321943 -0.417909
71 -23.139058 0.340347
72 -23.001375 1.108100
73 -22.878475 1.878356
74 -22.843813 2.657586
75 -23.492147 3.091248
76 -23.711626 2.342763
77 -23.790428 1.566754
78 -24.033835 0.825705
79 -24.256544 0.078176
