1 0.000000 0.000000
2 -0.680460 0.381280
3 -1.291968 0.865488
4 -1.930993 1.312754
5 -2.586458 1.735562
6 -3.195563 2.222790
7 -3.791045 2.726576
8 -4.388155 3.228432
9 -5.017551 3.689151
10 -5.724106 4.019573
11 -6.369631 4.457406
12 -6.560078 5.213799
13 -6.385799 5.974080
14 -6.207818 6.733503
15 -6.018431 7.490161
16 -5.788866 8.235614
17 -5.556543 8.980212
18 -5.332283 9.727278
19 -5.069187 10.461567
20 -4.666570 11.129623
21 -4.408345 11.865640
22 -4.163477 12.606207
23 -3.886630 13.335423
24 -3.673672 14.085789
25 -3.427894 14.826054
26 -3.223991 15.578931
27 -3.050504 16.339393
28 -2.819942 17.084538
29 -2.416910 17.752344
30 -2.063001 18.447433
31 -1.709287 19.142621
32 -1.430096 19.870943
33 -1.072937 20.564367
34 -0.746390 21.272722
35 -0.381231 21.961967
36 -0.095731 22.687839
37 0.252511 23.385784
38 0.690081 24.031487
39 1.095062 24.698114
40 1.433167 25.401025
41 1.797441 26.090739
42 2.118125 26.801767
43 2.445996 27.509511
44 2.734386 28.234239
45 3.500879 28.378764
46 4.249221 28.598728
47 4.964873 28.908958
48 5.681663 29.216548
49 6.420902 29.465398
50 7.183048 29.631331
51 7.951500 29.765049
52 8.692901 30.007382
53 9.447179 30.206040
54 10.209744 30.370035
55 10.976429 30.513543
56 11.691894 30.824202
57 12.385958 31.180117
58 13.073878 31.547766
59 13.786627 31.864609
60 14.515533 32.142269
61 15.295437 32.154543
62 16.075114 32.132111
63 16.853211 32.077659
64 17.555674 31.738622
65 17.529552 30.959059
66 17.334817 30.203759
67 17.204393 29.434740
68 17.003952 28.680934
69 16.860421 27.914254
70 16.631564 27.168583
71 16.435263 26.413689
72 16.284471 25.648403
73 16.207301 24.872230
74 16.120261 24.097102
75 16.132901 23.317204
76 16.223242 22.542454
77 16.404081 21.783706
78 16.728985 21.074596
79 17.103809 20.390559
80 17.590791 19.781258
81 18.054429 19.154009
82 18.481776 18.501496
83 18.876981 17.829028
84 19.425403 17.274380
85 19.992594 16.738942
86 20.593039 16.241081
87 21.201324 15.752829
88 21.826284 15.286112
89 22.360273 14.717556
90 22.784926 14.063286
91 23.017228 13.318682
92 23.100720 12.543163
93 23.082857 11.763368
94 23.103266 10.983635
95 22.975303 10.214203
96 22.914733 9.436558
97 23.330004 8.776293
98 24.109738 8.796671
99 24.888608 8.838636
100 25.645048 9.028896
101 26.353094 9.356112
102 27.089434 9.613413
103 27.803209 9.927936
104 28.549602 10.154426
105 29.320559 10.272853
106 30.099152 10.319690
107 30.879096 10.310360
108 31.654628 10.393731
109 32.425936 10.509851
110 33.167117 10.752853
111 33.886928 11.053307
112 34.590984 11.389023
113 35.269980 11.772903
114 35.897982 12.235519
115 36.536204 12.683931
116 37.129337 13.190481
117 37.724032 13.695197
118 38.350281 14.160183
119 39.001174 14.589995
120 39.684680 14.965787
121 40.277477 15.472731
122 40.600610 16.182649
123 40.723976 16.952832
124 40.742241 17.732618
125 40.678442 18.510004
126 40.647251 19.289380
127 40.663230 20.069217
128 40.732494 20.846135
129 40.764078 21.625496
130 40.886023 22.395904
131 40.889143 23.175898
132 40.914497 23.955486
133 41.078713 24.718003
134 41.216124 25.485804
135 41.327546 26.257805
136 41.367702 27.036771
137 41.369093 27.816769
138 41.265083 28.589804
139 40.977829 29.314983
140 40.806619 30.075961
141 40.800856 30.855940
142 40.857936 31.633848
143 40.893762 32.413025
144 40.890942 33.193020
145 40.893974 33.973014
146 40.985321 34.747647
147 41.095207 35.519868
148 40.990476 36.292805
149 40.989374 37.072804
150 40.980439 37.852753
151 41.013155 38.632066
152 41.054467 39.410971
153 41.140029 40.186264
154 41.250800 40.958359
155 41.278149 41.737879
156 40.850535 42.390218
157 40.096303 42.589049
158 39.323052 42.691433
159 38.571896 42.901588
160 37.853707 43.205899
161 37.189027 43.614065
162 36.520794 44.016390
163 35.823198 44.365332
164 35.077898 44.595391
165 34.334236 44.830694
166 33.608823 45.117357
