1 0.000000 0.000000
2 0.772615 -0.107078
3 1.552603 -0.102749
4 2.330958 -0.052116
5 3.089633 0.129026
6 3.862700 0.232793
7 4.627763 0.384709
8 5.390712 0.546909
9 6.127616 0.802590
10 6.907189 0.828399
11 7.680154 0.932922
12 8.460127 0.926475
13 9.238119 0.982407
14 9.888105 1.413590
15 9.820303 2.190637
16 9.634130 2.948093
17 9.357153 3.677260
18 9.171097 4.434745
19 9.042756 5.204114
20 9.030168 5.984012
21 9.059253 6.763470
22 8.937620 7.533927
23 8.777543 8.297325
24 8.801299 9.076963
25 8.823647 9.856643
26 8.919662 10.630710
27 8.937186 11.410514
28 8.925987 12.190433
29 8.783352 12.957281
30 8.353281 13.608003
31 7.644920 13.934537
32 7.174848 14.556978
33 6.932873 15.298495
34 6.844768 16.073503
35 6.715079 16.842646
36 6.688873 17.622206
37 6.671830 18.402019
38 6.618446 19.180190
39 6.506665 19.952139
40 6.378390 20.721519
41 6.065048 21.435814
42 6.019663 22.214492
43 5.966454 22.992675
44 6.048540 23.768344
45 6.079033 24.547748
46 6.264884 25.305283
47 6.336097 26.082025
48 6.300781 26.861225
49 5.521481 26.828175
50 4.796830 26.539591
51 4.082246 26.226911
52 3.342986 25.978123
53 2.629414 25.663140
54 1.887876 25.421226
55 1.183545 25.086089
56 0.452510 24.814082
57 -0.258922 24.494293
58 -0.949713 24.132067
59 -1.611170 23.718698
60 -2.296490 23.346224
61 -2.960480 22.936935
62 -3.619497 22.519686
63 -4.222653 22.025112
64 -4.865262 21.583012
65 -5.501275 21.131473
66 -6.208257 20.801963
67 -6.915831 20.473727
68 -7.636818 20.176106
69 -8.292690 19.753931
70 -8.984923 19.394468
71 -9.714197 19.117774
72 -10.419830 18.785385
73 -11.103848 18.410526
74 -11.814130 18.088193
75 -12.440983 17.624021
76 -12.708609 16.891371
77 -12.862461 16.126695
78 -12.987193 15.356733
79 -13.083481 14.582699
80 -13.231863 13.816942
81 -13.303353 13.040225
82 -13.424573 12.269702
83 -13.491955 11.492618
84 -13.612866 10.722047
85 -13.684671 9.945359
86 -13.728749 9.166605
87 -13.779587 8.388264
88 -13.782584 7.608270
89 -13.630156 6.843308
90 -13.492932 6.075474
91 -13.293727 5.321340
92 -13.054324 4.578989
93 -12.768469 3.853257
94 -12.620201 3.087478
95 -12.428110 2.331502
96 -12.185152 1.590306
97 -11.828856 0.896437
98 -11.540146 0.171836
99 -11.118249 -0.484215
100 -10.727550 -1.159311
101 -10.403308 -1.868724
102 -10.199203 -2.621546
103 -10.025082 -3.381863
104 -9.964621 -4.159516
105 -9.952769 -4.939426
106 -10.029756 -5.715617
107 -10.157878 -6.485023
108 -10.319495 -7.248096
109 -10.646142 -7.956405
110 -11.355334 -8.281131
111 -12.110993 -8.474466
112 -12.865166 -8.673524
113 -13.580813 -8.983764
114 -14.305858 -9.271358
115 -15.012329 -9.601960
116 -15.760493 -9.822531
117 -16.503905 -10.058619
118 -17.275373 -10.173672
119 -18.042856 -10.312850
120 -18.814037 -10.429809
121 -19.583033 -10.560368
122 -20.336240 -10.763048
123 -21.106631 -10.885102
124 -21.885728 -10.922623
125 -22.665551 -10.906017
126 -23.445550 -10.907321
127 -24.217667 -11.017938
128 -24.945185 -11.299217
129 -25.669210 -11.589366
130 -26.449067 -11.574411
131 -26.638690 -10.817812
132 -26.522466 -10.046519
133 -26.388553 -9.278100
134 -26.146257 -8.536688
135 -25.875401 -7.805226
136 -25.551884 -7.095481
137 -25.272022 -6.367417
138 -24.859107 -5.705676
139 -24.532833 -4.997195
140 -24.215823 -4.284521
141 -23.924804 -3.560844
142 -23.647594 -2.831766
143 -23.461690 -2.074244
144 -23.188024 -1.343829
145 -22.983563 -0.591103
146 -22.751637 0.153618
147 -22.414106 0.856806
148 -21.861875 1.407661
149 -21.412056 2.044892
150 -20.965628 2.684503
151 -20.507166 3.315543
152 -20.056268 3.952011
153 -19.613343 4.594053
154 -19.129196 5.205610
155 -18.711954 5.864631
156 -18.246665 6.490655
157 -17.627320 6.964798
158 -17.047727 7.486786
159 -16.571841 8.104794
160 -16.032705 8.668471
161 -15.589965 9.310640
162 -15.046206 9.869860
163 -14.549818 10.471523
164 -13.950995 10.971334
165 -13.173508 11.033901
166 -12.467951 10.701353
167 -11.702681 10.550482
168 -10.932569 10.426679
169 -10.168888 10.267961
170 -9.422107 10.042754
