1 0.000000 0.000000
2 -0.631544 0.457769
3 -1.273935 0.900187
4 -1.895513 1.371399
5 -2.462946 1.906581
6 -3.054260 2.415253
7 -3.636727 2.934033
8 -4.218171 3.453959
9 -4.876615 3.872111
10 -5.584935 4.198734
11 -6.179938 4.703087
12 -6.258838 5.479086
13 -6.065510 6.234748
14 -5.870214 6.989903
15 -5.600973 7.721961
16 -5.385835 8.471705
17 -5.106947 9.200143
18 -4.907982 9.954339
19 -4.542555 10.643443
20 -4.198601 11.343511
21 -3.897141 12.062901
22 -3.626552 12.794462
23 -3.351251 13.524263
24 -3.103090 14.263733
25 -2.825922 14.992827
26 -2.540614 15.718774
27 -2.293073 16.458452
28 -1.868929 17.113052
29 -1.490518 17.795112
30 -1.146036 18.494921
31 -0.776366 19.181757
32 -0.458166 19.893901
33 -0.073457 20.572428
34 0.294213 21.260337
35 0.676861 21.940028
36 1.033722 22.633606
37 1.493820 23.263455
38 1.910417 23.922885
39 2.346695 24.569461
40 2.726118 25.250958
41 3.127767 25.919597
42 3.474429 26.618329
43 3.890100 27.278342
44 4.267037 27.961217
45 5.026534 28.138881
46 5.798922 28.247589
47 6.562871 28.405012
48 7.291713 28.682841
49 8.053380 28.850956
50 8.797108 29.086050
51 9.573108 29.164943
52 10.330776 29.350251
53 11.082246 29.559281
54 11.840268 29.743136
55 12.599543 29.921742
56 13.345139 30.150842
57 14.081212 30.408905
58 14.775701 30.763989
59 15.486477 31.085235
60 16.159561 31.479388
61 16.915363 31.672167
62 17.690614 31.758111
63 18.470156 31.731400
64 19.248618 31.780367
65 20.028091 31.809019
66 20.611771 31.291604
67 20.309682 30.572477
68 20.027304 29.845385
69 19.790606 29.102167
70 19.581056 28.350842
71 19.367429 27.600666
72 19.201145 26.838597
73 19.042198 26.074964
74 18.883848 25.311206
75 18.659395 24.564198
76 18.572620 23.789040
77 18.451042 23.018574
78 18.497768 22.239974
79 18.633631 21.471898
80 18.922901 20.747521
81 19.222834 20.027492
82 19.634846 19.365189
83 20.191350 18.818652
84 20.727280 18.251924
85 21.258455 17.680739
86 21.800710 17.120061
87 22.391407 16.610673
88 23.026516 16.157863
89 23.674567 15.723778
90 24.344758 15.324723
91 24.916248 14.793876
92 25.400970 14.182775
93 25.778610 13.500288
94 25.998998 12.752071
95 26.077898 11.976072
96 26.044589 11.196783
97 25.875997 10.435221
98 25.948560 9.658604
99 26.407831 9.028152
100 27.184484 9.100332
101 27.961949 9.163169
102 28.706476 9.395718
103 29.438001 9.666404
104 30.167658 9.942086
105 30.910079 10.181275
106 31.648925 10.431290
107 32.424395 10.515227
108 33.203996 10.540190
109 33.983315 10.507611
110 34.752286 10.638316
111 35.521948 10.764884
112 36.256021 11.028582
113 36.983634 11.309617
114 37.678051 11.664841
115 38.369873 12.025094
116 38.999341 12.485713
117 39.648135 12.918688
118 40.256807 13.406457
119 40.904129 13.841628
120 41.519247 14.321243
121 42.194775 14.711193
122 42.867127 15.106595
123 43.522836 15.529023
124 43.738262 16.278684
125 43.754733 17.058511
126 43.667127 17.833575
127 43.747191 18.609455
128 43.819495 19.386097
129 43.975641 20.150308
130 44.125962 20.915686
131 44.292103 21.677786
132 44.301157 22.457734
133 44.374794 23.234250
134 44.517812 24.001026
135 44.698632 24.759778
136 44.844772 25.525966
137 44.975819 26.294878
138 44.994771 27.074648
139 44.959977 27.853872
140 44.828742 28.622752
141 44.723810 29.395662
142 44.779262 30.173688
143 44.856389 30.949865
144 44.892194 31.729043
145 45.011265 32.499901
146 45.066401 33.277950
147 45.161920 34.052079
148 45.262414 34.825579
149 45.281926 35.605335
150 45.288316 36.385308
151 45.342575 37.163419
152 45.441747 37.937089
153 45.601442 38.700566
154 45.706901 39.473404
155 45.859622 40.238306
156 45.968432 41.010680
157 45.846346 41.781066
158 45.122868 42.072578
159 44.363236 42.249662
160 43.597754 42.399454
161 42.947830 42.830730
162 42.280700 43.234880
163 41.557605 43.527340
164 40.848793 43.852896
165 40.117630 44.124558
166 39.370099 44.347264
167 38.629793 44.592919
