1 0.000000 0.000000
2 -0.287632 -0.725030
3 -0.570050 -1.452106
4 -0.703028 -2.220687
5 -0.938692 -2.964234
6 -1.052506 -3.735886
7 -1.202118 -4.501403
8 -1.019898 -5.259819
9 -0.313083 -5.589686
10 0.458166 -5.473169
11 1.237648 -5.501565
12 2.008161 -5.622853
13 2.775373 -5.763511
14 3.555134 -5.782851
15 4.333930 -5.826169
16 5.113178 -5.791925
17 5.893012 -5.775848
18 6.666641 -5.676358
19 7.446610 -5.669395
20 8.222503 -5.589458
21 9.000976 -5.540680
22 9.759335 -5.358218
23 10.501071 -5.116914
24 11.206216 -4.783492
25 11.961346 -4.588097
26 12.736637 -4.502517
27 13.516568 -4.512875
28 14.296158 -4.487587
29 15.073868 -4.427860
30 15.848750 -4.338653
31 16.618998 -4.215696
32 17.363277 -3.982355
33 18.112020 -3.763759
34 18.587497 -4.382080
35 18.786960 -5.136146
36 19.030838 -5.877039
37 19.134219 -6.650158
38 19.321230 -7.407407
39 19.347360 -8.186970
40 19.452565 -8.959842
41 19.458887 -9.739816
42 19.480078 -10.519529
43 19.538586 -11.297331
44 20.281804 -11.534031
45 21.041812 -11.358566
46 21.781294 -11.110439
47 22.528516 -10.886701
48 23.284215 -10.693518
49 24.044874 -10.520898
50 24.803859 -10.341059
51 25.571375 -10.202064
52 26.301628 -9.927967
53 27.021326 -9.627242
54 27.717123 -9.274728
55 28.442158 -8.987111
56 29.171505 -8.710607
57 29.918990 -8.487748
58 30.649450 -8.214203
59 31.407615 -8.030938
60 32.175384 -7.893347
61 32.951907 -7.966917
62 33.022739 -8.743694
63 32.857684 -9.506031
64 32.935219 -10.282167
65 33.131084 -11.037175
66 33.587262 -11.669869
67 34.366982 -11.648957
68 35.129290 -11.483770
69 35.904657 -11.398888
70 36.661639 -11.210793
71 37.433575 -11.098925
72 38.211654 -11.044216
73 38.991341 -11.066303
74 39.770640 -11.033238
75 40.547365 -10.961837
76 41.321962 -10.870187
77 42.091784 -10.744593
78 42.809526 -10.439230
79 43.161878 -9.743350
80 42.426574 -9.483106
81 41.654461 -9.372461
82 40.876199 -9.320420
83 40.105577 -9.199833
