1 0.000000 0.000000
2 -0.106737 0.772662
3 -0.419497 1.487212
4 -0.501386 2.262902
5 -0.525561 3.042527
6 -0.424956 3.816012
7 -0.467297 4.594862
8 -1.182172 4.906876
9 -1.958648 4.980934
10 -2.734825 5.058066
11 -3.503926 4.928126
12 -4.280179 4.851764
13 -5.046060 4.704027
14 -5.800754 4.506958
15 -6.479640 4.122882
16 -7.208074 3.843985
17 -7.911848 3.507676
18 -8.662799 3.296791
19 -9.418543 3.103786
20 -10.193881 3.018633
21 -10.961711 2.881385
22 -11.741698 2.885824
23 -12.514660 2.990373
24 -13.272378 3.175475
25 -14.027682 3.370196
26 -14.782766 3.565768
27 -15.562753 3.570217
28 -16.342747 3.573330
29 -17.121223 3.524597
30 -17.900026 3.481404
31 -18.604826 3.147252
32 -18.561925 2.368433
33 -18.378306 1.610354
34 -18.190666 0.853260
35 -17.981724 0.101766
36 -17.910089 -0.674938
37 -17.692915 -1.424094
38 -17.659444 -2.203376
39 -17.520558 -2.970911
40 -17.490577 -3.750335
41 -17.483407 -4.530302
42 -17.978444 -5.133077
43 -18.756369 -5.189924
44 -19.519048 -5.026457
45 -20.292564 -4.926094
46 -21.056793 -4.770035
47 -21.831652 -4.680627
48 -22.581405 -4.465521
49 -23.350859 -4.337691
50 -24.096764 -4.109602
51 -24.865819 -3.979393
52 -25.628848 -3.817569
53 -26.408599 -3.797852
54 -27.188573 -3.791517
55 -27.968530 -3.799736
56 -28.742216 -3.700690
57 -29.517461 -3.614700
58 -30.279599 -3.448732
59 -31.039874 -3.274426
60 -31.793442 -3.073091
61 -32.546222 -2.868831
62 -33.316045 -2.743241
63 -33.790298 -3.362501
64 -33.905806 -4.133901
65 -33.987466 -4.909615
66 -34.128549 -5.676750
67 -34.688538 -6.219716
68 -35.461116 -6.112368
69 -36.224244 -5.951013
70 -36.999421 -5.864409
71 -37.776928 -5.926726
72 -38.556880 -5.918106
73 -39.324648 -5.780512
74 -40.092669 -5.644334
75 -40.860010 -5.504377
76 -41.558371 -5.156970
77 -42.277045 -4.853808
78 -43.027782 -4.642161
79 -43.800767 -4.746531
80 -44.563331 -4.910535
81 -45.154126 -5.419810
82 -44.462723 -5.058753
83 -43.731226 -4.787990
84 -42.951705 -4.815330
