1 0.000000 0.000000
2 -0.778663 -0.045649
3 -1.546528 -0.182699
4 -2.315721 -0.312093
5 -3.090469 -0.402459
6 -3.869769 -0.369439
7 -4.649562 -0.387420
8 -5.429466 -0.375146
9 -6.204721 -0.289247
10 -6.687314 -0.902032
11 -6.809622 -1.672383
12 -7.026296 -2.421684
13 -7.055432 -3.201140
14 -7.153133 -3.974997
15 -7.198712 -4.753664
16 -7.371758 -5.514226
17 -7.445055 -6.290774
18 -7.584235 -7.058257
19 -7.672122 -7.833289
20 -7.754985 -8.608875
21 -7.824103 -9.385807
22 -7.797341 -10.165348
23 -7.539618 -10.901540
24 -7.302184 -11.644524
25 -6.940456 -12.335576
26 -6.523639 -12.994866
27 -6.070468 -13.629717
28 -5.755465 -14.343281
29 -5.393770 -15.034350
30 -4.916043 -15.650935
31 -4.385797 -16.222984
32 -3.869110 -16.807308
33 -3.272612 -17.309890
34 -2.741773 -17.881388
35 -2.280480 -18.510363
36 -2.013997 -19.243430
37 -1.803509 -19.994492
38 -1.699748 -20.767560
39 -1.609417 -21.542311
40 -1.689266 -22.318214
41 -1.682781 -23.098187
42 -1.645056 -23.877274
43 -1.090464 -24.425751
44 -0.337441 -24.629115
45 0.442184 -24.604940
46 1.204882 -24.441562
47 1.968526 -24.282670
48 2.494806 -24.858370
49 2.719070 -25.605435
50 2.901952 -26.363692
51 3.183170 -27.091233
52 3.341128 -27.855072
53 3.471080 -28.624170
54 3.553998 -29.399750
55 3.703669 -30.165256
56 3.762072 -30.943066
57 3.777217 -31.722919
58 3.246889 -32.294892
59 2.477426 -32.422667
60 1.698824 -32.375986
61 0.919908 -32.334876
62 0.145835 -32.238908
63 -0.628018 -32.141172
64 -1.383891 -31.948675
65 -2.156542 -31.841852
66 -2.934732 -31.788742
67 -3.714559 -31.772335
68 -4.492913 -31.721695
69 -5.271540 -31.767958
70 -6.050857 -31.800607
71 -6.828595 -31.859965
72 -7.606184 -31.798687
73 -8.386183 -31.797629
74 -9.162488 -31.721794
75 -9.937276 -31.631777
76 -10.702925 -31.482839
77 -11.476983 -31.386745
78 -12.243285 -31.241206
79 -12.862897 -30.767412
80 -12.873401 -29.987483
81 -12.695187 -29.228115
82 -12.505260 -28.471591
83 -12.291396 -27.721483
84 -12.103928 -26.964347
85 -11.904906 -26.210165
86 -11.645028 -25.474731
87 -11.335262 -24.758878
88 -11.147200 -24.001889
89 -11.381748 -24.745789
90 -11.487071 -25.518645
91 -11.547108 -26.296331
92 -11.563361 -27.076162
93 -11.680224 -27.847358
94 -11.742195 -28.624892
95 -11.825079 -29.400476
