1 0.000000 0.000000
2 -0.688178 -0.367167
3 -1.416187 -0.647171
4 -2.102788 -1.017278
5 -2.782664 -1.399598
6 -3.462300 -1.782344
7 -4.185675 -2.074112
8 -4.898047 -2.391801
9 -5.627353 -2.668412
10 -6.355989 -2.946781
11 -6.682032 -3.655368
12 -6.814410 -4.424053
13 -7.044222 -5.169430
14 -7.176664 -5.938103
15 -7.295540 -6.708991
16 -7.385899 -7.483740
17 -7.483236 -8.257643
18 -7.551694 -9.034633
19 -7.694210 -9.801502
20 -7.771787 -10.577635
21 -7.843898 -11.354295
22 -7.882913 -12.133318
23 -7.910123 -12.912843
24 -7.778580 -13.681672
25 -7.609900 -14.443214
26 -7.340169 -15.175092
27 -7.105000 -15.918796
28 -6.822019 -16.645653
29 -6.554036 -17.378173
30 -6.264850 -18.102584
31 -6.079720 -18.860296
32 -5.675747 -19.527533
33 -5.336374 -20.229833
34 -4.957264 -20.911505
35 -4.594974 -21.602262
36 -4.146434 -22.240394
37 -3.873947 -22.971250
38 -3.619100 -23.708443
39 -3.534324 -24.483822
40 -3.461730 -25.260437
41 -3.471993 -26.040369
42 -3.512305 -26.819327
43 -3.686589 -27.579606
44 -3.798496 -28.351537
45 -3.764422 -29.130792
46 -3.189641 -29.658074
47 -2.496954 -30.016661
48 -1.726166 -30.136189
49 -0.947314 -30.178491
50 -0.167314 -30.179062
51 0.339173 -30.772249
52 0.424131 -31.547608
53 0.483170 -32.325370
54 0.645546 -33.088282
55 0.747152 -33.861636
56 0.824833 -34.637758
57 0.869655 -35.416469
58 0.981876 -36.188354
59 1.063533 -36.964068
60 1.088018 -37.743684
61 0.993925 -38.517988
62 0.418150 -39.044185
63 -0.344002 -39.210087
64 -1.117511 -39.310505
65 -1.897398 -39.323783
66 -2.667002 -39.450709
67 -3.436335 -39.579264
68 -4.194531 -39.762399
69 -4.960132 -39.911581
70 -5.709742 -40.127184
71 -6.484731 -40.215460
72 -7.203710 -39.913021
73 -7.228998 -39.133432
74 -7.130295 -38.359702
75 -6.963797 -37.597679
76 -6.826026 -36.829943
77 -6.638427 -36.072839
78 -6.603913 -35.293603
79 -6.366713 -34.550544
80 -6.203095 -33.787898
81 -6.854303 -33.358563
82 -6.977883 -34.128711
83 -7.090681 -34.900512
84 -7.212704 -35.670908
85 -7.307808 -36.445089
