10 11 11 
1 44 44 
2 63 63 
9 96 96 
7 120 120 
4 153 153 
10 11 174 
1 46 209 
2 65 228 
9 99 262 
7 124 287 
4 156 319 
10 11 341 
1 44 374 
2 64 394 
9 97 427 
7 121 451 
4 155 485 
10 11 507 
1 45 541 
2 64 560 
9 96 592 
7 122 618 
4 155 651 
10 11 672 
1 45 706 
2 66 727 
9 98 759 
7 123 784 
4 156 817 
10 11 840 
1 44 873 
2 64 893 
9 97 926 
7 122 951 
4 155 984 
10 11 1006 
1 44 1039 
2 65 1060 
9 99 1094 
7 124 1119 
4 157 1152 
10 11 1173 
1 44 1206 
2 65 1227 
9 99 1261 
7 123 1285 
4 157 1319 
10 11 1340 
1 45 1374 
2 66 1395 
9 99 1428 
7 124 1453 
4 157 1486 
10 11 1508 
1 45 1542 
2 66 1563 
9 99 1596 
7 124 1621 
4 157 1654 
7 13 1680 
4 47 1714 
2 73 1740 
9 108 1775 
10 129 1796 
1 164 1831 
7 14 1851 
4 48 1885 
2 75 1912 
9 109 1946 
10 130 1967 
1 164 2001 
7 12 2019 
4 47 2054 
2 73 2080 
9 108 2115 
10 129 2136 
1 164 2171 
7 11 2188 
4 46 2223 
2 73 2250 
9 107 2284 
10 128 2305 
1 164 2341 
7 12 2359 
4 47 2394 
2 73 2420 
9 108 2455 
10 129 2476 
1 163 2510 
7 13 2530 
4 47 2564 
2 73 2590 
9 108 2625 
10 129 2646 
1 164 2681 
7 13 2700 
4 48 2735 
2 75 2762 
9 109 2796 
10 130 2817 
1 164 2851 
7 12 2869 
4 47 2904 
2 74 2931 
9 108 2965 
10 129 2986 
1 163 3020 
7 13 3039 
4 48 3074 
2 74 3100 
9 109 3135 
10 129 3155 
1 164 3190 
7 13 3209 
4 48 3244 
2 74 3270 
9 109 3305 
10 130 3326 
1 165 3361 
2 10 3377 
9 45 3412 
37 50 3417 
64 61 3428 
88 72 3439 
89 80 3447 
2 10 3461 
9 45 3496 
37 50 3501 
64 61 3512 
88 72 3523 
89 81 3532 
2 10 3547 
9 45 3582 
37 51 3588 
64 62 3599 
88 72 3609 
89 82 3619 
2 10 3633 
9 45 3668 
37 50 3673 
64 61 3684 
88 72 3695 
89 81 3704 
2 10 3719 
9 44 3753 
37 49 3758 
64 60 3769 
88 71 3780 
89 80 3789 
2 10 3805 
9 44 3839 
37 50 3845 
64 61 3856 
88 71 3866 
89 81 3876 
2 10 3890 
9 45 3925 
37 50 3930 
64 61 3941 
88 72 3952 
89 81 3961 
2 10 3975 
9 44 4009 
37 49 4014 
64 60 4025 
88 70 4035 
89 80 4045 
2 10 4060 
9 45 4095 
37 51 4101 
64 61 4111 
88 72 4122 
89 81 4131 
2 10 4145 
9 44 4179 
37 50 4185 
64 60 4195 
88 71 4206 
89 80 4215 
2 11 4232 
9 46 4267 
37 51 4272 
64 63 4284 
86 79 4300 
87 85 4306 
2 10 4319 
9 45 4354 
37 51 4360 
64 62 4371 
86 78 4387 
87 86 4395 
2 10 4408 
9 44 4442 
37 50 4448 
64 61 4459 
86 77 4475 
87 85 4483 
2 10 4497 
9 45 4532 
37 50 4537 
64 61 4548 
86 77 4564 
87 85 4572 
2 10 4587 
9 45 4622 
37 50 4627 
64 61 4638 
86 77 4654 
87 85 4662 
2 10 4676 
9 45 4711 
37 50 4716 
64 61 4727 
86 77 4743 
87 86 4752 
2 10 4765 
9 45 4800 
37 50 4805 
64 61 4816 
86 77 4832 
87 86 4841 
2 10 4855 
9 45 4890 
37 50 4895 
64 61 4906 
86 77 4922 
87 84 4929 
2 9 4941 
9 44 4976 
37 49 4981 
64 60 4992 
86 75 5007 
87 83 5015 
2 10 5030 
9 45 5065 
37 50 5070 
64 61 5081 
86 77 5097 
87 86 5106 
2 10 5119 
9 45 5154 
37 50 5159 
64 61 5170 
73 83 5192 
85 92 5201 
2 10 5214 
9 44 5248 
37 50 5254 
64 60 5264 
73 81 5285 
85 90 5294 
2 9 5308 
9 43 5342 
37 48 5347 
64 58 5357 
73 79 5378 
85 88 5387 
2 10 5404 
9 44 5438 
37 50 5444 
64 61 5455 
73 82 5476 
85 91 5485 
2 11 5503 
9 46 5538 
37 51 5543 
64 62 5554 
73 84 5576 
85 93 5585 
2 9 5597 
9 44 5632 
37 49 5637 
64 60 5648 
73 81 5669 
85 91 5679 
2 10 5693 
9 45 5728 
37 50 5733 
64 60 5743 
73 82 5765 
85 90 5773 
2 10 5787 
9 45 5822 
37 50 5827 
64 61 5838 
73 83 5860 
85 91 5868 
2 10 5882 
9 45 5917 
37 50 5922 
64 61 5933 
73 82 5954 
85 91 5963 
2 9 5977 
9 42 6010 
37 47 6015 
64 57 6025 
73 79 6047 
85 88 6056 
42 12 6075 
41 23 6086 
37 47 6110 
64 58 6121 
88 68 6131 
89 77 6140 
42 9 6154 
41 20 6165 
37 43 6188 
64 53 6198 
88 63 6208 
89 72 6217 
42 11 6236 
41 23 6248 
37 46 6271 
64 56 6281 
88 67 6292 
89 75 6300 
42 10 6314 
41 21 6325 
37 45 6349 
64 55 6359 
88 66 6370 
89 76 6380 
42 10 6393 
41 21 6404 
37 46 6429 
64 57 6440 
88 67 6450 
89 75 6458 
42 9 6472 
41 22 6485 
37 46 6509 
64 56 6519 
88 66 6529 
89 76 6539 
42 9 6553 
41 21 6565 
37 45 6589 
64 55 6599 
88 65 6609 
89 75 6619 
42 9 6632 
41 21 6644 
37 44 6667 
64 55 6678 
88 65 6688 
89 75 6698 
42 9 6711 
41 20 6722 
37 43 6745 
64 54 6756 
88 64 6766 
89 74 6776 
42 10 6790 
41 21 6801 
37 45 6825 
64 55 6835 
88 65 6845 
89 75 6855 
41 7 6868 
37 31 6892 
64 42 6903 
73 62 6923 
74 67 6928 
82 81 6942 
41 7 6952 
37 31 6976 
64 41 6986 
73 61 7006 
74 66 7011 
82 81 7026 
41 7 7036 
37 31 7060 
64 41 7070 
73 62 7091 
74 66 7095 
82 79 7108 
41 7 7120 
37 31 7144 
64 42 7155 
73 62 7175 
74 66 7179 
82 81 7194 
41 7 7205 
37 31 7229 
64 41 7239 
73 62 7260 
74 66 7264 
82 81 7279 
41 7 7290 
37 32 7315 
64 42 7325 
73 63 7346 
74 67 7350 
82 82 7365 
41 7 7375 
37 31 7399 
64 42 7410 
73 62 7430 
74 67 7435 
82 81 7449 
41 7 7459 
37 32 7484 
64 42 7494 
73 63 7515 
74 68 7520 
82 82 7534 
41 7 7544 
37 31 7568 
64 41 7578 
73 61 7598 
74 66 7603 
82 80 7617 
41 7 7628 
37 31 7652 
64 41 7662 
73 61 7682 
74 65 7686 
82 80 7701 
10 9 7715 
37 33 7739 
64 43 7749 
71 61 7767 
75 66 7772 
83 78 7784 
10 9 7797 
37 34 7822 
64 44 7832 
71 62 7850 
75 67 7855 
83 79 7867 
10 9 7880 
37 34 7905 
64 44 7915 
71 62 7933 
75 67 7938 
83 79 7950 
10 9 7962 
37 34 7987 
64 45 7998 
71 63 8016 
75 68 8021 
83 80 8033 
10 9 8044 
37 33 8068 
64 44 8079 
71 62 8097 
75 67 8102 
83 79 8114 
10 8 8125 
37 33 8150 
64 43 8160 
71 61 8178 
75 66 8183 
83 79 8196 
10 9 8209 
37 34 8234 
64 44 8244 
71 62 8262 
75 67 8267 
83 79 8279 
10 9 8291 
37 33 8315 
64 44 8326 
71 62 8344 
75 66 8348 
83 78 8360 
10 9 8373 
37 34 8398 
64 44 8408 
71 62 8426 
75 67 8431 
83 79 8443 
10 8 8455 
37 32 8479 
64 42 8489 
71 60 8507 
75 64 8511 
83 76 8523 
