1 0.000000 0.000000
2 -0.244761 -0.740602
3 -0.525188 -1.468449
4 -0.816107 -2.192166
5 -1.063916 -2.931754
6 -1.341254 -3.660783
7 -1.581333 -4.402917
8 -1.930807 -5.100246
9 -2.556654 -5.565773
10 -3.314229 -5.380081
11 -4.043141 -5.102437
12 -4.735425 -4.743072
13 -5.467621 -4.474205
14 -6.189298 -4.178263
15 -6.930241 -3.934534
16 -7.664250 -3.670659
17 -8.416616 -3.464877
18 -9.151401 -3.203168
19 -9.889723 -2.951613
20 -10.611673 -2.656337
21 -11.345095 -2.390834
22 -12.086377 -2.148136
23 -12.833789 -1.925034
24 -13.566470 -1.657492
25 -14.314650 -1.436977
26 -15.053786 -1.187823
27 -15.806473 -0.983221
28 -16.539986 -0.717967
29 -17.280470 -0.472848
30 -17.992410 -0.154193
31 -18.729400 0.101239
32 -19.451561 0.395999
33 -20.208314 0.585011
34 -20.838031 0.124733
35 -21.050472 -0.625780
36 -21.271251 -1.373882
37 -21.464199 -2.129641
38 -21.699860 -2.873189
39 -21.881663 -3.631706
40 -22.110933 -4.377249
41 -22.285920 -5.137367
42 -22.485102 -5.891507
43 -22.660613 -6.651504
44 -23.123913 -7.279001
45 -23.903392 -7.250498
46 -24.652188 -7.032082
47 -25.410343 -6.848775
48 -26.158304 -6.627520
49 -26.913166 -6.431093
50 -27.660090 -6.206362
51 -28.420828 -6.034090
52 -29.161205 -5.788647
53 -29.915444 -5.589844
54 -30.653767 -5.338291
55 -31.405079 -5.128693
56 -32.155328 -4.915323
57 -32.910475 -4.719997
58 -33.657451 -4.495437
59 -34.405578 -4.274743
60 -35.148623 -4.037501
61 -35.909563 -3.866122
62 -36.677184 -4.004532
63 -36.960398 -4.731298
64 -37.182069 -5.479136
65 -37.430784 -6.218421
66 -37.769927 -6.920832
67 -38.549234 -6.887953
68 -39.283169 -6.623873
69 -40.032598 -6.407639
70 -40.768967 -6.150424
71 -41.529234 -5.976081
72 -42.283471 -5.777270
73 -43.043537 -5.602055
74 -43.781213 -5.348611
75 -44.528895 -5.126416
76 -45.247481 -4.823044
77 -45.970499 -4.530392
78 -46.615789 -4.092213
79 -46.224699 -3.417343
80 -45.480396 -3.650609
81 -44.748707 -3.920853
82 -43.992578 -4.112343
