1 0.000000 0.000000
2 0.778841 -0.042499
3 1.557706 -0.084570
4 2.337509 -0.102106
5 3.113000 -0.185849
6 3.892989 -0.181692
7 4.672974 -0.176829
8 5.452629 -0.153627
9 6.232600 -0.160341
10 7.008985 -0.085328
11 7.787969 -0.045525
12 8.567607 -0.021774
13 9.239773 -0.417491
14 9.419183 -1.176578
15 9.433182 -1.956452
16 9.456452 -2.736105
17 9.441935 -3.515970
18 9.510395 -4.292959
19 9.547300 -5.072086
20 9.606064 -5.849869
21 9.614976 -6.629818
22 9.660315 -7.408499
23 9.640470 -8.188247
24 9.646276 -8.968225
25 9.621524 -9.747832
26 9.646181 -10.527443
27 9.661859 -11.307285
28 9.692358 -12.086689
29 9.723703 -12.866058
30 9.812156 -13.641027
31 9.827403 -14.420878
32 9.931709 -15.193872
33 9.972504 -15.972805
34 10.069218 -16.746786
35 10.112443 -17.525587
36 10.211181 -18.299312
37 10.228818 -19.079113
38 10.295959 -19.856218
39 10.301337 -20.636199
40 10.373678 -21.412837
41 10.391906 -22.192624
42 10.442929 -22.970954
43 10.458649 -23.750795
44 10.547066 -24.525768
45 10.596859 -25.304177
46 10.652210 -26.082211
47 10.438457 -26.832350
48 9.705144 -27.098153
49 8.926297 -27.055749
50 8.148401 -27.113007
51 7.369376 -27.151992
52 6.593218 -27.229315
53 5.813487 -27.249796
54 5.035802 -27.309840
55 4.255947 -27.324872
56 3.477871 -27.379633
57 2.698660 -27.414688
58 1.924175 -27.507286
59 1.144718 -27.536375
60 0.365013 -27.557837
61 -0.414931 -27.567176
62 -1.194276 -27.599126
63 -1.972599 -27.650252
64 -2.748655 -27.728594
65 -3.527672 -27.767729
66 -4.306452 -27.811336
67 -5.086452 -27.811334
68 -5.865435 -27.851162
69 -6.644630 -27.886584
70 -7.423176 -27.934194
71 -8.202502 -27.966597
72 -8.981010 -28.014820
73 -9.760044 -27.976018
74 -10.139144 -27.294342
75 -10.196374 -26.516444
76 -10.253249 -25.738520
77 -10.300603 -24.959959
78 -10.370204 -24.183071
79 -10.412178 -23.404201
80 -10.494634 -22.628571
81 -10.502989 -21.848616
82 -10.562815 -21.070914
83 -10.583493 -20.291188
84 -10.645943 -19.513692
85 -10.688566 -18.734857
86 -10.768983 -17.959014
87 -10.773653 -17.179028
88 -10.796473 -16.399362
89 -10.853332 -15.621437
90 -10.919917 -14.844284
91 -10.916198 -14.064293
92 -10.942617 -13.284741
93 -10.919299 -12.505089
94 -10.958160 -11.726058
95 -10.956639 -10.946059
96 -10.993106 -10.166912
97 -11.049215 -9.388933
98 -11.092068 -8.610111
99 -11.114978 -7.830448
100 -11.156793 -7.051569
101 -11.161544 -6.271584
102 -11.224358 -5.494117
103 -11.233629 -4.714172
104 -11.302693 -3.937236
105 -11.366521 -3.159852
106 -11.508053 -2.392800
107 -11.614283 -1.620067
108 -12.063711 -0.982561
109 -12.837415 -0.883655
110 -13.605127 -1.021561
111 -14.379286 -1.116837
112 -15.152404 -1.220222
113 -15.930698 -1.271795
114 -16.705653 -1.360365
115 -17.482012 -1.435639
116 -18.252931 -1.554315
117 -19.028622 -1.636185
118 -19.803196 -1.728033
119 -20.580325 -1.794891
120 -21.354926 -1.886506
121 -22.134719 -1.904488
122 -22.913287 -1.951725
123 -23.693256 -1.958689
124 -24.470183 -2.027855
125 -25.250013 -2.044159
126 -26.027153 -2.110892
127 -26.806046 -2.152429
128 -27.579519 -2.253125
129 -28.111484 -2.823575
130 -28.109778 -3.603574
131 -28.032767 -4.379763
132 -27.885600 -5.145753
133 -27.755810 -5.914879
134 -27.619657 -6.682904
135 -27.526280 -7.457295
136 -27.367700 -8.221004
137 -27.253669 -8.992624
138 -27.133921 -9.763377
139 -27.023035 -10.535455
140 -26.912767 -11.307622
141 -26.852111 -12.085260
142 -26.770446 -12.860973
143 -26.711947 -13.638776
144 -26.597325 -14.410308
145 -26.488718 -15.182710
146 -26.367129 -15.953175
147 -26.284468 -16.728782
148 -26.206619 -17.504888
149 -26.168317 -18.283947
150 -26.065464 -19.057136
151 -25.992436 -19.833709
152 -25.883082 -20.606006
153 -25.815649 -21.383085
154 -25.690333 -22.152953
155 -25.636091 -22.931065
156 -25.541109 -23.705260
157 -25.486792 -24.483366
158 -25.396733 -25.258150
159 -25.348852 -26.036679
160 -25.260215 -26.811626
161 -25.184195 -27.587913
162 -25.058545 -28.357726
163 -24.929751 -29.127019
164 -24.551545 -29.809192
165 -23.786604 -29.961723
166 -23.019778 -29.818969
167 -22.245974 -29.720855
168 -21.477081 -29.589690
169 -20.704973 -29.479017
170 -19.944012 -29.307733
