1 0.000000 0.000000
2 0.779861 0.014748
3 1.558295 -0.034642
4 2.337580 -0.001249
5 3.116926 -0.033186
6 3.896904 -0.027308
7 4.676887 -0.022174
8 5.454721 0.035919
9 6.234368 0.059377
10 7.010422 0.137738
11 7.787422 0.206079
12 8.559591 0.316328
13 9.333774 0.221243
14 9.653992 -0.489996
15 9.717229 -1.267428
16 9.802898 -2.042709
17 9.899290 -2.816730
18 10.015259 -3.588061
19 10.111207 -4.362137
20 10.264940 -5.126837
21 10.397874 -5.895426
22 10.523763 -6.665200
23 10.651063 -7.434742
24 10.763863 -8.206542
25 10.877334 -8.978245
26 11.058839 -9.736833
27 11.198499 -10.504228
28 11.351157 -11.269143
29 11.501498 -12.034517
30 11.657728 -12.798711
31 11.810106 -13.563682
32 11.990543 -14.322525
33 12.148511 -15.086361
34 12.307839 -15.849916
35 12.480842 -16.610488
36 12.696689 -17.360027
37 12.874322 -18.119532
38 13.071140 -18.874292
39 13.238145 -19.636203
40 13.446165 -20.387953
41 13.597772 -21.153077
42 13.770786 -21.913647
43 13.943391 -22.674310
44 14.142971 -23.428344
45 14.320629 -24.187842
46 14.542464 -24.935632
47 14.713406 -25.696670
48 14.665736 -26.475212
49 13.969663 -26.827181
50 13.228511 -27.070274
51 12.471694 -27.259027
52 11.718005 -27.459909
53 10.955631 -27.624790
54 10.202088 -27.826218
55 9.436957 -27.977789
56 8.684343 -28.182662
57 7.924052 -28.356895
58 7.184157 -28.603786
59 6.432729 -28.812966
60 5.690606 -29.053077
61 4.949402 -29.296009
62 4.211764 -29.549564
63 3.458129 -29.750649
64 2.718725 -29.999006
65 1.973341 -30.228796
66 1.236631 -30.485033
67 0.485679 -30.695915
68 -0.248874 -30.958275
69 -0.984980 -31.216242
70 -1.712751 -31.496867
71 -2.438909 -31.781636
72 -3.166667 -32.062295
73 -3.890951 -32.351799
74 -4.649071 -32.535247
75 -5.306281 -32.115157
76 -5.673562 -31.427041
77 -5.969341 -30.705296
78 -6.259565 -29.981300
79 -6.542583 -29.254457
80 -6.856818 -28.540555
81 -7.147467 -27.816730
82 -7.458148 -27.101274
83 -7.723320 -26.367732
84 -8.015420 -25.644491
85 -8.288962 -24.914029
86 -8.558330 -24.182017
87 -8.835934 -23.453089
88 -9.123033 -22.727848
89 -9.374001 -21.989326
90 -9.668828 -21.267193
91 -9.929063 -20.531885
92 -10.226529 -19.810834
93 -10.501072 -19.080748
94 -10.794525 -18.358055
95 -11.050428 -17.621228
96 -11.302148 -16.882962
97 -11.548828 -16.142996
98 -11.818246 -15.411003
99 -12.091062 -14.680269
100 -12.385771 -13.958088
101 -12.631313 -13.217744
102 -12.891058 -12.482263
103 -13.116961 -11.735692
104 -13.376256 -11.000052
105 -13.592783 -10.250708
106 -13.867889 -9.520834
107 -14.189162 -8.810071
108 -14.641372 -8.174535
109 -15.358720 -7.868248
110 -16.095808 -8.123398
111 -16.809829 -8.437361
112 -17.521983 -8.755540
113 -18.237143 -9.066901
114 -18.945414 -9.393630
115 -19.654926 -9.717657
116 -20.364079 -10.042467
117 -21.095663 -10.312995
118 -21.824006 -10.592130
119 -22.552786 -10.870121
120 -23.268362 -11.180527
121 -23.990758 -11.474709
122 -24.702085 -11.794731
123 -25.426956 -12.082764
124 -26.145254 -12.386816
125 -26.868618 -12.678610
126 -27.578079 -13.002749
127 -28.275013 -13.353010
128 -28.938930 -13.762418
129 -29.447243 -14.354040
130 -29.368105 -15.130015
131 -29.122063 -15.870193
132 -28.820334 -16.589470
133 -28.553550 -17.322427
134 -28.245958 -18.039217
135 -27.923485 -18.749436
136 -27.591707 -19.455356
137 -27.285023 -20.172535
138 -26.940212 -20.872181
139 -26.613088 -21.580270
140 -26.249508 -22.270349
141 -25.890076 -22.962599
142 -25.516740 -23.647449
143 -25.161214 -24.341712
144 -24.782676 -25.023701
145 -24.429888 -25.719359
146 -24.058475 -26.405255
147 -23.707324 -27.101741
148 -23.318332 -27.777822
149 -22.952555 -28.466739
150 -22.558870 -29.140098
151 -22.203706 -29.834546
152 -21.838548 -30.523792
153 -21.464442 -31.208223
154 -21.105492 -31.900721
155 -20.772755 -32.606190
156 -20.386563 -33.283874
157 -20.028006 -33.976576
158 -19.627807 -34.646084
159 -19.273412 -35.340926
160 -18.902175 -36.026916
161 -18.526751 -36.710624
162 -18.108692 -37.369128
163 -17.660988 -38.007846
164 -17.022696 -38.456158
165 -16.268913 -38.255628
166 -15.592215 -37.867711
167 -14.909974 -37.489628
168 -14.244073 -37.083456
169 -13.574218 -36.683838
170 -12.912900 -36.270246
