1 0.000000 0.000000
2 -0.324487 -0.709301
3 -0.713103 -1.385598
4 -1.062448 -2.082992
5 -1.431315 -2.770260
6 -1.757929 -3.478584
7 -2.122525 -4.168127
8 -2.653654 -4.739356
9 -3.423877 -4.616239
10 -4.142180 -4.312198
11 -4.829367 -3.943180
12 -5.547746 -3.639319
13 -6.231324 -3.263659
14 -6.945596 -2.950266
15 -7.620760 -2.559685
16 -8.346016 -2.272623
17 -9.053345 -1.943859
18 -9.768033 -1.631417
19 -10.445019 -1.244002
20 -11.160446 -0.933253
21 -11.836946 -0.544991
22 -12.546895 -0.221924
23 -13.228837 0.156699
24 -13.949642 0.454759
25 -14.654920 0.787899
26 -15.361594 1.118069
27 -16.040323 1.502422
28 -16.746855 1.832895
29 -17.425609 2.217204
30 -18.123474 2.565605
31 -18.832456 2.890790
32 -19.586496 3.090347
33 -20.222702 2.639080
34 -20.646504 1.984258
35 -21.033123 1.306817
36 -21.360360 0.598781
37 -21.750141 -0.076845
38 -22.096042 -0.775954
39 -22.459658 -1.466014
40 -22.806345 -2.164733
41 -23.177091 -2.850989
42 -23.551975 -3.534994
43 -24.329084 -3.602095
44 -25.059428 -3.328238
45 -25.744303 -2.954947
46 -26.436514 -2.595443
47 -27.122728 -2.224618
48 -27.837368 -1.912066
49 -28.528079 -1.549686
50 -29.234672 -1.219343
51 -29.910681 -0.830227
52 -30.600395 -0.465955
53 -31.259750 -0.049240
54 -31.966539 0.280683
55 -32.658842 0.640012
56 -33.369335 0.961880
57 -34.050072 1.342666
58 -34.770965 1.640513
59 -35.484871 1.954740
60 -36.261766 2.024258
61 -36.729678 1.400192
62 -37.104297 0.716043
63 -37.507397 0.048277
64 -37.971551 -0.578589
65 -38.748213 -0.506498
66 -39.451536 -0.169250
67 -40.137086 0.202801
68 -40.863419 0.487125
69 -41.564284 0.829452
70 -42.278771 1.142355
71 -42.982717 1.478302
72 -43.689784 1.807630
73 -44.373499 2.183040
74 -45.068686 2.536756
75 -45.712487 2.977121
76 -45.903594 3.733347
77 -45.172277 3.462100
78 -44.463461 3.136553
79 -43.760212 2.799151
80 -43.029563 2.526108
81 -42.300729 2.248258
82 -41.562640 1.996019
83 -40.822324 1.750394
