1 0.000000 0.000000
2 0.779944 0.009334
3 1.559688 -0.010664
4 2.339336 0.012775
5 3.119323 0.017221
6 3.898100 0.060878
7 4.677918 0.077730
8 5.457232 0.110426
9 6.237178 0.101248
10 7.013497 0.176946
11 7.792244 0.221131
12 8.571677 0.191403
13 8.910483 -0.511171
14 8.990374 -1.287069
15 9.054154 -2.064457
16 9.112750 -2.842253
17 9.148239 -3.621445
18 9.198348 -4.399834
19 9.223242 -5.179437
20 9.343815 -5.950061
21 9.392659 -6.728530
22 9.458401 -7.505755
23 9.470581 -8.285660
24 9.517633 -9.064239
25 9.552955 -9.843439
26 9.618572 -10.620674
27 9.663742 -11.399365
28 9.737284 -12.175891
29 9.767170 -12.955318
30 9.837143 -13.732173
31 9.864560 -14.511691
32 9.954218 -15.286521
33 10.019903 -16.063750
34 10.094886 -16.840138
35 10.147386 -17.618369
36 10.268632 -18.388888
37 10.330880 -19.166400
38 10.428581 -19.940257
39 10.464553 -20.719427
40 10.543725 -21.495398
41 10.607660 -22.272774
42 10.697853 -23.047541
43 10.796533 -23.821274
44 10.925297 -24.590572
45 11.042792 -25.361672
46 11.156772 -26.133300
47 10.973947 -26.891571
48 10.219642 -27.090127
49 9.444297 -27.175216
50 8.670444 -27.272947
51 7.894850 -27.355738
52 7.122917 -27.467626
53 6.348714 -27.562541
54 5.579928 -27.694334
55 4.809733 -27.817618
56 4.044567 -27.969014
57 3.273476 -28.086568
58 2.504076 -28.214725
59 1.735049 -28.345100
60 0.971408 -28.504011
61 0.197760 -28.603350
62 -0.572155 -28.728375
63 -1.349495 -28.792727
64 -2.122047 -28.900264
65 -2.890444 -29.034304
66 -3.656974 -29.178634
67 -4.423876 -29.320978
68 -5.186620 -29.484139
69 -5.948222 -29.652549
70 -6.705922 -29.837726
71 -7.451037 -30.068387
72 -8.185843 -30.330034
73 -8.941250 -30.524353
74 -9.721250 -30.523836
75 -10.100523 -29.842256
76 -10.317275 -29.092977
77 -10.448430 -28.324083
78 -10.607515 -27.560478
79 -10.763388 -26.796212
80 -10.953612 -26.039763
81 -11.127067 -25.279294
82 -11.305500 -24.519977
83 -11.430454 -23.750051
84 -11.622639 -22.994098
85 -11.781674 -22.230483
86 -11.951297 -21.469150
87 -12.079375 -20.699737
88 -12.260926 -19.941160
89 -12.427838 -19.179228
90 -12.638065 -18.428092
91 -12.783737 -17.661816
92 -12.975997 -16.905882
93 -13.152425 -16.146097
94 -13.340880 -15.389205
95 -13.531621 -14.632887
96 -13.761122 -13.887414
97 -13.962063 -13.133741
98 -14.156361 -12.378329
99 -14.312677 -11.614153
100 -14.536518 -10.866961
101 -14.715103 -10.107680
102 -14.886957 -9.346848
103 -15.051271 -8.584351
104 -15.258010 -7.832248
105 -15.445640 -7.075152
106 -15.669705 -6.328027
107 -15.927289 -5.591786
108 -16.316657 -4.915922
109 -17.096025 -4.947302
110 -17.833012 -5.202745
111 -18.583270 -5.416082
112 -19.330552 -5.639619
113 -20.081233 -5.851465
114 -20.827357 -6.078841
115 -21.573708 -6.305467
116 -22.316765 -6.542672
117 -23.073289 -6.732595
118 -23.818596 -6.962636
119 -24.582911 -7.118269
120 -25.338864 -7.310457
121 -26.100067 -7.480659
122 -26.862697 -7.644354
123 -27.631058 -7.778597
124 -28.396334 -7.929436
125 -29.161170 -8.082491
126 -29.916581 -8.276795
127 -30.677594 -8.447851
128 -31.393712 -8.757004
129 -31.805658 -9.419348
130 -31.744353 -10.196935
131 -31.570973 -10.957421
132 -31.387745 -11.715595
133 -31.222555 -12.477902
134 -31.006915 -13.227502
135 -30.821263 -13.985086
136 -30.614570 -14.737201
137 -30.423063 -15.493326
138 -30.202814 -16.241585
139 -29.997984 -16.994210
140 -29.793090 -17.746818
141 -29.601741 -18.502983
142 -29.408421 -19.258646
143 -29.180884 -20.004720
144 -28.942261 -20.747323
145 -28.729146 -21.497645
146 -28.499901 -22.243196
147 -28.232525 -22.975937
148 -27.967294 -23.709458
149 -27.723314 -24.450318
150 -27.473777 -25.189325
151 -27.238146 -25.932883
152 -27.007768 -26.678085
153 -26.790105 -27.427099
154 -26.548662 -28.168790
155 -26.310949 -28.911685
156 -26.062644 -29.651107
157 -25.841279 -30.399036
158 -25.600471 -31.140933
159 -25.334818 -31.874301
160 -25.051722 -32.601113
161 -24.786472 -33.334627
162 -24.411432 -34.018546
163 -23.831044 -34.539651
164 -23.079753 -34.329981
165 -22.349476 -34.055944
166 -21.631014 -33.752279
167 -20.917399 -33.437393
168 -20.214215 -33.099855
169 -19.498551 -32.789652
