1 0.000000 0.000000
2 -0.778663 -0.045649
3 -1.558569 -0.033512
4 -2.338326 -0.052974
5 -3.118243 -0.064372
6 -3.897949 -0.085760
7 -4.677859 -0.097614
8 -5.454716 -0.167567
9 -6.230434 -0.249183
10 -6.564539 0.455639
11 -6.618940 1.233740
12 -6.664101 2.012431
13 -6.617510 2.791039
14 -6.668394 3.569377
15 -6.688637 4.349114
16 -6.756790 5.126131
17 -6.771038 5.906001
18 -6.803812 6.685312
19 -6.807007 7.465306
20 -6.882601 8.241634
21 -6.886996 9.021622
22 -6.909776 9.801289
23 -6.865058 10.580006
24 -6.881445 11.359834
25 -6.818800 12.137314
26 -6.785796 12.916615
27 -6.683896 13.689931
28 -6.653360 14.469333
29 -6.583346 15.246184
30 -6.536368 16.024768
31 -6.446339 16.799555
32 -6.371006 17.575909
33 -6.269339 18.349254
34 -6.240032 19.128704
35 -6.160001 19.904587
36 -6.154836 20.684570
37 -6.096845 21.462411
38 -6.044975 22.240685
39 -5.957452 23.015759
40 -5.936057 23.795465
41 -5.807480 24.564795
42 -5.653656 25.329476
43 -5.011312 25.771963
44 -4.235096 25.848702
45 -3.456381 25.803948
46 -2.679373 25.735692
47 -1.899383 25.739584
48 -1.552075 26.437995
49 -1.534802 27.217804
50 -1.547151 27.997706
51 -1.520293 28.777243
52 -1.528193 29.557203
53 -1.542397 30.337074
54 -1.563731 31.116782
55 -1.544841 31.896554
56 -1.563993 32.676318
57 -1.650960 33.451455
58 -2.244833 33.957137
59 -3.018445 34.056758
60 -3.798104 34.079842
61 -4.577646 34.106557
62 -5.357175 34.079444
63 -6.135746 34.032253
64 -6.909087 33.930549
65 -7.686980 33.873258
66 -8.466977 33.871061
67 -9.244327 33.935304
68 -10.024304 33.941211
69 -10.802401 33.995669
70 -11.582325 33.984810
71 -12.362324 33.986119
72 -13.141529 33.950913
73 -13.921477 33.959949
74 -14.701069 33.934730
75 -15.480969 33.922234
76 -16.258442 33.859498
77 -17.038316 33.845506
78 -17.814156 33.765055
79 -18.452706 33.317110
80 -18.509142 32.539154
81 -18.427107 31.763480
82 -18.347366 30.987567
83 -18.282198 30.210294
84 -18.224828 29.432407
85 -18.176758 28.653889
86 -18.087819 27.878977
87 -17.993750 27.104670
88 -18.219296 26.357991
89 -18.373508 27.122595
90 -18.457774 27.898030
91 -18.533177 28.674377
92 -18.587797 29.452462
93 -18.659690 30.229142
94 -18.720993 31.006729
95 -18.807527 31.781914
