1 0.000000 0.000000
2 -0.734332 -0.262977
3 -1.466310 -0.532435
4 -2.188935 -0.826056
5 -2.926408 -1.080090
6 -3.641512 -1.391581
7 -4.377548 -1.649749
8 -5.103383 -1.935343
9 -5.843892 -2.180385
10 -6.578510 -2.442562
11 -7.260341 -2.063739
12 -7.569550 -1.347646
13 -7.782119 -0.597170
14 -8.043879 0.137597
15 -8.239802 0.892589
16 -8.544983 1.610408
17 -8.725247 2.369293
18 -8.998067 3.100024
19 -9.193252 3.855208
20 -9.469756 4.584554
21 -9.729058 5.320192
22 -10.057240 6.027791
23 -10.321792 6.761557
24 -10.628440 7.478751
25 -10.890669 8.213350
26 -11.195593 8.931278
27 -11.430033 9.675212
28 -11.721129 10.398858
29 -11.925798 11.151527
30 -12.203539 11.880403
31 -12.416468 12.630777
32 -12.715350 13.351242
33 -12.945547 14.096500
34 -13.279868 14.801219
35 -13.548207 15.533609
36 -13.879864 16.239586
37 -14.110669 16.984656
38 -14.419572 17.700881
39 -14.649902 18.446098
40 -14.935802 19.171812
41 -15.156710 19.919876
42 -15.445222 20.644556
43 -15.703445 21.380573
44 -16.045932 22.081360
45 -16.064304 22.861144
46 -15.436904 23.324577
47 -14.701322 23.584034
48 -13.973940 23.865663
49 -13.238131 24.124480
50 -12.607509 24.583517
51 -12.667398 25.361215
52 -12.897778 26.106416
53 -13.114531 26.855695
54 -13.366480 27.593883
55 -13.579106 28.344343
56 -13.853716 29.074404
57 -14.103945 29.813177
58 -14.391698 30.538159
59 -14.603331 31.288899
60 -14.941600 31.991732
61 -15.438412 32.593045
62 -16.212724 32.499012
63 -16.953985 32.256254
64 -17.673593 31.955314
65 -18.417208 31.719866
66 -19.153718 31.463053
67 -19.899327 31.233995
68 -20.640987 30.992456
69 -21.383566 30.753759
70 -22.107077 30.462328
71 -22.841317 30.199094
72 -23.560398 29.896899
73 -24.291372 29.624728
74 -25.000788 29.300493
75 -25.727010 29.015884
76 -26.374780 28.581380
77 -26.943470 28.047534
78 -26.751961 27.291410
79 -26.461052 26.567689
80 -26.094407 25.879233
81 -25.787208 25.162275
82 -25.422207 24.472946
83 -25.076117 23.773932
84 -24.686666 23.098115
85 -24.405513 22.370549
86 -24.606691 21.616939
87 -24.946129 22.319208
88 -25.181186 23.062947
89 -25.459458 23.791621
