1 0.000000 0.000000
2 -0.079947 0.775892
3 -0.189422 1.548171
4 -0.267766 2.324227
5 -0.378735 3.096293
6 -0.458509 3.872203
7 -0.411907 4.650809
8 0.306737 4.954043
9 1.069001 5.119431
10 1.841079 5.230315
11 2.608691 5.368778
12 3.385416 5.440186
13 4.155323 5.565255
14 4.928935 5.664875
15 5.687898 5.844808
16 6.455817 5.981560
17 7.214831 6.161276
18 7.988953 6.256848
19 8.762476 6.357159
20 9.539340 6.427033
21 10.307184 6.564206
22 11.080704 6.664534
23 11.848496 6.801997
24 12.625271 6.872854
25 13.390862 7.022086
26 14.162692 7.134683
27 14.927227 7.289236
28 15.695434 7.424357
29 16.455443 7.599820
30 17.226559 7.717208
31 18.004404 7.659275
32 18.353566 6.961789
33 18.522099 6.200214
34 18.596872 5.423806
35 18.735004 4.656134
36 18.831242 3.882094
37 18.992919 3.119034
38 19.094488 2.345676
39 19.201074 1.572992
40 19.269027 0.795958
41 19.515036 0.055769
42 20.251642 -0.200770
43 21.024007 -0.091902
44 21.797145 0.011331
45 22.570549 0.112552
46 23.346298 0.193878
47 24.117543 0.310415
48 24.890538 0.414719
49 25.666165 0.497193
50 26.445489 0.529670
51 27.215962 0.651208
52 27.993858 0.708461
53 28.760666 0.851309
54 29.538123 0.914245
55 30.313022 1.003301
56 31.089500 1.077341
57 31.862801 1.179347
58 32.639581 1.250150
59 33.409847 1.372995
60 34.184054 1.467880
61 34.963400 1.499817
62 35.603360 1.053889
63 35.837635 0.309904
64 35.954250 -0.461330
65 36.060433 -1.234069
66 36.350617 -1.958080
67 37.130477 -1.972851
68 37.904174 -1.873892
69 38.668478 -1.718198
70 39.438278 -1.592469
71 40.201215 -1.430213
72 40.969065 -1.293078
73 41.721708 -1.088315
74 42.489254 -0.949487
75 43.249432 -0.774758
76 44.023951 -0.682450
77 44.792960 -0.551969
78 45.567047 -0.456111
79 46.340074 -0.352048
80 47.108221 -0.487511
81 47.225717 -1.258611
82 46.492965 -1.525958
83 45.745890 -1.750189
84 44.993525 -1.955971
85 44.250848 -2.194363
