1 0.000000 0.000000
2 0.367791 -0.687844
3 0.743092 -1.371620
4 1.107071 -2.061489
5 1.516083 -2.725650
6 1.875919 -3.417689
7 2.261060 -4.095971
8 2.584011 -4.805972
9 2.552765 -5.585346
10 1.996171 -5.038900
11 1.505522 -4.432548
12 1.069455 -3.785828
13 0.579303 -3.179074
14 0.125247 -2.544856
15 -0.370318 -1.942514
16 -0.841105 -1.320614
17 -1.375031 -0.751999
18 -1.857868 -0.139407
19 -2.364205 0.453908
20 -2.777399 1.115475
21 -2.685574 1.890051
22 -2.076916 2.377838
23 -1.462984 2.858969
24 -0.843932 3.333494
25 -0.251610 3.840993
26 0.376175 4.303904
27 0.950383 4.831810
28 1.562723 5.314966
29 2.170650 5.803663
30 2.809877 6.250640
31 3.418758 6.738148
32 4.021816 7.232841
33 4.598858 7.757648
34 5.205856 8.247499
35 5.788647 8.765914
36 6.394325 9.257396
37 6.977889 9.774941
38 7.588167 10.260700
39 8.174089 10.775573
40 8.783572 11.262328
41 9.356791 11.791308
42 9.976963 12.264369
43 10.544114 12.799851
44 11.142300 13.300423
45 11.831203 13.666228
46 12.540505 13.341745
47 13.060128 12.760030
48 13.533858 12.140369
49 14.050441 11.555952
50 14.550602 10.957422
51 15.099613 10.403358
52 15.572822 9.783298
53 16.058421 9.172894
54 16.552050 8.568965
55 17.143542 8.060500
56 17.908847 8.211193
57 18.555506 8.647349
58 19.202069 9.083646
59 19.823668 9.554831
60 20.470908 9.990125
61 21.084734 10.471392
62 21.724281 10.917910
63 22.332160 11.406667
64 22.903960 11.937181
65 23.383135 12.552641
66 23.216466 13.314626
67 22.785246 13.964588
68 22.320544 14.591048
69 21.865421 15.224501
70 21.376542 15.832282
71 20.833592 16.392286
72 20.355814 17.008831
73 19.882454 17.628776
74 19.423128 18.259188
75 19.907955 18.870206
76 20.422778 18.284239
77 20.926058 17.688329
78 21.484505 17.143776
79 22.016582 16.573431
