1 0.000000 0.000000
2 0.134482 -0.768319
3 0.286503 -1.533362
4 0.458504 -2.294161
5 0.576902 -3.065123
6 0.742938 -3.827246
7 0.879032 -4.595281
8 1.048601 -5.356627
9 1.150480 -6.129944
10 1.276531 -6.899692
11 1.161029 -7.671093
12 0.504922 -8.092903
13 0.372682 -7.324195
14 0.302623 -6.547348
15 0.163547 -5.779847
16 0.037737 -5.010060
17 -0.111846 -4.244537
18 -0.259864 -3.478710
19 -0.441853 -2.720238
20 -0.559630 -1.949181
21 -0.708124 -1.183447
22 -0.797805 -0.408619
23 -0.573222 0.338350
24 0.179304 0.543545
25 0.956269 0.612277
26 1.735447 0.648093
27 2.512811 0.712161
28 3.291279 0.761017
29 4.065799 0.853322
30 4.842469 0.925314
31 5.613632 1.042394
32 6.389476 1.122803
33 7.153386 1.280415
34 7.923765 1.402547
35 8.685777 1.569095
36 9.456922 1.686294
37 10.216369 1.864171
38 10.984935 1.997237
39 11.743111 2.180455
40 12.512999 2.305643
41 13.280419 2.445167
42 14.051998 2.559475
43 14.805305 2.761782
44 15.567224 2.928752
45 16.327266 3.104070
46 17.097728 3.225678
47 17.877330 3.250572
48 18.413393 2.683971
49 18.557190 1.917340
50 18.617892 1.139706
51 18.751870 0.371298
52 18.821497 -0.405588
53 18.952394 -1.174526
54 19.052661 -1.948055
55 19.212447 -2.711513
56 19.338381 -3.481280
57 19.588907 -4.219952
58 20.128415 -4.783273
59 20.907822 -4.752852
60 21.680847 -4.648772
61 22.447984 -4.507702
62 23.219128 -4.390501
63 23.985211 -4.243812
64 24.755706 -4.122417
65 25.521220 -3.972789
66 26.290935 -3.846541
67 27.051810 -3.674873
68 27.729651 -3.288956
69 27.749880 -2.509219
70 27.607743 -1.742279
71 27.441794 -0.980136
72 27.322982 -0.209238
73 27.192157 0.559712
74 27.056995 1.327912
75 26.903310 2.092622
76 26.726768 2.852380
77 26.921093 3.607786
78 27.235750 2.894070
79 27.428843 2.138348
80 27.566181 1.370534
81 27.724022 0.606671
82 27.880744 -0.157422
