1 0.000000 0.000000
2 -0.718901 -0.302624
3 -1.440147 -0.599616
4 -2.141315 -0.941323
5 -2.867443 -1.226170
6 -3.575195 -1.554023
7 -4.290666 -1.864668
8 -4.991314 -2.207441
9 -5.702611 -2.527528
10 -6.412911 -2.849824
11 -7.006219 -2.343479
12 -7.404826 -1.673022
13 -7.692443 -0.947987
14 -8.010062 -0.235584
15 -8.296489 0.489923
16 -8.634830 1.192721
17 -8.915639 1.920420
18 -9.256360 2.622068
19 -9.564829 3.338480
20 -9.906117 4.039852
21 -10.222244 4.752919
22 -10.581748 5.445130
23 -10.920020 6.147962
24 -11.249570 6.854925
25 -11.584913 7.559158
26 -11.959298 8.243436
27 -12.295836 8.947100
28 -12.660962 9.636362
29 -12.990705 10.343235
30 -13.334064 11.043596
31 -13.671112 11.747015
32 -14.034803 12.437036
33 -14.347759 13.151500
34 -14.710126 13.842217
35 -15.044948 14.546698
36 -15.403284 15.239515
37 -15.716933 15.953675
38 -16.057300 16.655494
39 -16.344820 17.380568
40 -16.681070 18.084369
41 -17.012178 18.790604
42 -17.394780 19.470322
43 -17.749243 20.165128
44 -18.135953 20.842517
45 -18.423390 21.567623
46 -17.906536 22.151799
47 -17.206236 22.495281
48 -16.526501 22.877852
49 -15.829251 23.227484
50 -15.204230 23.694120
51 -15.222373 24.473909
52 -15.592539 25.160477
53 -15.936439 25.860572
54 -16.336885 26.529932
55 -16.677741 27.231515
56 -17.060987 27.910869
57 -17.431265 28.597377
58 -17.813299 29.277414
59 -18.165281 29.973481
60 -18.546804 30.653804
61 -19.075166 31.227593
62 -19.850265 31.140289
63 -20.558297 30.813042
64 -21.233478 30.422492
65 -21.935224 30.081973
66 -22.626833 29.721310
67 -23.334853 29.394038
68 -24.015682 29.013418
69 -24.714926 28.667791
70 -25.406439 28.306945
71 -26.105691 27.961334
72 -26.791473 27.589712
73 -27.490275 27.243192
74 -28.167928 26.856947
75 -28.847428 26.473958
76 -29.466227 25.999102
77 -29.923757 25.367385
78 -29.678632 24.626903
79 -29.321023 23.933711
80 -28.917325 23.266307
81 -28.556966 22.574540
82 -28.159937 21.903147
83 -27.750592 21.239192
84 -27.297036 20.604616
85 -26.757137 20.041669
86 -27.070735 20.755852
87 -27.451650 21.436515
88 -27.788277 22.140136
89 -28.154899 22.828604
