1 0.000000 0.000000
2 -0.037700 0.779088
3 -0.119093 1.554830
4 -0.155908 2.333961
5 -0.234462 3.109995
6 -0.262448 3.889493
7 -0.155971 4.662191
8 0.559982 4.971724
9 1.334245 5.066152
10 2.113475 5.100814
11 2.892248 5.144540
12 3.672139 5.131488
13 4.449581 5.194612
14 5.227399 5.136317
15 6.005453 5.191381
16 6.785282 5.207711
17 7.559318 5.303986
18 8.338876 5.330244
19 9.117910 5.369037
20 9.896931 5.408120
21 10.671128 5.503088
22 11.450623 5.531133
23 12.228102 5.593794
24 13.007977 5.607755
25 13.785279 5.672578
26 14.564848 5.646647
27 15.341240 5.721582
28 16.118985 5.780846
29 16.893339 5.874532
30 17.672880 5.901287
31 18.419659 5.676075
32 18.684905 4.942560
33 18.738355 4.164394
34 18.738570 3.384394
35 18.804594 2.607193
36 18.855039 1.828826
37 18.925142 1.051982
38 18.948000 0.272317
39 18.974414 -0.507235
40 19.001556 -1.286763
41 19.208603 -2.038781
42 19.905245 -2.389624
43 20.684449 -2.354415
44 21.464079 -2.330377
45 22.243115 -2.291613
46 23.023082 -2.284376
47 23.802935 -2.269242
48 24.582615 -2.291575
49 25.362437 -2.274925
50 26.142342 -2.287135
51 26.922235 -2.274245
52 27.702050 -2.291255
53 28.482007 -2.283085
54 29.261172 -2.319162
55 30.040861 -2.297128
56 30.820860 -2.296080
57 31.598509 -2.235568
58 32.378507 -2.237439
59 33.158506 -2.238595
60 33.938479 -2.245092
61 34.718364 -2.258477
62 35.374958 -2.679529
63 35.544862 -3.440799
64 35.548150 -4.220792
65 35.507188 -4.999716
66 35.529916 -5.779385
67 36.308540 -5.825686
68 37.088137 -5.850754
69 37.867941 -5.868256
70 38.647887 -5.859066
71 39.426530 -5.905044
72 40.206530 -5.905612
73 40.986100 -5.931520
74 41.765919 -5.914717
75 42.545873 -5.923155
76 43.325873 -5.923983
77 44.105852 -5.918283
78 44.885733 -5.904661
79 45.649372 -6.063580
80 45.578623 -6.840365
81 44.804022 -6.931976
82 44.025910 -6.986216
83 43.246071 -7.002044
84 42.467941 -7.056021
