1 0.000000 0.000000
2 -0.642195 0.442702
3 -1.254077 0.926438
4 -1.860757 1.416682
5 -2.474951 1.897479
6 -3.098916 2.365526
7 -3.724114 2.831924
8 -4.322556 3.332192
9 -4.908583 3.846946
10 -5.516559 4.335582
11 -6.261040 4.568280
12 -6.775837 3.982290
13 -7.253943 3.365999
14 -7.698902 2.725365
15 -8.153706 2.091683
16 -8.642876 1.484136
17 -9.119674 0.866832
18 -9.588610 0.243536
19 -10.050457 -0.385032
20 -10.501809 -1.021178
21 -10.943857 -1.663823
22 -11.422241 -2.279898
23 -11.932161 -2.870138
24 -12.419753 -3.478951
25 -12.881139 -4.107857
26 -13.358174 -4.724977
27 -13.831949 -5.344604
28 -14.321703 -5.951680
29 -14.837332 -6.536938
30 -15.354603 -7.120745
31 -15.897993 -7.680323
32 -16.417422 -8.262211
33 -16.924456 -8.854930
34 -17.449908 -9.431385
35 -17.966310 -10.015961
36 -18.506294 -10.578826
37 -19.066421 -11.121651
38 -19.601905 -11.688798
39 -20.102192 -12.287223
40 -20.616401 -12.873729
41 -21.155202 -13.437727
42 -21.695931 -13.999877
43 -22.178504 -14.612676
44 -22.282595 -15.385700
45 -21.800324 -15.998737
46 -21.207099 -16.505179
47 -20.612249 -17.009713
48 -20.028278 -17.526798
49 -19.417282 -18.011653
50 -18.803107 -18.492474
51 -18.185866 -18.969353
52 -17.617215 -19.503241
53 -17.002217 -19.983009
54 -16.381870 -20.455841
55 -15.753414 -20.917840
56 -15.146087 -21.407282
57 -14.532087 -21.888327
58 -13.922863 -22.375406
59 -13.293469 -22.836126
60 -12.695904 -23.337440
61 -12.069434 -23.802129
62 -11.450858 -24.277275
63 -10.861952 -24.788733
64 -10.175204 -25.158567
65 -9.430185 -24.927597
66 -8.942376 -24.318957
67 -8.499759 -23.676703
68 -8.022674 -23.059622
69 -7.544661 -22.443258
70 -7.048904 -21.841075
71 -6.585110 -21.213942
72 -6.094178 -20.607819
73 -5.654535 -19.963525
74 -5.144782 -19.373142
75 -4.651575 -18.768868
76 -4.177576 -18.149413
77 -3.745834 -17.499798
78 -3.278677 -16.875167
79 -2.824258 -16.241209
80 -2.296324 -15.667027
81 -1.744952 -15.115311
82 -1.194371 -14.562807
83 -0.666468 -13.988597
84 -0.138738 -13.414226
85 0.363066 -12.817072
86 0.897048 -12.248510
87 1.403791 -11.655541
88 1.957302 -11.105974
89 2.516446 -10.562136
90 3.072862 -10.015510
91 3.620234 -9.459827
92 4.160668 -8.897393
93 4.722550 -8.356386
94 5.263323 -7.794279
95 5.774861 -7.205442
96 6.316508 -6.644177
97 7.069779 -6.441735
98 7.690693 -6.913822
99 8.259855 -7.447165
100 8.830634 -7.978777
101 9.383219 -8.529277
102 9.991877 -9.017063
103 10.548535 -9.563444
104 11.149042 -10.061230
105 11.755205 -10.552113
106 12.300868 -11.109474
107 12.908656 -11.598344
108 13.504020 -12.102270
109 14.086454 -12.621088
110 14.689936 -13.115263
111 15.315370 -13.581344
112 15.933203 -14.057457
113 16.526649 -14.563640
114 17.151536 -15.030455
115 17.757478 -15.521611
116 18.324367 -16.057369
117 18.892191 -16.592137
118 19.462982 -17.123736
119 20.067222 -17.616984
120 20.644082 -18.141991
121 21.167967 -18.719870
122 21.181170 -19.499759
123 20.659955 -20.080047
124 20.146455 -20.667174
125 19.622921 -21.245371
126 19.121655 -21.842976
127 18.635409 -22.452866
128 18.118193 -23.036721
129 17.631514 -23.646265
130 17.136881 -24.249372
131 16.650284 -24.858982
132 16.124897 -25.435495
133 15.623221 -26.032757
134 15.162809 -26.662377
135 14.664631 -27.262559
136 14.169702 -27.865423
137 13.629061 -28.427657
138 13.105680 -29.005993
139 12.567814 -29.570882
140 12.038643 -30.143925
141 11.505647 -30.713412
142 10.979848 -31.289550
143 10.468723 -31.878746
144 9.939511 -32.451750
145 9.429567 -33.041969
146 8.933658 -33.644027
147 8.436453 -34.245015
148 7.913819 -34.824027
149 7.380558 -35.393266
150 6.854918 -35.969549
151 6.318925 -36.536216
152 5.759842 -37.080115
153 5.246054 -37.666989
154 4.666573 -38.189102
155 3.906904 -38.366030
156 3.314001 -37.859211
157 2.793920 -37.277905
158 2.230027 -36.738994
159 1.638263 -36.230845
160 1.010302 -35.768174
161 0.424401 -35.253276
162 -0.142783 -34.717830
163 -0.686217 -34.158295
164 -1.240965 -33.609975
165 -1.796919 -33.062879
166 -2.366027 -32.529477
