1 0.000000 0.000000
2 -0.688178 -0.367167
3 -1.364749 -0.755306
4 -2.057531 -1.113708
5 -2.731801 -1.505830
6 -3.420027 -1.872908
7 -4.082876 -2.284042
8 -4.755860 -2.678367
9 -5.408662 -3.105273
10 -6.116683 -3.432545
11 -6.723289 -2.942209
12 -7.121257 -2.271373
13 -7.550648 -1.620202
14 -7.952816 -0.951875
15 -8.364446 -0.289334
16 -8.764329 0.380363
17 -9.183929 1.037885
18 -9.567880 1.716841
19 -9.999512 2.366529
20 -10.377240 3.048967
21 -10.797513 3.706059
22 -11.190536 4.379805
23 -11.586482 5.051837
24 -11.889452 5.770592
25 -12.259047 6.457469
26 -12.597742 7.160096
27 -13.020405 7.815654
28 -13.418405 8.486472
29 -13.833105 9.147095
30 -14.203056 9.833781
31 -14.646098 10.475741
32 -14.996107 11.172802
33 -15.403996 11.837653
34 -15.801524 12.508750
35 -16.249962 13.146953
36 -16.636210 13.824605
37 -17.059724 14.479614
38 -17.449682 15.155138
39 -17.896887 15.794205
40 -18.302383 16.460518
41 -18.733090 17.110820
42 -19.155622 17.766461
43 -19.631937 18.384138
44 -20.078183 19.023876
45 -20.339283 19.758877
46 -19.927981 20.421622
47 -19.316743 20.906171
48 -18.636779 21.288335
49 -17.993163 21.728969
50 -17.378507 22.209176
51 -17.360346 22.988965
52 -17.760053 23.658766
53 -18.173874 24.319941
54 -18.543093 25.007020
55 -18.950780 25.671995
56 -19.353971 26.339705
57 -19.778644 26.993962
58 -20.145735 27.682181
59 -20.532893 28.359313
60 -20.948188 29.019563
61 -21.509668 29.560988
62 -22.278508 29.429519
63 -22.922009 28.988716
64 -23.597920 28.599429
65 -24.255511 28.179937
66 -24.940054 27.806036
67 -25.629285 27.440851
68 -26.340466 27.120504
69 -27.024465 26.745611
70 -27.735738 26.425469
71 -28.400394 26.017263
72 -28.762763 25.326547
73 -28.456352 24.609252
74 -28.098955 23.915950
75 -27.702711 23.244094
76 -27.354596 22.546086
77 -26.969072 21.868021
78 -26.607011 21.177144
79 -26.199853 20.511845
80 -25.799038 19.842706
81 -26.044657 19.102387
82 -26.547729 19.698474
83 -27.033433 20.308795
84 -27.515063 20.922335
85 -28.003983 21.530083
