1 0.000000 0.000000
2 -0.721927 -0.295332
3 -1.440362 -0.599061
4 -2.132803 -0.958123
5 -2.850008 -1.264746
6 -3.549291 -1.610293
7 -4.267382 -1.914833
8 -4.930310 -2.325840
9 -5.630009 -2.670546
10 -6.356745 -2.953837
11 -6.916244 -2.410366
12 -7.274213 -1.717359
13 -7.603739 -1.010385
14 -7.950539 -0.311722
15 -8.258301 0.404994
16 -8.600728 1.105811
17 -8.911761 1.821114
18 -9.219480 2.537849
19 -9.531620 3.252669
20 -9.891846 3.944506
21 -10.195355 4.663034
22 -10.545194 5.360180
23 -10.848436 6.078820
24 -11.196748 6.776731
25 -11.516107 7.488355
26 -11.869708 8.183601
27 -12.177000 8.900519
28 -12.565811 9.576704
29 -12.886226 10.287854
30 -13.254024 10.975694
31 -13.613692 11.667821
32 -13.962521 12.365473
33 -14.252269 13.089659
34 -14.595041 13.790307
35 -14.889322 14.512663
36 -15.231273 15.213712
37 -15.521843 15.937569
38 -15.851945 16.644275
39 -16.175316 17.354086
40 -16.519714 18.053935
41 -16.841904 18.764283
42 -17.243624 19.432879
43 -17.653360 20.096594
44 -17.800718 20.862548
45 -17.237621 21.402290
46 -16.555625 21.780814
47 -15.836545 22.083014
48 -15.135268 22.424497
49 -14.451621 22.800032
50 -14.121175 23.506576
51 -14.449209 24.214244
52 -14.774162 24.923332
53 -15.106466 25.629005
54 -15.455003 26.326803
55 -15.772687 27.039177
56 -16.120510 27.737331
57 -16.467238 28.436030
58 -16.790950 29.145685
59 -17.135004 29.845704
60 -17.644372 30.436419
61 -18.414464 30.312491
62 -19.113670 29.966787
63 -19.820570 29.637103
64 -20.499028 29.252272
65 -21.195436 28.900966
66 -21.890781 28.547560
67 -22.611371 28.248981
68 -23.309569 27.901246
69 -24.025172 27.590903
70 -24.718249 27.233070
71 -25.429431 26.912727
72 -26.143979 26.599963
73 -26.867717 26.309097
74 -27.562902 25.955377
75 -28.276218 25.639813
76 -28.964256 25.272384
77 -29.662083 24.923905
78 -30.355609 24.566945
79 -31.074453 24.264185
80 -31.757745 23.888003
81 -32.339538 23.368469
82 -32.218540 22.597911
83 -31.888233 21.891301
84 -31.499305 21.215183
85 -31.143063 20.521287
86 -30.771680 19.835375
87 -30.432131 19.133160
88 -30.025085 18.467793
89 -29.628572 17.796095
90 -29.451386 17.036487
91 -29.894062 17.678700
92 -30.253145 18.371130
93 -30.675896 19.026631
94 -31.068226 19.700781
95 -31.500202 20.350239
