1 0.000000 0.000000
2 0.779981 0.005410
3 1.557430 -0.057629
4 2.337429 -0.059005
5 3.114831 -0.122603
6 3.894712 -0.136241
7 4.674441 -0.156795
8 5.454026 -0.131355
9 6.234026 -0.131688
10 7.012279 -0.079511
11 7.790499 -0.026849
12 8.565292 0.063133
13 9.333405 -0.072524
14 9.649404 -0.785646
15 9.693621 -1.564392
16 9.742964 -2.342830
17 9.801446 -3.120634
18 9.922998 -3.891105
19 9.981836 -4.668883
20 10.079791 -5.442707
21 10.139364 -6.220429
22 10.269769 -6.989451
23 10.379034 -7.761760
24 10.516826 -8.529493
25 10.607653 -9.304186
26 10.738428 -10.073145
27 10.859020 -10.843767
28 10.972164 -11.615517
29 11.067958 -12.389612
30 11.164149 -13.163659
31 11.244189 -13.939541
32 11.341192 -14.713486
33 11.449142 -15.485980
34 11.559296 -16.258162
35 11.634845 -17.034495
36 11.777449 -17.801348
37 11.873671 -18.575390
38 11.981444 -19.347909
39 12.063793 -20.123550
40 12.201910 -20.891224
41 12.297193 -21.665382
42 12.393798 -22.439377
43 12.496169 -23.212630
44 12.638809 -23.979476
45 12.773971 -24.747676
46 12.963693 -25.504251
47 13.062581 -26.277957
48 12.882542 -27.036895
49 12.147317 -27.297363
50 11.379823 -27.436476
51 10.608589 -27.553088
52 9.842867 -27.701649
53 9.072070 -27.821114
54 8.304854 -27.961755
55 7.539548 -28.112440
56 6.773588 -28.259770
57 6.005926 -28.397952
58 5.240549 -28.548280
59 4.472568 -28.684679
60 3.705869 -28.828115
61 2.937332 -28.961343
62 2.171839 -29.111077
63 1.402408 -29.239048
64 0.642515 -29.415009
65 -0.116397 -29.595158
66 -0.873009 -29.784732
67 -1.634446 -29.953885
68 -2.396099 -30.122069
69 -3.154706 -30.303494
70 -3.901201 -30.529647
71 -4.653435 -30.735909
72 -5.394242 -30.980049
73 -6.154060 -31.156334
74 -6.923573 -31.283811
75 -7.538368 -30.803783
76 -7.851793 -30.089525
77 -8.035713 -29.331518
78 -8.261954 -28.585050
79 -8.466031 -27.832220
80 -8.693429 -27.086104
81 -8.932032 -26.343494
82 -9.145092 -25.593157
83 -9.397086 -24.854985
84 -9.663930 -24.122049
85 -9.885807 -23.374272
86 -10.132678 -22.634370
87 -10.343508 -21.883404
88 -10.599157 -21.146489
89 -10.814880 -20.396913
90 -11.084367 -19.664946
91 -11.279986 -18.909874
92 -11.530599 -18.171231
93 -11.779395 -17.431974
94 -12.052299 -16.701274
95 -12.283229 -15.956243
96 -12.551587 -15.223860
97 -12.777655 -14.477339
98 -13.013260 -13.733774
99 -13.181460 -12.972125
100 -13.401598 -12.223834
101 -13.573367 -11.462982
102 -13.785610 -10.712414
103 -13.937003 -9.947247
104 -14.130017 -9.191505
105 -14.243695 -8.419834
106 -14.431827 -7.662862
107 -14.619124 -6.905683
108 -14.974368 -6.211275
109 -15.651082 -5.823387
110 -16.411591 -5.996667
111 -17.171795 -6.171282
112 -17.907798 -6.429544
113 -18.667420 -6.606672
114 -19.406414 -6.856248
115 -20.155676 -7.073056
116 -20.901187 -7.302432
117 -21.657298 -7.493994
118 -22.408206 -7.705034
119 -23.163900 -7.898234
120 -23.918337 -8.096289
121 -24.684797 -8.240989
122 -25.436496 -8.449192
123 -26.195589 -8.628573
124 -26.951198 -8.822107
125 -27.711009 -8.998425
126 -28.466498 -9.192424
127 -29.220568 -9.391869
128 -29.956451 -9.650475
129 -30.691778 -9.910656
130 -31.264125 -10.440579
131 -31.255237 -11.220529
132 -31.043650 -11.971282
133 -30.877313 -12.733340
134 -30.658983 -13.482160
135 -30.464039 -14.237406
136 -30.247131 -14.986640
137 -30.060206 -15.743911
138 -29.862870 -16.498536
139 -29.706829 -17.262768
140 -29.487340 -18.011250
141 -29.260212 -18.757448
142 -29.027640 -19.501969
143 -28.847526 -20.260888
144 -28.603653 -21.001784
145 -28.411411 -21.757722
146 -28.144183 -22.490518
147 -27.897876 -23.230608
148 -27.645662 -23.968705
149 -27.450969 -24.724016
150 -27.178259 -25.454789
151 -26.921766 -26.191411
152 -26.674759 -26.931267
153 -26.473606 -27.684883
154 -26.217823 -28.421752
155 -25.968227 -29.160739
156 -25.676782 -29.884244
157 -25.407410 -30.616254
158 -25.105926 -31.335634
159 -24.840627 -32.069130
160 -24.551883 -32.793717
161 -24.274178 -33.522607
162 -23.925767 -34.220468
163 -23.555858 -34.907176
164 -23.075080 -35.521385
165 -22.420663 -35.945812
166 -21.689504 -35.674138
167 -20.965437 -35.384093
168 -20.275893 -35.019498
169 -19.573467 -34.680386
170 -18.895109 -34.295379
171 -18.174013 -33.998022
