1 0.000000 0.000000
2 -0.737036 -0.255300
3 -1.483030 -0.483101
4 -2.217036 -0.746986
5 -2.968909 -0.954557
6 -3.690637 -1.250376
7 -4.431858 -1.493258
8 -5.155595 -1.784126
9 -5.876377 -2.082244
10 -6.596617 -2.381668
11 -7.303654 -2.052277
12 -7.642493 -1.349719
13 -7.908600 -0.616516
14 -8.194334 0.109264
15 -8.463576 0.841322
16 -8.755853 1.564491
17 -8.981374 2.311177
18 -9.259466 3.039919
19 -9.459237 3.793903
20 -9.712015 4.531808
21 -9.896868 5.289587
22 -10.175615 6.018078
23 -10.392134 6.767425
24 -10.633827 7.509034
25 -10.859521 8.255668
26 -11.128728 8.987739
27 -11.369424 9.729672
28 -11.664007 10.451906
29 -11.876389 11.202435
30 -12.109869 11.946670
31 -12.368414 12.682574
32 -12.685641 13.395152
33 -12.909130 14.142449
34 -13.193067 14.868933
35 -13.422568 15.614406
36 -13.732604 16.330142
37 -13.981913 17.069226
38 -14.299349 17.781710
39 -14.574832 18.511443
40 -14.903484 19.218824
41 -15.173672 19.950533
42 -15.500603 20.658711
43 -15.810058 21.374698
44 -16.195985 22.052533
45 -16.267193 22.829276
46 -15.673399 23.335051
47 -14.941154 23.603782
48 -14.228100 23.919937
49 -13.516742 24.239891
50 -12.908238 24.727869
51 -12.996220 25.502891
52 -13.341616 26.202249
53 -13.615932 26.932421
54 -13.949810 27.637350
55 -14.247436 28.358335
56 -14.578627 29.064531
57 -14.888956 29.780139
58 -15.236010 30.478676
59 -15.546541 31.194198
60 -15.951777 31.860669
61 -16.525984 32.388576
62 -17.264097 32.136407
63 -17.969746 31.804054
64 -18.661540 31.443747
65 -19.362051 31.100695
66 -20.044619 30.723202
67 -20.757439 30.406521
68 -21.457021 30.061578
69 -22.161911 29.727616
70 -22.858307 29.376287
71 -23.580871 29.082516
72 -24.275270 28.727255
73 -24.988820 28.412222
74 -25.690512 28.071592
75 -26.390081 27.726623
76 -27.006562 27.248762
77 -27.374477 26.560984
78 -27.073186 25.841523
79 -26.689953 25.162161
80 -26.255822 24.514142
81 -25.877950 23.831783
82 -25.436802 23.188519
83 -25.015080 22.532355
84 -24.600648 21.871563
85 -25.103481 22.467851
86 -25.577822 23.087045
87 -26.034972 23.719037
