1 0.000000 0.000000
2 -0.204999 -0.752579
3 -0.415506 -1.503636
4 -0.678241 -2.238055
5 -0.882891 -2.990729
6 -1.132954 -3.729558
7 -1.311200 -4.488918
8 -1.605651 -5.211206
9 -2.200673 -5.715536
10 -2.968650 -5.579117
11 -3.721332 -5.374494
12 -4.458162 -5.118600
13 -5.215608 -4.932385
14 -5.950342 -4.670536
15 -6.700850 -4.458079
16 -7.438963 -4.205908
17 -8.190284 -3.996346
18 -8.934439 -3.762608
19 -9.692089 -3.577226
20 -10.424207 -3.308148
21 -11.178605 -3.109948
22 -11.930129 -2.901114
23 -12.686081 -2.708923
24 -13.439459 -2.506880
25 -14.191719 -2.300714
26 -14.933333 -2.059035
27 -15.684951 -1.850541
28 -16.425077 -1.604340
29 -17.166083 -1.360805
30 -17.885613 -1.059678
31 -18.626478 -0.815714
32 -19.362746 -0.558208
33 -20.126114 -0.397994
34 -20.843825 -0.703431
35 -21.120795 -1.432600
36 -21.372514 -2.170866
37 -21.596698 -2.917955
38 -21.816931 -3.666218
39 -22.032025 -4.415974
40 -22.303261 -5.147296
41 -22.528349 -5.894112
42 -22.785843 -6.630385
43 -22.983700 -7.384873
44 -23.373113 -8.060712
45 -24.149299 -7.983669
46 -24.892298 -7.746283
47 -25.639826 -7.523568
48 -26.373512 -7.258795
49 -27.128069 -7.061199
50 -27.866248 -6.809223
51 -28.621759 -6.615308
52 -29.361449 -6.367804
53 -30.111622 -6.154169
54 -30.846648 -5.893139
55 -31.596687 -5.679032
56 -32.338261 -5.437231
57 -33.091144 -5.233351
58 -33.830321 -4.984318
59 -34.578844 -4.764970
60 -35.324904 -4.537384
61 -36.083348 -4.355280
62 -36.859549 -4.278385
63 -37.225176 -4.967382
64 -37.496000 -5.698856
65 -37.693613 -6.453408
66 -37.958933 -7.186897
67 -38.430956 -7.807859
68 -39.202627 -7.694175
69 -39.955154 -7.488984
70 -40.707775 -7.284140
71 -41.472168 -7.128886
72 -42.233182 -6.957838
73 -42.997970 -6.804541
74 -43.758697 -6.632221
75 -44.524779 -6.485531
76 -45.285256 -6.312108
77 -46.045125 -6.136042
78 -46.805273 -5.961185
79 -47.350922 -5.403810
80 -46.582543 -5.537951
81 -45.820448 -5.704120
82 -45.050963 -5.831763
