1 0.000000 0.000000
2 -0.690487 -0.362805
3 -1.327800 -0.812508
4 -1.976199 -1.246073
5 -2.618353 -1.688834
6 -3.265339 -2.124505
7 -3.907958 -2.566592
8 -4.567019 -2.983771
9 -5.209109 -3.426626
10 -5.850681 -3.870231
11 -6.494308 -4.310849
12 -7.210550 -4.001983
13 -7.679663 -3.378820
14 -8.073864 -2.705763
15 -8.519874 -2.065861
16 -8.932091 -1.403684
17 -9.367803 -0.756726
18 -9.754981 -0.079605
19 -10.214319 0.550799
20 -10.611722 1.221970
21 -11.032815 1.878538
22 -11.420035 2.555635
23 -11.836555 3.215113
24 -12.221392 3.893567
25 -12.607378 4.571369
26 -12.975328 5.259128
27 -13.416955 5.902063
28 -13.813078 6.573990
29 -14.248485 7.221154
30 -14.661684 7.882718
31 -15.082535 8.539440
32 -15.510405 9.191611
33 -15.908916 9.862125
34 -16.279725 10.548348
35 -16.677888 11.219068
36 -17.054542 11.902100
37 -17.463011 12.566594
38 -17.815873 13.262215
39 -18.228204 13.924320
40 -18.595928 14.612200
41 -18.968814 15.297296
42 -19.345375 15.980378
43 -19.804948 16.610610
44 -20.247239 17.253089
45 -20.752827 17.847043
46 -20.856920 18.620066
47 -20.305406 19.171638
48 -19.650354 19.595085
49 -19.010424 20.041055
50 -18.375577 20.494231
51 -17.867815 21.086327
52 -18.104406 21.829580
53 -18.528352 22.484309
54 -18.951542 23.139526
55 -19.409682 23.770801
56 -19.816118 24.436541
57 -20.238466 25.092302
58 -20.638079 25.762160
59 -21.076267 26.407443
60 -21.489851 27.068767
61 -21.967138 27.685692
62 -22.600068 28.141543
63 -23.341813 27.900269
64 -24.020753 27.516289
65 -24.668455 27.081682
66 -25.343569 26.691015
67 -25.978595 26.238090
68 -26.620632 25.795158
69 -27.248052 25.331753
70 -27.889230 24.887579
71 -28.509071 24.414083
72 -29.164367 23.991016
73 -29.800411 23.539519
74 -30.472680 23.143977
75 -31.101231 22.682108
76 -31.756871 22.259572
77 -32.367655 21.774451
78 -33.004092 21.323509
79 -33.602743 20.823492
80 -34.233721 20.364943
81 -34.830210 19.862350
82 -35.423311 19.355762
83 -35.975036 18.804400
84 -36.159964 18.046639
85 -35.732174 17.394415
86 -35.226801 16.800279
87 -34.707225 16.218522
88 -34.223752 15.606433
89 -33.728298 15.004000
90 -33.238782 14.396732
91 -32.719752 13.814489
92 -32.265517 13.180398
93 -32.495700 12.435136
94 -33.018598 13.013909
95 -33.506367 13.622581
96 -34.008294 14.219632
