1 0.000000 0.000000
2 0.779385 0.030958
3 1.559384 0.032447
4 2.338551 -0.003585
5 3.117026 0.045172
6 3.896753 0.024535
7 4.676710 0.032675
8 5.456480 0.013706
9 6.235495 0.052891
10 7.014953 0.023812
11 7.794772 0.040611
12 8.574022 0.006432
13 9.343889 -0.118891
14 9.526837 -0.877132
15 9.552643 -1.656705
16 9.512271 -2.435660
17 9.519961 -3.215622
18 9.459835 -3.993301
19 9.457751 -4.773298
20 9.399925 -5.551152
21 9.370549 -6.330598
22 9.331795 -7.109635
23 9.375605 -7.888404
24 9.350750 -8.668008
25 9.352257 -9.448006
26 9.325801 -10.227557
27 9.347286 -11.007261
28 9.330986 -11.787091
29 9.348840 -12.566887
30 9.322689 -13.346448
31 9.370573 -14.124977
32 9.352073 -14.904758
33 9.416601 -15.682084
34 9.399502 -16.461896
35 9.426265 -17.241437
36 9.390073 -18.020597
37 9.432001 -18.799469
38 9.442278 -19.579402
39 9.477827 -20.358591
40 9.473606 -21.138580
41 9.500720 -21.918108
42 9.481851 -22.697880
43 9.531425 -23.476303
44 9.565151 -24.255574
45 9.600346 -25.034779
46 9.622102 -25.814476
47 9.671185 -26.592930
48 9.269624 -27.261622
49 8.494974 -27.352825
50 7.717418 -27.291137
51 6.937828 -27.265846
52 6.158652 -27.230008
53 5.378682 -27.236915
54 4.599151 -27.263960
55 3.820103 -27.302486
56 3.040127 -27.308519
57 2.260130 -27.310970
58 1.480213 -27.299609
59 0.700281 -27.309934
60 -0.079638 -27.298755
61 -0.859001 -27.330276
62 -1.638923 -27.341340
63 -2.418902 -27.347005
64 -3.198545 -27.323414
65 -3.977711 -27.359489
66 -4.757279 -27.333540
67 -5.537114 -27.349563
68 -6.316391 -27.383149
69 -7.094474 -27.437803
70 -7.874437 -27.445350
71 -8.651573 -27.512135
72 -9.429499 -27.568980
73 -10.205217 -27.650597
74 -10.984911 -27.672451
75 -11.689636 -27.338142
76 -11.833113 -26.571451
77 -11.953916 -25.800863
78 -12.021370 -25.023785
79 -12.112421 -24.249118
80 -12.187122 -23.472703
81 -12.291370 -22.699701
82 -12.377808 -21.924505
83 -12.496316 -21.153560
84 -12.599393 -20.380401
85 -12.686708 -19.605304
86 -12.725437 -18.826266
87 -12.787099 -18.048707
88 -12.831222 -17.269956
89 -12.941206 -16.497749
90 -13.026718 -15.722451
91 -13.149343 -14.952150
92 -13.220381 -14.175391
93 -13.333139 -13.403585
94 -13.390376 -12.625688
95 -13.488434 -11.851876
96 -13.547434 -11.074110
97 -13.650081 -10.300894
98 -13.698153 -9.522377
99 -13.796831 -8.748644
100 -13.818598 -7.968948
101 -13.919177 -7.195460
102 -13.983364 -6.418105
103 -14.086263 -5.644922
104 -14.155259 -4.867980
105 -14.278258 -4.097739
106 -14.385933 -3.325206
107 -14.510200 -2.555169
108 -14.643536 -1.786650
109 -15.014988 -1.100776
110 -15.772868 -0.916335
111 -16.538034 -1.067734
112 -17.309383 -1.183582
113 -18.075990 -1.327503
114 -18.846054 -1.451605
115 -19.617898 -1.564106
116 -20.390414 -1.671896
117 -21.160741 -1.794361
118 -21.931679 -1.912913
119 -22.700220 -2.046119
120 -23.470996 -2.165718
121 -24.234550 -2.325049
122 -25.002848 -2.459650
123 -25.762997 -2.634505
124 -26.534217 -2.751206
125 -27.300786 -2.895331
126 -28.070982 -3.018614
127 -28.833365 -3.183450
128 -29.592012 -3.364712
129 -30.330866 -3.614699
130 -30.862526 -4.185434
131 -30.878912 -4.965262
132 -30.810773 -5.742280
133 -30.648237 -6.505157
134 -30.506466 -7.272165
135 -30.363043 -8.038866
136 -30.242602 -8.809511
137 -30.060344 -9.567918
138 -29.914842 -10.334227
139 -29.740238 -11.094434
140 -29.636737 -11.867536
141 -29.483284 -12.632292
142 -29.347661 -13.400411
143 -29.191317 -14.164582
144 -29.052526 -14.932134
145 -28.927794 -15.702097
146 -28.783132 -16.468564
147 -28.620977 -17.231523
148 -28.475222 -17.997784
149 -28.299407 -18.757711
150 -28.137297 -19.520679
151 -27.976606 -20.283947
152 -27.830467 -21.050135
153 -27.673126 -21.814100
154 -27.550085 -22.584335
155 -27.367153 -23.342580
156 -27.236605 -24.111578
157 -27.088547 -24.877397
158 -26.936857 -25.642505
159 -26.746091 -26.398817
160 -26.601633 -27.165323
161 -26.443949 -27.929218
162 -26.315826 -28.698624
163 -26.116990 -29.452854
164 -25.557425 -29.996257
165 -24.778231 -29.960812
166 -24.019597 -29.779497
167 -23.263872 -29.586417
168 -22.508336 -29.392598
169 -21.764321 -29.158417
170 -21.007046 -28.971508
