1 0.000000 0.000000
2 0.354023 -0.695031
3 0.735486 -1.375388
4 1.072482 -2.078832
5 1.482520 -2.742360
6 1.869852 -3.419393
7 2.276416 -4.085055
8 2.634997 -4.777745
9 2.687969 -5.555944
10 2.082722 -5.063932
11 1.577371 -4.469777
12 1.143331 -3.821695
13 0.669646 -3.202000
14 0.228834 -2.558506
15 -0.271642 -1.960239
16 -0.734297 -1.332266
17 -1.216634 -0.719280
18 -1.716870 -0.120812
19 -2.226947 0.469291
20 -2.664805 1.114799
21 -2.841252 1.874579
22 -2.376227 2.500799
23 -1.781081 3.004984
24 -1.181598 3.504003
25 -0.609486 4.034180
26 0.007124 4.511874
27 0.573059 5.048640
28 1.187425 5.529218
29 1.768194 6.049897
30 2.387289 6.524367
31 2.949505 7.065026
32 3.566475 7.542256
33 4.138003 8.073063
34 4.752754 8.553147
35 5.310652 9.098262
36 5.918334 9.587263
37 6.475090 10.133544
38 7.051568 10.658971
39 7.614085 11.199318
40 8.197898 11.716582
41 8.760224 12.257128
42 9.345372 12.772882
43 9.907802 13.313318
44 10.511517 13.807210
45 11.277590 13.660472
46 11.872281 13.155752
47 12.379190 12.562926
48 12.857315 11.946650
49 13.387415 11.374466
50 13.928375 10.812538
51 14.521070 10.305476
52 15.028755 9.713314
53 15.554286 9.136931
54 16.089968 8.569970
55 16.774924 8.196828
56 17.498885 8.487139
57 18.065829 9.022839
58 18.650578 9.539045
59 19.210567 10.082012
60 19.814450 10.575697
61 20.395220 11.096376
62 20.987919 11.603434
63 21.538128 12.156308
64 22.080221 12.717142
65 22.331815 13.455452
66 21.929769 14.123852
67 21.400681 14.696971
68 20.861805 15.260897
69 20.321278 15.823241
70 19.771847 16.376888
71 19.219447 16.927574
72 18.687418 17.497965
73 18.141877 18.055445
74 17.701600 18.699306
75 18.137363 19.346230
76 18.732909 18.842519
77 19.301209 18.308258
78 19.917652 17.830348
79 20.515256 17.329080
