1 0.000000 0.000000
2 -0.018606 0.779778
3 -0.029293 1.559705
4 0.001474 2.339098
5 -0.015186 3.118920
6 -0.004712 3.898850
7 0.133484 4.666509
8 0.780592 5.102000
9 1.560476 5.115437
10 2.339729 5.081304
11 3.119666 5.071381
12 3.898208 5.023718
13 4.678147 5.033460
14 5.457546 5.002826
15 6.236583 5.041562
16 7.016525 5.032001
17 7.795342 5.074927
18 8.575134 5.056917
19 9.354530 5.087627
20 10.133347 5.044688
21 10.913192 5.060219
22 11.693085 5.047291
23 12.472939 5.062399
24 13.252543 5.037549
25 14.032533 5.041486
26 14.812445 5.053178
27 15.590663 5.105873
28 16.369374 5.150696
29 17.146643 5.215918
30 17.926299 5.239054
31 18.698490 5.128957
32 19.067244 4.441628
33 19.105184 3.662552
34 19.096071 2.882605
35 19.118490 2.102927
36 19.132295 1.323049
37 19.163630 0.543679
38 19.149609 -0.236195
39 19.137740 -1.016105
40 19.127681 -1.796040
41 19.144391 -2.575861
42 19.614510 -3.198266
43 20.390310 -3.279103
44 21.164656 -3.372850
45 21.943261 -3.419467
46 22.720257 -3.487857
47 23.499883 -3.512020
48 24.278734 -3.554332
49 25.058130 -3.585022
50 25.834610 -3.659044
51 26.614334 -3.679785
52 27.392958 -3.726098
53 28.172934 -3.732252
54 28.950696 -3.791295
55 29.730666 -3.798102
56 30.509001 -3.849041
57 31.288997 -3.851498
58 32.068764 -3.870581
59 32.848759 -3.867911
60 33.628748 -3.863753
61 34.407113 -3.813272
62 35.151316 -4.046857
63 35.442626 -4.770417
64 35.504644 -5.547947
65 35.528043 -6.327596
66 35.637421 -7.099889
67 36.395129 -7.285037
68 37.174961 -7.268870
69 37.954732 -7.249985
70 38.734726 -7.253223
71 39.512885 -7.199666
72 40.292529 -7.176093
73 41.072493 -7.168684
74 41.852024 -7.195750
75 42.632021 -7.193669
76 43.410837 -7.236635
77 44.190209 -7.205347
78 44.969487 -7.238904
79 45.749487 -7.239375
80 46.527117 -7.300125
81 47.143398 -7.778244
82 46.380979 -7.942917
83 45.606327 -8.034100
84 44.826940 -8.065015
85 44.051750 -8.151504
