1 0.000000 0.000000
2 -0.718503 -0.303568
3 -1.427251 -0.629260
4 -2.140649 -0.944640
5 -2.842988 -1.283933
6 -3.565081 -1.578860
7 -4.272241 -1.907987
8 -4.973311 -2.249895
9 -5.700116 -2.533009
10 -6.371904 -2.136649
11 -6.743140 -1.450658
12 -7.027569 -0.724365
13 -7.352884 -0.015444
14 -7.592976 0.726685
15 -7.870073 1.455806
16 -8.119014 2.195014
17 -8.394779 2.924640
18 -8.667461 3.655423
19 -8.974561 4.372424
20 -9.260906 5.097962
21 -9.592362 5.804034
22 -9.885121 6.527009
23 -10.227289 7.227952
24 -10.498249 7.959375
25 -10.808808 8.674884
26 -11.075577 9.407847
27 -11.395239 10.119336
28 -11.680266 10.845394
29 -12.017947 11.548509
30 -12.349996 12.254302
31 -12.682478 12.959891
32 -12.999193 13.672696
33 -13.373128 14.357220
34 -13.697224 15.066700
35 -14.079377 15.746670
36 -14.390118 16.462100
37 -14.755973 17.150976
38 -15.063824 17.867654
39 -15.410983 18.566138
40 -15.725665 19.279844
41 -16.071672 19.978900
42 -16.399164 20.686819
43 -16.777880 21.368708
44 -16.770658 22.148675
45 -16.156214 22.629152
46 -15.449696 22.959657
47 -14.745652 23.295397
48 -14.039700 23.627107
49 -13.476883 24.167142
50 -13.653046 24.926988
51 -13.980308 25.635013
52 -14.301362 26.345875
53 -14.682808 27.026242
54 -15.040845 27.719213
55 -15.415453 28.403369
56 -15.748119 29.108871
57 -16.092019 29.808966
58 -16.402316 30.524588
59 -16.839856 31.170312
60 -17.479610 31.616535
61 -18.222983 31.380324
62 -18.921043 31.032311
63 -19.598864 30.646359
64 -20.302237 30.309216
65 -20.973747 29.912385
66 -21.676083 29.573085
67 -22.362288 29.202245
68 -23.080386 28.897720
69 -23.768791 28.530979
70 -24.479556 28.209712
71 -25.182563 27.871804
72 -25.889002 27.541132
73 -26.578451 27.176359
74 -27.260439 26.797819
75 -27.833757 26.268946
76 -27.957638 25.498847
77 -27.589083 24.811412
78 -27.261654 24.103464
79 -26.871816 23.427871
80 -26.511757 22.735947
81 -26.110869 22.066852
82 -25.716704 21.393774
83 -25.433028 20.667187
84 -25.848180 21.327528
85 -26.272798 21.981821
86 -26.700690 22.633978
87 -27.141328 23.277591
88 -27.589358 23.916080
