1 0.000000 0.000000
2 0.779365 -0.031479
3 1.555621 -0.107803
4 2.333436 -0.166154
5 3.109624 -0.243176
6 3.888982 -0.274810
7 4.663313 -0.368681
8 5.440400 -0.436020
9 6.216897 -0.509868
10 6.995092 -0.562891
11 7.765143 -0.687079
12 8.533120 -0.823502
13 9.109242 -1.349319
14 9.168103 -2.127095
15 9.049617 -2.898043
16 8.940597 -3.670386
17 8.793427 -4.436377
18 8.690254 -5.209523
19 8.548303 -5.976497
20 8.452084 -6.750540
21 8.311389 -7.517746
22 8.218851 -8.292237
23 8.080609 -9.059889
24 7.996037 -9.835291
25 7.870631 -10.605143
26 7.782538 -11.380153
27 7.660762 -12.150588
28 7.571722 -12.925489
29 7.452714 -13.696357
30 7.358855 -14.470689
31 7.236832 -15.241086
32 7.154103 -16.016686
33 7.029327 -16.786641
34 6.918033 -17.558660
35 6.780049 -18.326358
36 6.663759 -19.097641
37 6.555571 -19.870101
38 6.479555 -20.646388
39 6.373815 -21.419188
40 6.312849 -22.196802
41 6.177977 -22.965053
42 6.078447 -23.738677
43 5.919032 -24.502212
44 5.809832 -25.274530
45 5.671271 -26.042125
46 5.525976 -26.808473
47 5.188333 -27.511607
48 4.424793 -27.670998
49 3.663064 -27.503161
50 2.896978 -27.356492
51 2.142338 -27.159213
52 1.373316 -27.028809
53 0.610573 -26.865645
54 -0.160417 -26.747429
55 -0.923875 -26.587644
56 -1.691991 -26.452001
57 -2.455316 -26.291583
58 -3.227326 -26.180220
59 -3.993807 -26.035629
60 -4.765949 -25.925194
61 -5.526457 -25.751908
62 -6.301579 -25.664815
63 -7.070363 -25.533013
64 -7.839148 -25.401219
65 -8.602467 -25.240770
66 -9.375021 -25.133250
67 -10.149099 -25.037319
68 -10.925704 -24.964625
69 -11.699733 -24.868293
70 -12.474269 -24.776127
71 -13.248130 -24.678461
72 -14.012222 -24.521736
73 -14.768908 -24.332457
74 -15.176624 -23.667500
75 -15.136799 -22.888518
76 -15.047132 -22.113689
77 -14.900814 -21.347535
78 -14.761464 -20.580084
79 -14.564565 -19.825345
80 -14.423158 -19.058270
81 -14.261181 -18.295274
82 -14.148436 -17.523465
83 -14.028835 -16.752689
84 -13.929402 -15.979053
85 -13.786534 -15.212249
86 -13.637989 -14.446524
87 -13.469178 -13.685010
88 -13.294714 -12.924772
89 -13.113788 -12.166046
90 -12.996148 -11.394968
91 -12.834138 -10.631979
92 -12.708844 -9.862108
93 -12.531866 -9.102451
94 -12.397032 -8.334193
95 -12.225300 -7.573333
96 -12.085925 -6.805886
97 -11.876704 -6.054470
98 -11.700996 -5.294518
99 -11.490913 -4.543342
100 -11.347574 -3.776626
101 -11.163547 -3.018646
102 -11.026986 -2.250693
103 -10.836229 -1.494378
104 -10.672347 -0.731789
105 -10.480139 0.024158
106 -10.346772 0.792672
107 -10.259853 1.567814
108 -10.374874 2.339287
109 -11.022793 2.773568
110 -11.783983 2.943834
111 -12.538936 3.139912
112 -13.305250 3.285385
113 -14.059889 3.482667
114 -14.825284 3.632902
115 -15.581519 3.823971
116 -16.342786 3.993894
117 -17.102573 4.170311
118 -17.867659 4.322111
119 -18.625890 4.505105
120 -19.394738 4.636526
121 -20.158734 4.793725
122 -20.922207 4.953439
123 -21.685951 5.111852
124 -22.448176 5.277420
125 -23.209914 5.445218
126 -23.976386 5.589853
127 -24.739137 5.752985
128 -25.509983 5.872131
129 -26.277194 5.731464
130 -26.671033 5.058195
131 -26.899821 4.312503
132 -27.083574 3.554456
133 -27.299574 2.804961
134 -27.450176 2.039638
135 -27.646064 1.284636
136 -27.807374 0.521498
137 -28.019027 -0.229237
138 -28.200448 -0.987845
139 -28.427351 -1.734112
140 -28.631874 -2.486821
141 -28.858164 -3.233274
142 -29.049845 -3.989355
143 -29.262303 -4.739863
144 -29.454523 -5.495807
145 -29.680045 -6.242493
146 -29.890304 -6.993620
147 -30.102411 -7.744226
148 -30.255826 -8.508990
149 -30.454142 -9.263358
150 -30.616989 -10.026169
151 -30.836338 -10.774692
152 -31.037082 -11.528417
153 -31.260464 -12.275746
154 -31.474018 -13.025943
155 -31.693048 -13.774558
156 -31.883857 -14.530860
157 -32.109632 -15.277469
158 -32.309116 -16.031529
159 -32.568496 -16.767139
160 -32.772173 -17.520077
161 -32.970148 -18.274535
162 -33.178967 -19.026063
163 -33.336434 -19.790003
164 -33.299330 -20.569120
165 -32.670030 -21.029969
166 -31.930892 -21.279118
167 -31.195775 -21.539889
168 -30.443842 -21.747247
169 -29.702013 -21.988264
170 -28.951023 -22.199011
