1 0.000000 0.000000
2 0.358659 -0.692650
3 0.760833 -1.360973
4 1.110095 -2.058409
5 1.494752 -2.736965
6 1.847580 -3.432603
7 2.222360 -4.116665
8 2.578426 -4.810651
9 2.702435 -5.580730
10 2.122734 -5.058861
11 1.623105 -4.459886
12 1.059676 -3.920491
13 0.538737 -3.339954
14 -0.002098 -2.777907
15 -0.514112 -2.189484
16 -1.059034 -1.631397
17 -1.591082 -1.061025
18 -2.178959 -0.548384
19 -2.637549 0.082564
20 -2.650527 0.862456
21 -2.143604 1.455271
22 -1.600439 2.015067
23 -1.013850 2.529181
24 -0.473502 3.091697
25 0.093319 3.627527
26 0.612126 4.209970
27 1.138410 4.785665
28 1.623593 5.396400
29 2.164931 5.957963
30 2.667193 6.554732
31 3.192021 7.131755
32 3.648426 7.764285
33 4.168952 8.345191
34 4.648765 8.960155
35 5.166234 9.543786
36 5.646082 10.158722
37 6.164000 10.741956
38 6.647124 11.354321
39 7.208317 11.896042
40 7.719634 12.485071
41 8.250010 13.056999
42 8.757471 13.649353
43 9.357708 14.147465
44 10.114990 13.960583
45 10.751294 13.509455
46 11.374745 13.040723
47 11.969784 12.536413
48 12.601545 12.078945
49 13.212168 11.593620
50 13.841754 11.133162
51 14.432165 10.623442
52 15.036835 10.130721
53 15.647284 9.645178
54 16.416311 9.514805
55 17.063419 9.950295
56 17.540166 10.567638
57 18.014574 11.186781
58 18.454584 11.830823
59 18.955024 12.429121
60 19.413733 13.059982
61 19.889039 13.678435
62 20.329939 14.321869
63 20.804709 14.940733
64 20.968136 15.703421
65 20.496077 16.324355
66 19.895219 16.821718
67 19.284675 17.307141
68 18.676185 17.795137
69 18.076072 18.293399
70 17.447689 18.755497
71 16.826823 19.227647
72 16.195986 19.686389
73 15.757285 20.331324
74 15.990670 21.075590
75 16.655161 20.667116
76 17.311053 20.244971
77 17.990342 19.861609
78 18.673381 19.484970
