1 0.000000 0.000000
2 -0.707297 -0.328832
3 -1.407733 -0.672038
4 -2.079003 -1.069273
5 -2.781448 -1.408348
6 -3.479377 -1.756622
7 -4.180179 -2.099079
8 -4.835939 -2.521428
9 -5.534340 -2.868754
10 -6.234236 -3.213059
11 -6.920910 -2.843088
12 -7.357657 -2.196828
13 -7.736303 -1.514899
14 -8.137614 -0.846057
15 -8.504806 -0.157893
16 -8.924619 0.499494
17 -9.303812 1.181119
18 -9.716682 1.842888
19 -10.060975 2.542789
20 -10.500483 3.187175
21 -10.874228 3.871802
22 -11.278638 4.538775
23 -11.626104 5.237107
24 -12.021401 5.909521
25 -12.364196 6.610157
26 -12.737837 7.294842
27 -13.120044 7.974781
28 -13.530992 8.637745
29 -13.931901 9.306829
30 -14.352526 9.963696
31 -14.725665 10.648654
32 -15.126554 11.317749
33 -15.513711 11.994882
34 -15.949174 12.642008
35 -16.331529 13.321864
36 -16.771461 13.965961
37 -17.155612 14.644804
38 -17.561734 15.310735
39 -17.931879 15.997315
40 -18.374027 16.639893
41 -18.787863 17.301058
42 -19.252921 17.927254
43 -19.695019 18.569865
44 -20.172711 19.186478
45 -20.354896 19.944902
46 -19.808822 20.501861
47 -19.138692 20.901017
48 -18.477532 21.314862
49 -17.843102 21.768622
50 -17.244848 22.269115
51 -17.372892 23.038533
52 -17.809657 23.684781
53 -18.194760 24.363084
54 -18.607082 25.025195
55 -18.991378 25.703956
56 -19.444650 26.338736
57 -19.844211 27.008624
58 -20.290298 27.648473
59 -20.666092 28.331978
60 -21.122200 28.964722
61 -21.671435 29.518564
62 -22.435928 29.363803
63 -23.101332 28.956818
64 -23.768061 28.552005
65 -24.437832 28.152248
66 -25.085127 27.717036
67 -25.781841 27.366337
68 -26.441096 26.949465
69 -27.124319 26.573158
70 -27.794040 26.173317
71 -28.493990 25.829121
72 -29.163881 25.429564
73 -29.860350 25.078379
74 -30.533216 24.683852
75 -31.209483 24.295185
76 -31.844041 23.841602
77 -32.369770 23.265400
78 -32.193974 22.505469
79 -31.801336 21.831499
80 -31.361423 21.187390
81 -30.935205 20.534138
82 -30.504424 19.883886
83 -30.082517 19.227841
84 -29.599124 18.615688
85 -29.199710 17.945711
86 -29.647933 17.307357
87 -30.066975 17.965234
88 -30.439839 18.650342
89 -30.842430 19.318414
