1 0.000000 0.000000
2 -0.726268 -0.284490
3 -1.438803 -0.601813
4 -2.131881 -0.959644
5 -2.852204 -1.258867
6 -3.545192 -1.616872
7 -4.263330 -1.921302
8 -4.932909 -2.321383
9 -5.638173 -2.654554
10 -6.360800 -2.948170
11 -7.006707 -2.510901
12 -7.358329 -1.814652
13 -7.601510 -1.073530
14 -7.903710 -0.354450
15 -8.185596 0.372832
16 -8.511974 1.081266
17 -8.803215 1.804853
18 -9.127078 2.514439
19 -9.407518 3.242281
20 -9.705767 3.963008
21 -9.950404 4.703652
22 -10.237242 5.428996
23 -10.454312 6.178182
24 -10.752924 6.898759
25 -11.033692 7.626474
26 -11.359376 8.335226
27 -11.613364 9.072715
28 -11.898133 9.798874
29 -12.159673 10.533719
30 -12.479060 11.245331
31 -12.732531 11.982998
32 -13.000026 12.715696
33 -13.217580 13.464742
34 -13.561584 14.164786
35 -13.794639 14.909155
36 -14.065174 15.640736
37 -14.289109 16.387900
38 -14.574884 17.113663
39 -14.802487 17.859717
40 -15.079252 18.588964
41 -15.307609 19.334788
42 -15.618262 20.050256
43 -15.921454 20.768918
44 -16.274694 21.464347
45 -16.162018 22.236166
46 -15.451906 22.558874
47 -14.687482 22.713975
48 -13.939468 22.935052
49 -13.198244 23.177924
50 -12.675465 23.756804
51 -12.764121 24.531749
52 -12.966208 25.285115
53 -13.171588 26.037590
54 -13.483592 26.752470
55 -13.757285 27.482876
56 -14.063579 28.200221
57 -14.316228 28.938170
58 -14.652642 29.641892
59 -14.977365 30.351085
60 -15.394447 31.010208
61 -16.164986 31.131322
62 -16.895063 30.856752
63 -17.634164 30.607495
64 -18.361647 30.326125
65 -19.094059 30.057848
66 -19.824597 29.784510
67 -20.574598 29.570270
68 -21.318882 29.336944
69 -22.069577 29.125150
70 -22.809000 28.876846
71 -23.562123 28.673856
72 -24.299177 28.418607
73 -25.056242 28.230851
74 -25.796415 27.984795
75 -26.544297 27.763272
76 -27.276531 27.494508
77 -28.031882 27.299970
78 -28.777844 27.072065
79 -29.526843 26.854350
80 -30.254578 26.573632
81 -30.954156 26.228683
82 -31.314860 25.537096
83 -31.137401 24.777551
84 -30.847028 24.053615
85 -30.593101 23.316105
86 -30.288948 22.597849
87 -30.006570 21.870757
88 -29.663781 21.170118
89 -29.329347 20.465452
90 -29.000364 19.758225
91 -29.340133 20.460334
92 -29.694192 21.155346
93 -29.991266 21.876558
94 -30.338454 22.575029
