1 0.000000 0.000000
2 -0.631544 0.457769
3 -1.286158 0.881893
4 -1.939573 1.307860
5 -2.595894 1.729337
6 -3.261102 2.136643
7 -3.901649 2.581726
8 -4.556180 3.005979
9 -5.197955 3.449290
10 -5.859163 3.863058
11 -6.603568 4.095997
12 -7.223630 3.622791
13 -7.635821 2.960599
14 -8.039650 2.293274
15 -8.411899 1.607832
16 -8.842128 0.957215
17 -9.278440 0.310661
18 -9.764602 -0.299295
19 -10.194351 -0.950230
20 -10.557764 -1.640397
21 -10.925615 -2.328209
22 -11.338159 -2.990182
23 -11.720891 -3.669826
24 -12.123280 -4.338020
25 -12.509086 -5.015924
26 -12.887278 -5.698105
27 -13.271075 -6.377148
28 -13.684044 -7.038856
29 -14.089569 -7.705151
30 -14.468981 -8.386654
31 -14.854023 -9.064992
32 -15.293041 -9.709712
33 -15.701063 -10.374481
34 -16.148554 -11.013348
35 -16.588766 -11.657253
36 -17.023379 -12.304950
37 -17.434436 -12.967847
38 -17.868252 -13.616078
39 -18.281991 -14.277305
40 -18.690520 -14.941762
41 -19.069013 -15.623776
42 -19.512413 -16.265489
43 -19.879914 -16.953489
44 -20.193158 -17.667826
45 -19.701087 -18.273026
46 -19.049744 -18.702156
47 -18.396894 -19.128989
48 -17.787797 -19.616227
49 -17.130714 -20.036514
50 -16.512677 -20.512361
51 -15.827422 -20.884955
52 -15.187006 -21.330227
53 -14.529149 -21.749302
54 -13.890114 -22.196555
55 -13.254950 -22.649286
56 -12.647658 -23.138773
57 -12.018418 -23.599703
58 -11.417914 -24.097493
59 -10.787770 -24.557187
60 -10.175079 -25.039898
61 -9.543647 -25.497821
62 -8.950289 -26.004108
63 -8.324272 -26.469407
64 -7.728596 -26.972964
65 -7.067585 -27.387046
66 -6.305985 -27.218627
67 -5.824385 -26.605062
68 -5.356430 -25.981029
69 -4.917940 -25.335951
70 -4.448109 -24.713328
71 -4.030860 -24.054311
72 -3.575944 -23.420709
73 -3.137163 -22.775828
74 -2.669406 -22.151646
75 -2.237119 -21.502394
76 -1.763922 -20.882326
77 -1.309514 -20.248359
78 -0.819568 -19.641439
79 -0.348930 -19.019426
80 0.165959 -18.433517
81 0.647254 -17.819713
82 1.136050 -17.211866
83 1.630480 -16.608592
84 2.131997 -16.011197
85 2.642159 -15.421168
86 3.180235 -14.856478
87 3.700921 -14.275715
88 4.248645 -13.720379
89 4.762088 -13.133202
90 5.322250 -12.590414
91 5.871234 -12.036324
92 6.436555 -11.498911
93 7.024984 -10.986904
94 7.613476 -10.474969
95 8.190233 -9.949849
96 8.735206 -9.391813
97 9.257661 -8.812640
98 9.869825 -8.329262
99 10.642992 -8.226242
100 11.208131 -8.763846
101 11.755452 -9.319580
102 12.285043 -9.892234
103 12.852857 -10.427012
104 13.445086 -10.934619
105 14.053406 -11.422826
106 14.640844 -11.935970
107 15.239684 -12.435761
108 15.800117 -12.978269
109 16.380199 -13.499714
110 16.924573 -14.058335
111 17.477313 -14.608679
112 18.015745 -15.173029
113 18.575675 -15.716056
114 19.129186 -16.265624
115 19.735181 -16.756714
116 20.306798 -17.287426
117 20.876482 -17.820210
118 21.399381 -18.398983
119 21.950741 -18.950709
120 22.490366 -19.513918
121 23.007591 -20.097766
122 23.486105 -20.713740
123 23.878402 -21.387909
124 23.582072 -22.109428
125 23.002121 -22.631018
126 22.392544 -23.117656
127 21.877216 -23.703178
128 21.354020 -24.281681
129 20.822685 -24.852719
130 20.294210 -25.426404
131 19.735966 -25.971163
132 19.157300 -26.494179
133 18.563464 -26.999905
134 17.997420 -27.536556
135 17.442907 -28.085114
136 16.874338 -28.619089
137 16.319003 -29.166814
138 15.753017 -29.703526
139 15.169781 -30.221441
140 14.602996 -30.757309
141 13.995325 -31.246324
142 13.409998 -31.761875
143 12.821112 -32.273357
144 12.217620 -32.767520
145 11.638079 -33.289565
146 11.030410 -33.778583
147 10.435191 -34.282681
148 9.836967 -34.783209
149 9.255828 -35.303475
150 8.648794 -35.793282
151 8.050561 -36.293799
152 7.455575 -36.798171
153 6.873549 -37.317445
154 6.267329 -37.808258
155 5.668316 -38.307841
156 5.022333 -38.744998
157 4.248614 -38.843786
158 3.697868 -38.291447
159 3.203676 -37.687978
160 2.758823 -37.047271
161 2.194966 -36.508323
162 1.637809 -35.962451
163 1.147068 -35.356173
164 0.684866 -34.727866
165 0.190735 -34.124348
166 -0.290606 -33.510580
167 -0.765566 -32.891861
