1 0.000000 0.000000
2 0.010098 0.779935
3 0.061706 1.558225
4 0.091541 2.337655
5 0.165671 3.114124
6 0.191685 3.893690
7 0.324455 4.662307
8 1.060170 4.921390
9 1.837759 4.982663
10 2.614624 5.052533
11 3.394393 5.033553
12 4.170478 5.111606
13 4.949017 5.159310
14 5.726078 5.226968
15 6.505411 5.259196
16 7.282158 5.330368
17 8.060068 5.387426
18 8.833029 5.491976
19 9.609816 5.562698
20 10.386707 5.632270
21 11.165656 5.672752
22 11.940706 5.760493
23 12.719173 5.809363
24 13.495775 5.882097
25 14.273751 5.938248
26 15.048297 6.030322
27 15.825181 6.099979
28 16.598010 6.205506
29 17.376789 6.249122
30 18.151583 6.339090
31 18.931222 6.315350
32 19.665724 6.052849
33 19.913464 5.313238
34 20.030020 4.541996
35 20.128787 3.768274
36 20.278416 3.002761
37 20.399089 2.232152
38 20.553487 1.467586
39 20.729645 0.707738
40 20.900852 -0.053240
41 21.052734 -0.818310
42 21.322421 -1.550204
43 22.055628 -1.816302
44 22.826570 -1.697778
45 23.598357 -1.584887
46 24.368650 -1.462210
47 25.140068 -1.346825
48 25.894804 -1.149916
49 26.658485 -0.991198
50 27.428747 -0.868327
51 28.201109 -0.759442
52 28.966478 -0.609071
53 29.743221 -0.537866
54 30.514436 -0.421130
55 31.289813 -0.336334
56 32.061618 -0.223565
57 32.834441 -0.117998
58 33.602258 0.019326
59 34.376166 0.116619
60 35.144111 0.253221
61 35.914112 0.377718
62 36.678763 0.531693
63 37.448651 0.406502
64 37.803187 -0.288268
65 37.932628 -1.057452
66 38.049011 -1.828721
67 38.309392 -2.563977
68 39.084525 -2.650983
69 39.855014 -2.529549
70 40.623512 -2.396091
71 41.396349 -2.290625
72 42.166564 -2.167464
73 42.945095 -2.119613
74 43.715071 -1.994968
75 44.491252 -1.917877
76 45.261814 -1.796903
77 46.039828 -1.741277
78 46.814409 -1.649498
79 47.591624 -1.583643
80 48.364928 -1.481658
81 49.144794 -1.496149
82 49.767149 -1.966333
83 49.031086 -2.224425
84 48.265634 -2.374368
85 47.493772 -2.486745
