1 0.000000 0.000000
2 -0.624806 0.466923
3 -1.254870 0.926727
4 -1.858653 1.420535
5 -2.505060 1.857064
6 -3.130106 2.323667
7 -3.771892 2.766961
8 -4.396189 3.234565
9 -5.044762 3.667871
10 -5.676868 4.124863
11 -6.425135 4.345082
12 -7.093073 3.942268
13 -7.641340 3.387468
14 -8.112531 2.765874
15 -8.592598 2.151110
16 -9.058825 1.525784
17 -9.512295 0.891147
18 -9.931489 0.233365
19 -10.313666 -0.446592
20 -10.770792 -1.078601
21 -11.179909 -1.742697
22 -11.634558 -2.376490
23 -12.054191 -3.033992
24 -12.518200 -3.660965
25 -12.950717 -4.310064
26 -13.397145 -4.949675
27 -13.838956 -5.592483
28 -14.268405 -6.243616
29 -14.715306 -6.882896
30 -15.190823 -7.501187
31 -15.644046 -8.136001
32 -16.131228 -8.745143
33 -16.632903 -9.342405
34 -17.146612 -9.929349
35 -17.596813 -10.566310
36 -18.073674 -11.183565
37 -18.532126 -11.814613
38 -19.036682 -12.409443
39 -19.498658 -13.037916
40 -19.973946 -13.656383
41 -20.446844 -14.276679
42 -20.993084 -14.833475
43 -21.491528 -15.433436
44 -22.012457 -16.013982
45 -22.242192 -16.759383
46 -21.966612 -17.489078
47 -21.424537 -18.049930
48 -20.847370 -18.574599
49 -20.255034 -19.082082
50 -19.684672 -19.614140
51 -19.112714 -20.144484
52 -18.559578 -20.694430
53 -17.974147 -21.209862
54 -17.357624 -21.687670
55 -16.795463 -22.228386
56 -16.211833 -22.745858
57 -15.677710 -23.314288
58 -15.117515 -23.857041
59 -14.588421 -24.430155
60 -14.057875 -25.001925
61 -13.566007 -25.607289
62 -13.031772 -26.175614
63 -12.550739 -26.789623
64 -12.030639 -27.370911
65 -11.516873 -27.957805
66 -10.770256 -28.183555
67 -10.181907 -27.671456
68 -9.624833 -27.125499
69 -9.037416 -26.612331
70 -8.462453 -26.085247
71 -7.860166 -25.589616
72 -7.251934 -25.101298
73 -6.616065 -24.649556
74 -6.011243 -24.157022
75 -5.382277 -23.695717
76 -4.790565 -23.187508
77 -4.181046 -22.700798
78 -3.588243 -22.193861
79 -2.968704 -21.719972
80 -2.355290 -21.238180
81 -1.702636 -20.811047
82 -1.073028 -20.350619
83 -0.446926 -19.885435
84 0.182475 -19.424724
85 0.814625 -18.967793
86 1.463964 -18.535636
87 2.104330 -18.090293
88 2.736905 -17.633950
89 3.390349 -17.208025
90 4.060714 -16.809264
91 4.728940 -16.406929
92 5.382990 -15.981937
93 6.042152 -15.564917
94 6.680541 -15.116743
95 7.357045 -14.728487
96 7.978641 -14.257299
97 8.607727 -13.796158
98 9.300274 -13.437301
99 10.074299 -13.533655
100 10.437005 -14.224195
101 10.786887 -14.921319
102 11.206134 -15.579067
103 11.578868 -16.264245
104 12.029879 -16.900632
105 12.441058 -17.563454
106 12.867872 -18.216317
107 13.257614 -18.891965
108 13.649845 -19.566172
109 14.025403 -20.249807
110 14.436985 -20.912377
111 14.808895 -21.598004
112 15.214479 -22.264263
113 15.621003 -22.929949
114 16.032973 -23.592279
115 16.392396 -24.284533
116 16.775103 -24.964191
117 17.139858 -25.653650
118 17.569794 -26.304461
119 17.966498 -26.976045
120 18.369783 -27.643699
121 18.763464 -28.317060
122 19.175427 -28.979394
123 19.305579 -29.748459
124 18.972574 -30.453801
125 18.280082 -30.812765
126 17.610761 -31.213276
127 16.921688 -31.578760
128 16.235297 -31.949256
129 15.537189 -32.297172
130 14.857610 -32.680020
131 14.168501 -33.045436
132 13.475767 -33.403931
133 12.772344 -33.740972
134 12.088477 -34.116107
135 11.382902 -34.448617
136 10.701652 -34.828484
137 9.988115 -35.143549
138 9.301091 -35.512868
139 8.588389 -35.829816
140 7.889166 -36.175487
141 7.176991 -36.493615
142 6.470088 -36.823294
143 5.766408 -37.159798
144 5.072189 -37.515411
145 4.351366 -37.813428
146 3.626933 -38.102559
147 2.899770 -38.384754
148 2.189358 -38.706801
149 1.463244 -38.991684
150 0.741738 -39.288043
151 0.003247 -39.539104
152 -0.728323 -39.809669
153 -1.472253 -40.044121
154 -2.209089 -40.299996
155 -2.941603 -40.567995
156 -3.673936 -40.836490
157 -4.445795 -40.724093
158 -4.990659 -40.165950
159 -5.287551 -39.444663
160 -5.570400 -38.717754
161 -5.923380 -38.022193
162 -6.290186 -37.333823
163 -6.612519 -36.623541
164 -6.990169 -35.941060
165 -7.265657 -35.211329
166 -7.535462 -34.479479
167 -7.778134 -33.738189
168 -8.036984 -33.002392
169 -8.255857 -32.253730
170 -8.539569 -31.527158
