1 0.000000 0.000000
2 -0.680716 -0.380822
3 -1.362663 -0.759437
4 -2.051609 -1.125160
5 -2.721226 -1.525175
6 -3.392891 -1.921744
7 -4.050164 -2.341734
8 -4.716048 -2.747935
9 -5.376827 -3.162387
10 -6.104070 -3.444377
11 -6.679965 -2.918312
12 -7.071588 -2.243752
13 -7.491357 -1.586337
14 -7.858144 -0.897957
15 -8.275852 -0.239231
16 -8.643731 0.448567
17 -9.040798 1.119937
18 -9.383799 1.820473
19 -9.763886 2.501599
20 -10.110502 3.200353
21 -10.530572 3.857576
22 -10.907729 4.540329
23 -11.327090 5.198004
24 -11.723674 5.869660
25 -12.153708 6.520406
26 -12.537796 7.199285
27 -12.984484 7.838714
28 -13.373084 8.515020
29 -13.797906 9.169181
30 -14.180682 9.848801
31 -14.577983 10.520032
32 -14.943475 11.209101
33 -15.365958 11.864774
34 -15.774196 12.529411
35 -16.219724 13.169649
36 -16.610012 13.844983
37 -17.032062 14.500935
38 -17.423692 15.175492
39 -17.892394 15.798965
40 -18.291199 16.469303
41 -18.737395 17.109076
42 -19.148943 17.771668
43 -19.620341 18.393105
44 -19.950485 19.099791
45 -19.560486 19.775291
46 -18.908480 20.203413
47 -18.267169 20.647395
48 -17.603008 21.056407
49 -17.012459 21.565967
50 -16.625433 22.243175
51 -17.012784 22.920197
52 -17.441420 23.571865
53 -17.904659 24.199408
54 -18.342620 24.844846
55 -18.810146 25.469201
56 -19.247264 26.115210
57 -19.704199 26.747357
58 -20.144953 27.390892
59 -20.623967 28.006477
60 -21.103487 28.621669
61 -21.825338 28.917188
62 -22.533192 28.589557
63 -23.148113 28.109690
64 -23.796423 27.675992
65 -24.445862 27.243986
66 -25.109127 26.833522
67 -25.754331 26.395217
68 -26.405202 25.965372
69 -27.032354 25.501604
70 -27.675254 25.059926
71 -28.307883 24.603659
72 -28.960067 24.175807
73 -29.591485 23.717865
74 -30.252403 23.303634
75 -30.868660 22.825484
76 -31.456452 22.312746
77 -31.813911 21.619476
78 -31.475202 20.916855
79 -30.952784 20.337650
80 -30.451098 19.740397
81 -29.968951 19.127262
82 -29.505214 18.500087
83 -29.004281 17.902203
84 -28.524606 17.287132
85 -28.276145 16.547763
86 -28.825453 17.101532
87 -29.343659 17.684509
88 -29.859397 18.269672
89 -30.365645 18.863063
