1 0.000000 0.000000
2 -0.709522 -0.324004
3 -1.444761 -0.584435
4 -2.165695 -0.882183
5 -2.896975 -1.153529
6 -3.597914 -1.495707
7 -4.316294 -1.799563
8 -5.012142 -2.151977
9 -5.719823 -2.479983
10 -6.472387 -2.685039
11 -7.033601 -2.143339
12 -7.377123 -1.443059
13 -7.678921 -0.723810
14 -8.018107 -0.021420
15 -8.324687 0.695803
16 -8.701591 1.378697
17 -9.027509 2.087342
18 -9.380885 2.782701
19 -9.700133 3.494376
20 -10.058769 4.187038
21 -10.376485 4.899397
22 -10.758575 5.579403
23 -11.079569 6.290291
24 -11.451370 6.975976
25 -11.805551 7.670927
26 -12.199116 8.344356
27 -12.559751 9.035979
28 -12.925849 9.724726
29 -13.274152 10.422641
30 -13.646024 11.108287
31 -13.992276 11.807222
32 -14.366130 12.491790
33 -14.725353 13.184147
34 -15.116356 13.859067
35 -15.467075 14.555771
36 -15.823242 15.249705
37 -16.126385 15.968387
38 -16.513696 16.645432
39 -16.858515 17.345075
40 -17.242669 18.023916
41 -17.584343 18.725100
42 -17.983354 19.395317
43 -18.394619 20.058085
44 -18.635803 20.799860
45 -18.162276 21.419676
46 -17.527796 21.873367
47 -16.833022 22.227892
48 -16.144234 22.593914
49 -15.452835 22.954978
50 -14.990013 23.582828
51 -15.288376 24.303508
52 -15.655696 24.991604
53 -16.019160 25.681745
54 -16.417553 26.352329
55 -16.761102 27.052596
56 -17.143122 27.732641
57 -17.499361 28.426538
58 -17.930926 29.076270
59 -18.372271 29.719399
60 -18.897374 30.296171
61 -19.676525 30.332567
62 -20.361863 29.960127
63 -21.058159 29.608601
64 -21.725883 29.205432
65 -22.418670 28.847038
66 -23.082164 28.436946
67 -23.788353 28.105739
68 -24.477900 27.741151
69 -25.150347 27.345911
70 -25.765187 26.865940
71 -26.027305 26.131302
72 -25.752085 25.401470
73 -25.427188 24.692357
74 -25.065639 24.001211
75 -24.734293 23.295088
76 -24.357402 22.612187
77 -24.009045 21.914299
78 -23.587899 21.257766
79 -23.196168 20.583269
80 -23.180263 19.803431
81 -23.650462 20.425776
82 -24.022985 21.111069
83 -24.404535 21.791378
84 -24.840057 22.438464
85 -25.222057 23.118520
86 -25.647690 23.772153
