1 0.000000 0.000000
2 -0.206053 -0.752291
3 -0.440849 -1.496113
4 -0.634475 -2.251698
5 -0.879513 -2.992209
6 -1.096014 -3.741560
7 -1.360540 -4.475335
8 -1.628711 -5.207787
9 -2.261304 -5.664105
10 -3.039267 -5.607780
11 -3.778200 -5.358024
12 -4.518085 -5.111102
13 -5.241859 -4.820326
14 -6.000915 -4.640787
15 -6.747409 -4.414630
16 -7.512189 -4.261292
17 -8.263688 -4.052371
18 -9.027851 -3.895988
19 -9.771210 -3.659732
20 -10.526641 -3.465505
21 -11.254583 -3.185327
22 -12.014913 -3.011262
23 -12.767402 -2.805931
24 -13.529175 -2.638294
25 -14.282600 -2.436427
26 -15.047669 -2.284542
27 -15.789332 -2.043014
28 -16.540310 -1.832224
29 -17.263719 -1.540541
30 -18.012348 -1.321553
31 -18.761468 -1.104255
32 -19.526889 -0.954150
33 -20.299284 -0.845495
34 -20.761820 -1.473556
35 -20.934454 -2.234212
36 -21.093867 -2.997748
37 -21.300894 -3.749772
38 -21.422250 -4.520274
39 -21.603592 -5.278901
40 -21.712436 -6.051269
41 -21.861637 -6.816866
42 -21.981111 -7.587662
43 -22.193874 -8.338083
44 -22.711602 -8.921485
45 -23.490091 -8.872948
46 -24.257794 -8.734994
47 -25.012897 -8.539493
48 -25.779745 -8.396860
49 -26.544163 -8.241735
50 -27.316064 -8.129619
51 -28.083231 -7.988715
52 -28.848220 -7.836427
53 -29.593482 -7.606243
54 -30.349398 -7.413911
55 -31.103705 -7.215365
56 -31.866863 -7.054149
57 -32.619668 -6.849984
58 -33.376811 -6.662538
59 -34.134063 -6.475540
60 -34.900084 -6.328531
61 -35.670043 -6.203779
62 -36.449146 -6.241175
63 -36.880564 -6.891005
64 -37.093708 -7.641318
65 -37.276332 -8.399637
66 -37.466174 -9.156182
67 -37.909766 -9.797763
68 -38.688453 -9.752517
69 -39.453649 -9.601275
70 -40.224887 -9.484692
71 -40.993092 -9.349556
72 -41.764852 -9.236476
73 -42.533602 -9.104480
74 -43.303731 -8.980781
75 -44.068057 -8.825199
76 -44.831473 -8.665215
77 -45.585799 -8.466737
78 -46.341954 -8.275350
79 -46.912427 -7.743409
80 -46.156207 -7.934542
81 -45.384356 -8.047000
82 -44.613961 -8.169025
