1 0.000000 0.000000
2 -0.055571 0.778018
3 -0.079960 1.557637
4 -0.179894 2.331208
5 -0.253816 3.107697
6 -0.371901 3.878707
7 -0.345529 4.658261
8 0.345455 5.020120
9 1.114849 5.148310
10 1.874379 5.325831
11 2.637813 5.485732
12 3.401738 5.643273
13 4.170715 5.773937
14 4.928693 5.957975
15 5.697606 6.089023
16 6.463654 6.235891
17 7.243534 6.249566
18 8.019220 6.331488
19 8.797422 6.384410
20 9.565137 6.522305
21 10.341976 6.592453
22 11.109466 6.731592
23 11.884064 6.823226
24 12.645747 6.991274
25 13.414228 7.124828
26 14.169512 7.319623
27 14.936169 7.463279
28 15.696180 7.638731
29 16.461485 7.789426
30 17.216538 7.985117
31 17.984852 7.850607
32 18.291521 7.133422
33 18.502142 6.382397
34 18.660001 5.618538
35 18.818490 4.854809
36 19.015703 4.100152
37 19.176639 3.336936
38 19.373890 2.582289
39 19.512919 1.814779
40 19.741345 1.068976
41 19.975330 0.324899
42 20.677343 -0.015069
43 21.449838 0.092868
44 22.217882 0.228916
45 22.989884 0.340329
46 23.758858 0.471017
47 24.531715 0.576336
48 25.298734 0.718047
49 26.065960 0.858632
50 26.830984 1.010746
51 27.598877 1.147639
52 28.363349 1.302503
53 29.134501 1.419653
54 29.899135 1.573714
55 30.665128 1.720872
56 31.425755 1.893632
57 32.195577 2.019228
58 32.963090 2.158236
59 33.737382 2.252431
60 34.495600 2.435472
61 35.272354 2.506562
62 35.746491 1.887212
63 35.978580 1.142541
64 36.154915 0.382735
65 36.340884 -0.374771
66 36.791384 -1.011521
67 37.566142 -0.921249
68 38.336029 -0.796049
69 39.109426 -0.694771
70 39.870038 -0.521946
71 40.641588 -0.407442
72 41.403597 -0.240882
73 42.169189 -0.091655
74 42.933224 0.065350
75 43.705921 0.171836
76 44.474194 0.306585
77 45.250514 0.382261
78 46.023750 0.484758
79 46.803697 0.493836
80 47.469085 0.086823
81 46.719242 -0.127969
82 45.956124 -0.289372
83 45.207479 -0.508300
84 44.444414 -0.669953
