1 0.000000 0.000000
2 -0.680460 0.381280
3 -1.331762 0.810472
4 -1.983437 1.239097
5 -2.635761 1.666733
6 -3.278602 2.108497
7 -3.890883 2.591729
8 -4.513718 3.061279
9 -5.162337 3.494514
10 -5.798318 3.946097
11 -6.492979 4.300846
12 -7.218096 4.013435
13 -7.685855 3.389254
14 -8.142544 2.756930
15 -8.612868 2.134679
16 -9.061278 1.496456
17 -9.555729 0.893200
18 -10.026094 0.270981
19 -10.503422 -0.345913
20 -10.932485 -0.997300
21 -11.391433 -1.627988
22 -11.845793 -2.261989
23 -12.293771 -2.900514
24 -12.750203 -3.533025
25 -13.201951 -4.168890
26 -13.661436 -4.799186
27 -14.118261 -5.431413
28 -14.561747 -6.073067
29 -14.984633 -6.728481
30 -15.412741 -7.380496
31 -15.844896 -8.029836
32 -16.319518 -8.648814
33 -16.765808 -9.288522
34 -17.223269 -9.920288
35 -17.684510 -10.549301
36 -18.156615 -11.170201
37 -18.606957 -11.807062
38 -19.064745 -12.438592
39 -19.512963 -13.076950
40 -19.972768 -13.707012
41 -20.413673 -14.350443
42 -20.884969 -14.971958
43 -21.344145 -15.602479
44 -21.769726 -16.256146
45 -21.205501 -16.794710
46 -20.585037 -17.267388
47 -19.961490 -17.735991
48 -19.381489 -18.257526
49 -18.796265 -18.773193
50 -18.159206 -19.223255
51 -17.537569 -19.694390
52 -16.906518 -20.152838
53 -16.278032 -20.614796
54 -15.648044 -21.074703
55 -15.016526 -21.532507
56 -14.394727 -22.003429
57 -13.779711 -22.483173
58 -13.154824 -22.949988
59 -12.545331 -23.436731
60 -11.940239 -23.928933
61 -11.323238 -24.406123
62 -10.709587 -24.887613
63 -10.079857 -25.347874
64 -9.302354 -25.410241
65 -8.706327 -24.907099
66 -8.166572 -24.344015
67 -7.632072 -23.775939
68 -7.146732 -23.165329
69 -6.631919 -22.579353
70 -6.159014 -21.959062
71 -5.672782 -21.349161
72 -5.154267 -20.766459
73 -4.610876 -20.206883
74 -4.105114 -19.613077
75 -3.583540 -19.033111
76 -3.045626 -18.468267
77 -2.522067 -17.890092
78 -2.003195 -17.307708
79 -1.501923 -16.710108
80 -1.000894 -16.112303
81 -0.519961 -15.498216
82 -0.038164 -14.884805
83 0.432560 -14.262858
84 0.917569 -13.651985
85 1.405269 -13.043257
86 1.902894 -12.442617
87 2.391825 -11.834878
88 2.903197 -11.245897
89 3.417834 -10.659766
90 3.950996 -10.090435
91 4.455363 -9.495444
92 4.946284 -8.889312
93 5.431358 -8.278490
94 5.934837 -7.682748
95 6.416410 -7.069162
96 6.940926 -6.491855
97 7.681617 -6.247365
98 8.291612 -6.733479
99 8.898794 -7.223101
100 9.524071 -7.689393
101 10.099002 -8.216512
102 10.741585 -8.658652
103 11.352479 -9.143634
104 11.975835 -9.612491
105 12.629287 -10.038404
106 13.255964 -10.502813
107 13.885011 -10.964007
108 14.506070 -11.435903
109 15.119007 -11.918301
110 15.721157 -12.414098
111 16.341743 -12.886617
112 16.974925 -13.342117
113 17.593839 -13.816823
114 18.211743 -14.292842
115 18.834785 -14.762117
116 19.436355 -15.258618
117 20.058367 -15.729256
118 20.651858 -16.235387
119 21.259449 -16.724502
120 21.864390 -17.216891
121 22.268245 -17.884200
122 22.192917 -18.660554
123 21.842264 -19.357291
124 21.401869 -20.001070
125 20.897016 -20.595649
126 20.372704 -21.173141
127 19.856081 -21.757521
128 19.364145 -22.362830
129 18.868189 -22.964849
130 18.414827 -23.599564
131 17.934760 -24.214329
132 17.428128 -24.807393
133 16.987554 -25.451050
134 16.516577 -26.072806
135 16.047517 -26.696009
136 15.574318 -27.316076
137 15.093152 -27.929981
138 14.630592 -28.558024
139 14.176290 -29.192067
140 13.681872 -29.795350
141 13.214089 -30.419513
142 12.776030 -31.064884
143 12.329139 -31.704171
144 11.850338 -32.319923
145 11.369730 -32.934264
146 10.915432 -33.568310
147 10.439928 -34.186611
148 9.968912 -34.808337
149 9.491681 -35.425307
150 8.977742 -36.012049
151 8.474002 -36.607571
152 7.970766 -37.203518
153 7.472052 -37.803255
154 6.950302 -38.383063
155 6.350083 -38.881195
156 5.570346 -38.860910
157 4.963764 -38.370546
158 4.368364 -37.866661
159 3.763250 -37.374486
160 3.149665 -36.892911
161 2.498745 -36.463140
162 1.887971 -35.978007
163 1.269197 -35.503118
164 0.674616 -34.998269
165 0.060250 -34.517692
166 -0.551771 -34.034132
