1 0.000000 0.000000
2 0.005684 0.779979
3 0.016374 1.559906
4 0.041631 2.339497
5 0.093480 3.117772
6 0.103000 3.897714
7 0.219961 4.668895
8 0.874599 5.092982
9 1.654599 5.092911
10 2.434576 5.086921
11 3.213084 5.038703
12 3.993081 5.036641
13 4.771880 4.993373
14 5.551876 4.995848
15 6.331832 4.987534
16 7.111280 5.016890
17 7.891252 5.023478
18 8.671241 5.027652
19 9.450299 4.989332
20 10.230166 5.003735
21 11.009823 4.980631
22 11.789556 5.001056
23 12.569527 4.994379
24 13.347787 5.046453
25 14.127420 5.070390
26 14.903432 5.149163
27 15.683249 5.132266
28 16.463080 5.148475
29 17.243065 5.153432
30 18.022390 5.185869
31 18.797833 5.101674
32 19.108992 4.386426
33 19.029127 3.610526
34 19.010834 2.830740
35 18.928799 2.055066
36 18.885992 1.276242
37 18.813121 0.499653
38 18.793237 -0.280094
39 18.734070 -1.057846
40 18.687262 -1.836441
41 18.667918 -2.616201
42 19.021220 -3.311598
43 19.762650 -3.553842
44 20.542427 -3.572483
45 21.322188 -3.591772
46 22.101441 -3.625909
47 22.878426 -3.694422
48 23.657006 -3.741468
49 24.432508 -3.825114
50 25.210115 -3.886171
51 25.988628 -3.934311
52 26.768105 -3.962856
53 27.545505 -4.026498
54 28.324610 -4.063839
55 29.099683 -4.151371
56 29.876880 -4.217439
57 30.653724 -4.287536
58 31.432756 -4.326390
59 32.208596 -4.406833
60 32.988278 -4.429132
61 33.765702 -4.492462
62 34.535963 -4.615339
63 35.032841 -5.216598
64 35.054803 -5.996288
65 34.995188 -6.774007
66 34.931558 -7.551407
67 35.156810 -8.298175
68 35.926886 -8.422202
69 36.706555 -8.444930
70 37.486423 -8.459311
71 38.266405 -8.454099
72 39.046346 -8.463727
73 39.823540 -8.529822
74 40.602147 -8.576417
75 41.380145 -8.632280
76 42.158624 -8.680957
77 42.930866 -8.790692
78 43.705410 -8.882789
79 44.477929 -8.990562
80 45.254019 -9.068566
81 45.988857 -9.330125
82 45.821362 -10.091929
83 45.042093 -10.058155
84 44.267689 -9.964890
