1 0.000000 0.000000
2 -0.664408 0.408609
3 -1.332413 0.811312
4 -1.980992 1.244607
5 -2.651619 1.642929
6 -3.340352 2.009053
7 -4.018345 2.394702
8 -4.683765 2.801662
9 -5.352517 3.203123
10 -6.023416 3.600986
11 -6.723439 3.945033
12 -7.441458 3.640323
13 -7.856902 2.980167
14 -8.224176 2.292047
15 -8.607041 1.612477
16 -9.036335 0.961243
17 -9.490292 0.326953
18 -9.878044 -0.349839
19 -10.260837 -1.029450
20 -10.655559 -1.702201
21 -11.073842 -2.360562
22 -11.483561 -3.024287
23 -11.931279 -3.662995
24 -12.316129 -4.341442
25 -12.723183 -5.006804
26 -13.142920 -5.664240
27 -13.555265 -6.326336
28 -13.991461 -6.972968
29 -14.440473 -7.610768
30 -14.819387 -8.292548
31 -15.247092 -8.944827
32 -15.720701 -9.564581
33 -16.142115 -10.220942
34 -16.560034 -10.879534
35 -16.973738 -11.540783
36 -17.351146 -12.223398
37 -17.738005 -12.900701
38 -18.130545 -13.574728
39 -18.540264 -14.238453
40 -18.931751 -14.913092
41 -19.324213 -15.587164
42 -19.718522 -16.260158
43 -20.102805 -16.938926
44 -20.452467 -17.636161
45 -20.456872 -18.416149
46 -19.921220 -18.983139
47 -19.184790 -19.240180
48 -18.453279 -19.510906
49 -17.764755 -19.877423
50 -17.087719 -20.264750
51 -16.427931 -20.680778
52 -15.767004 -21.094994
53 -15.090053 -21.482470
54 -14.402337 -21.850502
55 -13.738427 -22.259921
56 -13.061410 -22.647280
57 -12.409506 -23.075556
58 -11.761666 -23.509957
59 -11.116545 -23.948384
60 -10.460318 -24.370008
61 -9.802341 -24.788895
62 -9.150822 -25.217758
63 -8.488798 -25.630219
64 -7.818954 -26.029855
65 -7.140123 -26.414027
66 -6.371305 -26.545625
67 -5.975402 -25.873568
68 -5.574858 -25.204266
69 -5.127951 -24.564990
70 -4.733801 -23.891903
71 -4.368887 -23.202528
72 -3.957621 -22.539761
73 -3.584545 -21.854769
74 -3.203061 -21.174423
75 -2.828455 -20.490267
76 -2.423612 -19.823557
77 -2.049146 -19.139324
78 -1.623162 -18.485919
79 -1.219689 -17.818379
80 -0.797699 -17.162388
81 -0.391138 -16.496724
82 0.059587 -15.860134
83 0.505231 -15.219977
84 0.932995 -14.567736
85 1.359668 -13.914781
86 1.802351 -13.272572
87 2.244263 -12.629833
88 2.682728 -11.984737
89 3.088425 -11.318547
90 3.557462 -10.695326
91 4.012424 -10.061757
92 4.457277 -9.421050
93 4.913427 -8.788336
94 5.342149 -8.136724
95 5.798750 -7.504336
96 6.234167 -6.857179
97 6.703906 -6.234487
98 7.333211 -5.773645
99 8.079919 -5.999093
100 8.693867 -6.480204
101 9.339297 -6.918177
102 10.005460 -7.323918
103 10.658192 -7.750933
104 11.297239 -8.198167
105 11.954158 -8.618712
106 12.604505 -9.049350
107 13.235152 -9.508353
108 13.872321 -9.958259
109 14.527923 -10.380854
110 15.167286 -10.827636
111 15.813857 -11.263923
112 16.449939 -11.715365
113 17.095185 -12.153609
114 17.739804 -12.592774
115 18.383224 -13.033694
116 19.038135 -13.457359
117 19.687793 -13.889036
118 20.336565 -14.322043
119 20.966884 -14.781496
120 21.606331 -15.228159
121 22.255923 -15.659935
122 22.894472 -16.107880
123 23.480774 -16.622321
124 23.522726 -17.401192
125 23.095564 -18.053827
126 22.645681 -18.691012
127 22.236887 -19.355308
128 21.793902 -19.997308
129 21.428152 -20.686239
130 21.019438 -21.350583
131 20.632424 -22.027798
132 20.220873 -22.690388
133 19.820628 -23.359869
134 19.422043 -24.030339
135 19.002962 -24.688192
136 18.593054 -25.351800
137 18.209428 -26.030940
138 17.796603 -26.692737
139 17.355614 -27.336110
140 16.946299 -28.000084
141 16.541201 -28.666639
142 16.116344 -29.320777
143 15.677127 -29.965361
144 15.237341 -30.609557
145 14.814271 -31.264852
146 14.377648 -31.911195
147 13.970989 -32.576800
148 13.568582 -33.244983
149 13.177793 -33.920026
150 12.806224 -34.605837
151 12.427362 -35.287646
152 12.052640 -35.971739
153 11.733642 -36.683526
154 11.401119 -37.389095
155 11.022093 -38.070813
156 10.514357 -38.662932
157 9.757555 -38.851743
158 8.983217 -38.757924
159 8.334713 -38.324517
160 7.677646 -37.904204
161 6.996412 -37.524309
162 6.311742 -37.150642
163 5.642755 -36.749572
164 4.989248 -36.323745
165 4.348157 -35.879446
166 3.703835 -35.439844
167 3.045737 -35.021148
168 2.392596 -34.594759
