1 0.000000 0.000000
2 0.203028 -0.753113
3 0.361707 -1.516802
4 0.509864 -2.282602
5 0.675708 -3.044767
6 0.867493 -3.800822
7 1.055956 -4.557711
8 1.202111 -5.323896
9 1.410814 -6.075456
10 1.462037 -6.853773
11 0.720946 -7.097049
12 0.380906 -6.395071
13 0.075353 -5.677410
14 -0.189907 -4.943899
15 -0.476372 -4.218408
16 -0.758319 -3.491149
17 -1.096924 -2.788478
18 -1.408949 -2.073607
19 -1.726853 -1.361331
20 -2.042947 -0.648250
21 -2.410850 0.039535
22 -2.663048 0.777638
23 -2.608031 1.555695
24 -1.953038 1.979233
25 -1.256140 2.329566
26 -0.533409 2.622927
27 0.176643 2.945767
28 0.899355 3.239173
29 1.610773 3.558992
30 2.327038 3.867804
31 3.022555 4.220870
32 3.747282 4.509265
33 4.456231 4.834519
34 5.181105 5.122543
35 5.902005 5.420374
36 6.634456 5.688545
37 7.356200 5.984326
38 8.077845 6.280347
39 8.788033 6.602887
40 9.503866 6.912699
41 10.210711 7.242501
42 10.947363 7.498907
43 11.667751 7.797976
44 12.386347 8.101323
45 13.088363 8.441285
46 13.825072 8.697526
47 14.444483 8.223470
48 14.789445 7.523897
49 15.133633 6.823945
50 15.428423 6.101796
51 15.760593 5.396060
52 16.094780 4.691277
53 16.469847 4.007373
54 16.796923 3.299262
55 17.135334 2.596497
56 17.564238 1.945005
57 18.337342 1.841514
58 19.065676 2.120673
59 19.766453 2.463180
60 20.483328 2.770573
61 21.184189 3.112909
62 21.896620 3.430464
63 22.614943 3.734458
64 23.339233 4.023948
65 24.039570 4.367354
66 24.728822 4.732501
67 25.111811 5.412000
68 24.873097 6.154574
69 24.525419 6.852800
70 24.174317 7.549311
71 23.854135 8.260566
72 23.529323 8.969718
73 23.184504 9.669361
74 22.839246 10.368787
75 22.777867 11.146368
76 23.188505 10.483212
77 23.561115 9.797966
78 23.953774 9.124009
79 24.312206 8.431241
