1 0.000000 0.000000
2 -0.077840 0.776106
3 -0.122114 1.554849
4 -0.204288 2.330508
5 -0.292539 3.105499
6 -0.428157 3.873619
7 -0.489552 4.651199
8 0.116654 5.142030
9 0.854266 5.395660
10 1.602651 5.615478
11 2.359369 5.804629
12 3.114238 6.001029
13 3.878767 6.155609
14 4.628172 6.371923
15 5.389892 6.539802
16 6.133547 6.775124
17 6.892457 6.955282
18 7.631521 7.204649
19 8.385488 7.404481
20 9.132594 7.628610
21 9.887807 7.823681
22 10.610406 8.117367
23 11.360484 8.331337
24 12.096088 8.590732
25 12.846388 8.803924
26 13.581741 9.064030
27 14.327258 9.293387
28 15.051124 9.583936
29 15.792087 9.827603
30 16.509166 10.134519
31 17.252593 10.370561
32 18.032583 10.374583
33 18.465285 9.725608
34 18.746284 8.997982
35 19.006594 8.262700
36 19.318252 7.547669
37 19.581250 6.813345
38 19.912733 6.107287
39 20.205019 5.384121
40 20.483526 4.655537
41 20.757411 3.925204
42 21.157429 3.255588
43 21.925726 3.120983
44 22.675073 3.337499
45 23.416296 3.580376
46 24.151456 3.841027
47 24.902662 4.051002
48 25.651458 4.269417
49 26.403284 4.477161
50 27.148346 4.707993
51 27.897129 4.926449
52 28.640999 5.161093
53 29.388811 5.382852
54 30.122754 5.646913
55 30.867709 5.878086
56 31.601718 6.141963
57 32.344099 6.381276
58 33.090617 6.607355
59 33.842222 6.815895
60 34.586458 7.049375
61 35.321728 7.309718
62 36.047072 7.596557
63 36.826106 7.635366
64 37.285029 7.004660
65 37.536478 6.266302
66 37.766303 5.520929
67 38.086415 4.809643
68 38.733092 4.373513
69 39.489198 4.565096
70 40.230790 4.806844
71 40.982627 5.014546
72 41.723863 5.257383
73 42.474026 5.471055
74 43.209750 5.730111
75 43.955370 5.959133
76 44.682174 6.242250
77 45.407263 6.529733
78 46.144378 6.784805
79 46.885507 7.027966
80 47.605931 7.326947
81 48.350667 7.558824
82 48.956713 7.067796
83 48.246270 6.745816
84 47.513743 6.477853
85 46.801189 6.160572
