1 0.000000 0.000000
2 -0.737154 -0.254959
3 -1.465944 -0.532924
4 -2.174602 -0.858815
5 -2.900458 -1.144355
6 -3.622115 -1.440346
7 -4.357443 -1.700523
8 -5.082883 -1.987118
9 -5.819605 -2.243325
10 -6.554398 -2.505010
11 -7.187517 -2.049423
12 -7.510799 -1.339572
13 -7.738134 -0.593436
14 -8.005215 0.139413
15 -8.246357 0.881202
16 -8.533081 1.606591
17 -8.748657 2.356209
18 -9.025065 3.085591
19 -9.256705 3.830402
20 -9.515632 4.566171
21 -9.741141 5.312861
22 -10.031344 6.036866
23 -10.252057 6.784987
24 -10.538105 7.510643
25 -10.775022 8.253792
26 -11.041993 8.986681
27 -11.290937 9.725888
28 -11.565693 10.455894
29 -11.786299 11.204047
30 -12.042000 11.940944
31 -12.303635 12.675755
32 -12.598607 13.397829
33 -12.840292 14.139441
34 -13.082994 14.880721
35 -13.289171 15.632979
36 -13.544184 16.370114
37 -13.749366 17.122643
38 -13.970055 17.870772
39 -14.169070 18.624955
40 -14.403762 19.368810
41 -14.573967 20.130013
42 -14.804752 20.875089
43 -15.045971 21.616853
44 -15.347003 22.336422
45 -15.273001 23.112904
46 -14.577653 23.466304
47 -13.825375 23.672404
48 -13.074490 23.883524
49 -12.319361 24.078922
50 -11.632200 24.447988
51 -11.576796 25.226018
52 -11.803084 25.972472
53 -11.994462 26.728629
54 -12.249502 27.465755
55 -12.498253 28.205027
56 -12.728975 28.950123
57 -12.928279 29.704230
58 -13.143952 30.453820
59 -13.368840 31.200697
60 -13.663892 31.922739
61 -14.120132 32.555388
62 -14.899987 32.570415
63 -15.640018 32.323933
64 -16.366329 32.039551
65 -17.110764 31.806706
66 -17.845899 31.545984
67 -18.601303 31.351651
68 -19.338552 31.096967
69 -20.088169 30.881390
70 -20.818848 30.608428
71 -21.563819 30.377302
72 -22.301873 30.124961
73 -23.050750 29.906825
74 -23.781677 29.634529
75 -24.513997 29.366000
76 -25.251810 29.112956
77 -25.990652 28.862930
78 -26.719579 28.585324
79 -27.467441 28.363732
80 -28.205474 28.111330
81 -28.953189 27.889244
82 -29.680821 27.608261
83 -30.115856 26.960847
84 -29.905873 26.209643
85 -29.622161 25.483071
86 -29.330666 24.759585
87 -29.079276 24.021207
88 -28.793980 23.295255
89 -28.523255 22.563744
90 -28.240285 21.836883
91 -28.153521 21.061723
92 -28.593466 20.417636
93 -28.908353 21.131251
94 -29.182854 21.861354
95 -29.503493 22.572403
