1 0.000000 0.000000
2 -0.720578 -0.298609
3 -1.441239 -0.597017
4 -2.134988 -0.953547
5 -2.836584 -1.294373
6 -3.530785 -1.650021
7 -4.244697 -1.964232
8 -4.926814 -2.342539
9 -5.642075 -2.653669
10 -6.364980 -2.946599
11 -7.029275 -2.537805
12 -7.386735 -1.844536
13 -7.620466 -1.100379
14 -7.925772 -0.382612
15 -8.185246 0.352965
16 -8.526597 1.054306
17 -8.800651 1.784576
18 -9.130748 2.491284
19 -9.400797 3.223044
20 -9.729940 3.930197
21 -9.986687 4.666730
22 -10.261768 5.396614
23 -10.496111 6.140579
24 -10.802797 6.857756
25 -11.066320 7.591892
26 -11.371318 8.309789
27 -11.626192 9.046972
28 -11.947319 9.757801
29 -12.178108 10.502876
30 -12.484215 11.220301
31 -12.747641 11.954472
32 -13.053376 12.672055
33 -13.292012 13.414654
34 -13.610481 14.126678
35 -13.888125 14.855590
36 -14.185846 15.576536
37 -14.449706 16.310551
38 -14.776301 17.018883
39 -15.005348 17.764496
40 -15.350828 18.463812
41 -15.688977 19.166703
42 -16.064203 19.850520
43 -16.421128 20.544064
44 -16.828258 21.209380
45 -16.837642 21.989324
46 -16.290928 22.545654
47 -15.568547 22.839874
48 -14.828833 23.087308
49 -14.089954 23.337222
50 -13.512931 23.862051
51 -13.674892 24.625050
52 -13.974315 25.345290
53 -14.268047 26.067870
54 -14.590004 26.778323
55 -14.864961 27.508254
56 -15.180397 28.221626
57 -15.473533 28.944448
58 -15.848472 29.628422
59 -16.117507 30.360556
60 -16.483400 31.049412
61 -17.105810 31.519524
62 -17.869184 31.359335
63 -18.596762 31.078213
64 -19.301525 30.743982
65 -20.030452 30.466377
66 -20.741906 30.146636
67 -21.462485 29.848032
68 -22.181676 29.546097
69 -22.894349 29.229085
70 -23.593632 28.883536
71 -24.316216 28.589814
72 -25.030196 28.275755
73 -25.758368 27.996175
74 -26.472274 27.681949
75 -27.209528 27.427280
76 -27.922167 27.110189
77 -28.647862 26.824242
78 -29.350680 26.485941
79 -30.066548 26.176210
80 -30.789549 25.883518
81 -31.503958 25.570436
82 -32.180745 25.182674
83 -32.154491 24.403116
84 -31.843688 23.687713
85 -31.558522 22.961710
86 -31.218118 22.259909
87 -30.897163 21.549003
88 -30.548454 20.851291
89 -30.195019 20.155960
90 -29.813228 19.475787
91 -30.091055 18.746944
92 -30.489026 19.417778
93 -30.778946 20.141896
94 -31.115714 20.845450
95 -31.403351 21.570477
96 -31.735502 22.276222
