1 0.000000 0.000000
2 0.772615 -0.107078
3 1.533981 -0.276555
4 2.299065 -0.428364
5 3.062901 -0.586337
6 3.833553 -0.706731
7 4.603030 -0.834421
8 5.370152 -0.975573
9 6.124652 -1.173387
10 6.892954 -1.307969
11 7.651114 -1.491254
12 8.418460 -1.631182
13 9.168594 -1.844955
14 9.674137 -2.438947
15 9.650241 -3.218581
16 9.529238 -3.989138
17 9.332948 -4.744035
18 9.187592 -5.510372
19 9.027304 -6.273725
20 8.925922 -7.047108
21 8.809868 -7.818426
22 8.725091 -8.593805
23 8.611345 -9.365467
24 8.527408 -10.140937
25 8.404485 -10.911191
26 8.330047 -11.687631
27 8.245383 -12.463022
28 8.196436 -13.241485
29 8.087393 -14.013825
30 7.992145 -14.787988
31 7.868888 -15.558187
32 7.768169 -16.331657
33 7.628603 -17.099069
34 7.507954 -17.869682
35 7.367058 -18.636851
36 7.290814 -19.413116
37 7.210953 -20.189017
38 7.109505 -20.962391
39 6.981159 -21.731759
40 6.904531 -22.507986
41 6.796698 -23.280497
42 6.720919 -24.056807
43 6.618334 -24.830031
44 6.548163 -25.606869
45 6.434941 -26.378607
46 6.345440 -27.153456
47 6.237220 -27.925912
48 5.935681 -28.645269
49 5.169734 -28.792666
50 4.393038 -28.720955
51 3.622829 -28.597753
52 2.848062 -28.507553
53 2.078838 -28.378344
54 1.310724 -28.242695
55 0.543495 -28.102131
56 -0.228531 -27.990881
57 -0.994822 -27.845285
58 -1.763991 -27.715752
59 -2.528656 -27.561846
60 -3.303090 -27.468823
61 -4.073013 -27.343852
62 -4.847274 -27.249407
63 -5.622693 -27.164994
64 -6.398892 -27.088082
65 -7.171851 -26.983518
66 -7.947792 -26.904046
67 -8.722360 -26.812152
68 -9.499902 -26.750278
69 -10.272541 -26.643370
70 -11.047016 -26.550695
71 -11.820156 -26.447478
72 -12.595743 -26.364625
73 -13.369469 -26.265886
74 -14.140091 -26.145299
75 -14.774063 -25.690900
76 -14.801807 -24.911393
77 -14.694660 -24.138788
78 -14.582707 -23.366864
79 -14.469058 -22.595188
80 -14.400468 -21.818209
81 -14.262954 -21.050427
82 -14.150866 -20.278522
83 -13.992559 -19.514756
84 -13.899358 -18.740344
85 -13.753494 -17.974104
86 -13.642466 -17.202047
87 -13.496733 -16.435782
88 -13.396877 -15.662200
89 -13.259430 -14.894406
90 -13.149000 -14.122263
91 -13.020154 -13.352978
92 -12.939999 -12.577107
93 -12.823947 -11.805789
94 -12.722822 -11.032372
95 -12.593238 -10.263212
96 -12.505422 -9.488171
97 -12.375778 -8.719020
98 -12.278501 -7.945110
99 -12.144994 -7.176621
100 -12.028769 -6.405328
101 -11.895406 -5.636814
102 -11.771922 -4.866651
103 -11.617552 -4.102079
104 -11.471131 -3.335945
105 -11.325099 -2.569737
106 -11.239337 -1.794466
107 -11.156025 -1.018928
108 -11.133132 -0.239264
109 -11.370364 0.503784
110 -12.074839 0.838621
111 -12.827416 1.043626
112 -13.597431 1.168032
113 -14.359545 1.334114
114 -15.129990 1.455823
115 -15.893940 1.613243
116 -16.668054 1.708888
117 -17.435354 1.849066
118 -18.208716 1.950615
119 -18.978417 2.076947
120 -19.752271 2.174668
121 -20.523814 2.289221
122 -21.298109 2.383382
123 -22.073248 2.470329
124 -22.849160 2.550084
125 -23.621971 2.655741
126 -24.392364 2.777783
127 -25.156267 2.935430
128 -25.928577 3.044690
129 -26.705470 3.114238
130 -27.445600 2.868054
131 -27.795533 2.170955
132 -27.953082 1.407032
133 -28.122258 0.645599
134 -28.240094 -0.125449
135 -28.367247 -0.895015
136 -28.490676 -1.665187
137 -28.638004 -2.431147
138 -28.792312 -3.195731
139 -28.948741 -3.959884
140 -29.055533 -4.732539
141 -29.181021 -5.502379
142 -29.300708 -6.273141
143 -29.482318 -7.031704
144 -29.643481 -7.794873
145 -29.818573 -8.554967
146 -29.961075 -9.321839
147 -30.126105 -10.084181
148 -30.252654 -10.853847
149 -30.409902 -11.617832
150 -30.563047 -12.382650
151 -30.693543 -13.151656
152 -30.823354 -13.920778
153 -30.986198 -14.683590
154 -31.125929 -15.450972
155 -31.304958 -16.210149
156 -31.457171 -16.975153
157 -31.612837 -17.739462
158 -31.767753 -18.503923
159 -31.923950 -19.268123
160 -32.062335 -20.035749
161 -32.226314 -20.798318
162 -32.356176 -21.567432
163 -32.473631 -22.338538
164 -32.448467 -23.118132
165 -31.909471 -23.681943
166 -31.148934 -23.855101
167 -30.387376 -24.023709
168 -29.618759 -24.156481
169 -28.851425 -24.296477
170 -28.076240 -24.383006
