1 0.000000 0.000000
2 -0.706370 -0.330819
3 -1.402006 -0.683652
4 -2.114276 -1.001569
5 -2.784815 -1.400038
6 -3.495758 -1.720911
7 -4.172657 -2.108477
8 -4.867281 -2.463298
9 -5.513112 -2.900680
10 -6.242173 -3.177933
11 -6.867345 -2.711500
12 -7.243638 -2.028269
13 -7.620760 -1.345496
14 -7.953916 -0.640226
15 -8.369284 0.019978
16 -8.722827 0.715254
17 -9.141464 1.373389
18 -9.510529 2.060551
19 -9.912209 2.729171
20 -10.224783 3.443802
21 -10.591074 4.132447
22 -10.926683 4.836554
23 -11.334682 5.501337
24 -11.662676 6.209023
25 -12.032265 6.895903
26 -12.370267 7.598864
27 -12.712729 8.299664
28 -12.983080 9.031313
29 -13.349927 9.719661
30 -13.699009 10.417187
31 -14.072758 11.101812
32 -14.371909 11.822165
33 -14.756150 12.500957
34 -15.092257 13.204826
35 -15.471327 13.886520
36 -15.814566 14.586939
37 -16.186045 15.272799
38 -16.467203 16.000363
39 -16.862582 16.672729
40 -17.218640 17.366719
41 -17.655336 18.013014
42 -17.975227 18.724399
43 -18.402675 19.376847
44 -18.731506 20.084145
45 -18.873357 20.851138
46 -18.333888 21.414498
47 -17.676778 21.834742
48 -16.965296 22.154421
49 -16.295028 22.553345
50 -15.697188 23.054331
51 -15.753586 23.832290
52 -16.120691 24.520501
53 -16.550411 25.171454
54 -16.896999 25.870222
55 -17.248885 26.566337
56 -17.574503 27.275120
57 -17.971522 27.946518
58 -18.289483 28.658769
59 -18.671451 29.338843
60 -19.026748 30.033223
61 -19.618596 30.541274
62 -20.394878 30.465206
63 -21.096752 30.124950
64 -21.816092 29.823372
65 -22.512853 29.472766
66 -23.214376 29.131790
67 -23.887711 28.738064
68 -24.580667 28.379996
69 -25.260474 27.997554
70 -25.962385 27.657375
71 -26.645801 27.281420
72 -27.351035 26.948187
73 -28.038632 26.579933
74 -28.749530 26.258960
75 -29.442584 25.901082
76 -30.137363 25.546565
77 -30.828193 25.184414
78 -31.529928 24.843873
79 -32.197536 24.440512
80 -32.881010 24.064663
81 -33.538088 23.644367
82 -34.202403 23.235606
83 -34.671738 22.612610
84 -34.521607 21.847194
85 -34.154526 21.158971
86 -33.765707 20.482791
87 -33.334728 19.832670
88 -32.958695 19.149296
89 -32.524314 18.501444
90 -32.113682 17.838283
91 -31.797716 17.125146
92 -32.323181 17.701589
93 -32.758496 18.348814
94 -33.226820 18.972571
95 -33.680095 19.607347
