1 0.000000 0.000000
2 0.236429 -0.743304
3 0.463621 -1.489484
4 0.720648 -2.225919
5 0.924908 -2.978699
6 1.196829 -3.709766
7 1.477342 -4.437580
8 1.775917 -5.158172
9 1.985541 -5.909476
10 1.637882 -6.607711
11 1.198069 -5.963534
12 0.813184 -5.285106
13 0.456726 -4.591321
14 0.071147 -3.913288
15 -0.269445 -3.211578
16 -0.661319 -2.537164
17 -0.998577 -1.833845
18 -1.391115 -1.159817
19 -1.756754 -0.470826
20 -2.144814 0.205790
21 -2.465652 0.916749
22 -2.243904 1.664564
23 -1.618552 2.130756
24 -0.973549 2.569356
25 -0.307669 2.975564
26 0.350457 3.394217
27 1.030006 3.777117
28 1.689541 4.193547
29 2.381095 4.554315
30 3.054928 4.947187
31 3.749151 5.302791
32 4.415639 5.708000
33 5.098874 6.084285
34 5.768141 6.484886
35 6.441653 6.878310
36 7.093178 7.307163
37 7.763019 7.706803
38 8.416418 8.132796
39 9.082316 8.538973
40 9.704625 9.009220
41 10.356512 9.437521
42 10.997240 9.882345
43 11.650610 10.308383
44 12.296298 10.745974
45 12.983266 11.115400
46 13.669176 10.744015
47 14.112299 10.102110
48 14.575977 9.474892
49 15.018305 8.832438
50 15.521428 8.236395
51 15.984920 7.609040
52 16.470439 6.998571
53 16.882911 6.336554
54 17.365815 5.724015
55 17.891719 5.147973
56 18.670193 5.196737
57 19.325869 5.619216
58 19.923845 6.120041
59 20.547029 6.589127
60 21.171974 7.055864
61 21.837780 7.462192
62 22.477719 7.908150
63 23.118958 8.352235
64 23.748783 8.812367
65 24.339613 9.321601
66 24.560292 10.069733
67 24.129094 10.719708
68 23.591509 11.284865
69 23.090052 11.882311
70 22.570696 12.464264
71 22.054727 13.049222
72 21.506748 13.604306
73 21.000906 14.198043
74 20.485079 14.783127
75 20.140590 15.482932
76 20.710143 16.015856
77 21.259201 15.461839
78 21.804466 14.904088
79 22.378257 14.375729
