1 0.000000 0.000000
2 -0.718481 -0.303620
3 -1.447302 -0.581506
4 -2.166449 -0.883544
5 -2.882317 -1.193275
6 -3.583310 -1.535339
7 -4.300040 -1.843071
8 -4.987969 -2.210704
9 -5.698898 -2.531608
10 -6.420345 -2.828112
11 -7.091589 -2.430833
12 -7.482828 -1.756050
13 -7.754453 -1.024873
14 -8.048499 -0.302421
15 -8.294813 0.437667
16 -8.619669 1.146799
17 -8.917836 1.867560
18 -9.256427 2.570238
19 -9.534631 3.298937
20 -9.861042 4.007355
21 -10.152419 4.730887
22 -10.520430 5.418614
23 -10.866831 6.117475
24 -11.241223 6.801749
25 -11.590737 7.499058
26 -11.968808 8.181306
27 -12.317046 8.879253
28 -12.696318 9.560834
29 -13.063746 10.248872
30 -13.449107 10.927029
31 -13.783076 11.631916
32 -14.174235 12.306745
33 -14.545041 12.992968
34 -14.944868 13.662699
35 -15.297956 14.358205
36 -15.679140 15.038719
37 -16.021625 15.739506
38 -16.405391 16.418568
39 -16.768633 17.108825
40 -17.199589 17.758961
41 -17.592714 18.432647
42 -18.017272 19.086979
43 -18.426434 19.751047
44 -18.875267 20.388972
45 -19.204503 21.096082
46 -18.631872 21.625699
47 -17.982118 22.057231
48 -17.337037 22.495717
49 -16.649905 22.864838
50 -16.051733 23.365427
51 -16.231328 24.124470
52 -16.663407 24.773860
53 -17.044704 25.454310
54 -17.451326 26.119937
55 -17.825241 26.804471
56 -18.220370 27.476984
57 -18.637800 28.135886
58 -19.096376 28.766844
59 -19.538221 29.409629
60 -20.008004 30.032288
61 -20.523531 30.617635
62 -21.288542 30.465457
63 -21.970316 30.086532
64 -22.622797 29.659135
65 -23.295884 29.264985
66 -23.970759 28.873905
67 -24.648140 28.487180
68 -25.317727 28.087114
69 -26.024799 27.757798
70 -26.650352 27.291875
71 -27.334133 26.916585
72 -28.012697 26.531941
73 -28.716152 26.194968
74 -29.393874 25.808842
75 -30.079189 25.436360
76 -30.729905 25.006279
77 -31.135228 24.339861
78 -30.833314 23.620661
79 -30.465091 22.933048
80 -30.038915 22.279768
81 -29.656936 21.599701
82 -29.242330 20.939018
83 -28.834743 20.273982
84 -28.396026 19.629058
85 -28.035784 18.937230
86 -28.535305 18.338165
87 -29.172258 18.788378
88 -29.605755 19.436822
89 -29.991227 20.114916
90 -30.430363 20.759555
