1 0.000000 0.000000
2 0.779578 0.025640
3 1.559434 0.010638
4 2.339196 -0.008649
5 3.115955 -0.079675
6 3.895557 -0.104605
7 4.674040 -0.153219
8 5.453569 -0.180336
9 6.231080 -0.242592
10 7.010384 -0.275551
11 7.788385 -0.331354
12 8.505435 -0.638337
13 8.706966 -1.391853
14 8.776501 -2.168747
15 8.767625 -2.948697
16 8.808050 -3.727648
17 8.828977 -4.507368
18 8.886333 -5.285256
19 8.912417 -6.064820
20 8.947081 -6.844049
21 8.947559 -7.624049
22 8.980827 -8.403339
23 8.990931 -9.183274
24 9.021799 -9.962663
25 9.053474 -10.742019
26 9.111722 -11.519841
27 9.142337 -12.299240
28 9.225877 -13.074754
29 9.276373 -13.853117
30 9.342563 -14.630304
31 9.382701 -15.409270
32 9.414562 -16.188619
33 9.437342 -16.968287
34 9.512339 -17.744673
35 9.527403 -18.524527
36 9.585287 -19.302377
37 9.629727 -20.081110
38 9.699993 -20.857938
39 9.723278 -21.637591
40 9.758454 -22.416797
41 9.778543 -23.196538
42 9.828432 -23.974941
43 9.885969 -24.752816
44 9.970557 -25.528216
45 10.041449 -26.304988
46 10.075378 -27.084249
47 9.666032 -27.748205
48 8.895845 -27.871539
49 8.117348 -27.919941
50 7.342001 -28.005010
51 6.566664 -28.090173
52 5.792700 -28.187018
53 5.016608 -28.265002
54 4.243302 -28.366974
55 3.468252 -28.454708
56 2.696151 -28.565433
57 1.917810 -28.616276
58 1.145439 -28.725102
59 0.370354 -28.812530
60 -0.402875 -28.915081
61 -1.178380 -28.998701
62 -1.955608 -29.064399
63 -2.732328 -29.135862
64 -3.505055 -29.242127
65 -4.279994 -29.330838
66 -5.048369 -29.465002
67 -5.823007 -29.556303
68 -6.594094 -29.673880
69 -7.372704 -29.720425
70 -8.145265 -29.827894
71 -8.918138 -29.933100
72 -9.688876 -30.052942
73 -10.468438 -30.026811
74 -10.812033 -29.326566
75 -10.949141 -28.558711
76 -11.100725 -27.793582
77 -11.208770 -27.021101
78 -11.365692 -26.257049
79 -11.510476 -25.490604
80 -11.662343 -24.725531
81 -11.788550 -23.955810
82 -11.938615 -23.190381
83 -12.099661 -22.427188
84 -12.247169 -21.661263
85 -12.359205 -20.889351
86 -12.479898 -20.118745
87 -12.602834 -19.348494
88 -12.747994 -18.582120
89 -12.831314 -17.806583
90 -12.957245 -17.036816
91 -13.029880 -16.260205
92 -13.122267 -15.485696
93 -13.211092 -14.710770
94 -13.314972 -13.937719
95 -13.363016 -13.159200
96 -13.465263 -12.385930
97 -13.545577 -11.610076
98 -13.650031 -10.837102
99 -13.695756 -10.058443
100 -13.783923 -9.283442
101 -13.858824 -8.507047
102 -13.940318 -7.731316
103 -13.979600 -6.952305
104 -14.065842 -6.177088
105 -14.124222 -5.399276
106 -14.237813 -4.627591
107 -14.419164 -3.868966
108 -14.881618 -3.240845
109 -15.653366 -3.127685
110 -16.423740 -3.249853
111 -17.198825 -3.337277
112 -17.965737 -3.479564
113 -18.737908 -3.589798
114 -19.505155 -3.730270
115 -20.278429 -3.832480
116 -21.046575 -3.967950
117 -21.819209 -4.074894
118 -22.590652 -4.190117
119 -23.366494 -4.270548
120 -24.139602 -4.374003
121 -24.917416 -4.432359
122 -25.692139 -4.522939
123 -26.468408 -4.599135
124 -27.242603 -4.694124
125 -28.019269 -4.766159
126 -28.791409 -4.876612
127 -29.566241 -4.966254
128 -30.337896 -5.080048
129 -31.056750 -5.382784
130 -31.284839 -6.128690
131 -31.318755 -6.907952
132 -31.284365 -7.687193
133 -31.259355 -8.466792
134 -31.196130 -9.244226
135 -31.162756 -10.023511
136 -31.090463 -10.800154
137 -31.015593 -11.576552
138 -30.933231 -12.352192
139 -30.894871 -13.131248
140 -30.815926 -13.907243
141 -30.769932 -14.685885
142 -30.664272 -15.458696
143 -30.622385 -16.237570
144 -30.566634 -17.015575
145 -30.553490 -17.795465
146 -30.491250 -18.572977
147 -30.474061 -19.352788
148 -30.428153 -20.131436
149 -30.423928 -20.911424
150 -30.390318 -21.690700
151 -30.394957 -22.470686
152 -30.366857 -23.250180
153 -30.336872 -24.029603
154 -30.295732 -24.808518
155 -30.274844 -25.588238
156 -30.243406 -26.367604
157 -30.258795 -27.147452
158 -30.237979 -27.927174
159 -30.194736 -28.705975
160 -30.127664 -29.483086
161 -30.092679 -30.262301
162 -30.008109 -31.037703
163 -29.871725 -31.805686
164 -29.576217 -32.527542
165 -28.858664 -32.833348
166 -28.079047 -32.808905
167 -27.299598 -32.779578
168 -26.521059 -32.731872
169 -25.741555 -32.704059
170 -24.964430 -32.637145
