1 0.000000 0.000000
2 -0.649739 0.431554
3 -1.288996 0.878488
4 -1.932816 1.318825
5 -2.589161 1.740264
6 -3.255510 2.145701
7 -3.905889 2.576291
8 -4.529607 3.044666
9 -5.152507 3.514129
10 -5.765212 3.996823
11 -6.453571 4.363649
12 -7.211999 4.181477
13 -7.708400 3.579824
14 -8.147446 2.935124
15 -8.612914 2.309232
16 -9.118719 1.715463
17 -9.573111 1.081485
18 -10.057756 0.470324
19 -10.526225 -0.153324
20 -10.978923 -0.788513
21 -11.401295 -1.444258
22 -11.820712 -2.101898
23 -12.295185 -2.720990
24 -12.749041 -3.355351
25 -13.222036 -3.975574
26 -13.688137 -4.600993
27 -14.124267 -5.247670
28 -14.542543 -5.906036
29 -14.967175 -6.560320
30 -15.391225 -7.214981
31 -15.832274 -7.858313
32 -16.299774 -8.482688
33 -16.775629 -9.100719
34 -17.274952 -9.699949
35 -17.765678 -10.306239
36 -18.254081 -10.914402
37 -18.720826 -11.539341
38 -19.184811 -12.166332
39 -19.622386 -12.812032
40 -20.071541 -13.449731
41 -20.509558 -14.095131
42 -20.954960 -14.735457
43 -21.382757 -15.387676
44 -21.810516 -16.039920
45 -22.010898 -16.793741
46 -21.712778 -17.514521
47 -21.084014 -17.976102
48 -20.435232 -18.409094
49 -19.789124 -18.846065
50 -19.183062 -19.337074
51 -18.571616 -19.821360
52 -17.990040 -20.341138
53 -17.397190 -20.848019
54 -16.752908 -21.287680
55 -16.140738 -21.771052
56 -15.547400 -22.277361
57 -14.973850 -22.805982
58 -14.366764 -23.295724
59 -13.778446 -23.807858
60 -13.211410 -24.343462
61 -12.616949 -24.848453
62 -12.027377 -25.359143
63 -11.426451 -25.856423
64 -10.822400 -26.349903
65 -10.149542 -26.744444
66 -9.371429 -26.690213
67 -8.809566 -26.149187
68 -8.332954 -25.531740
69 -7.822555 -24.941915
70 -7.275641 -24.385781
71 -6.752019 -23.807663
72 -6.274598 -23.190841
73 -5.766016 -22.599450
74 -5.250703 -22.013913
75 -4.706165 -21.455453
76 -4.145075 -20.913624
77 -3.609490 -20.346572
78 -3.053188 -19.799829
79 -2.525995 -19.224966
80 -2.011637 -18.638590
81 -1.461966 -18.085181
82 -0.888341 -17.556642
83 -0.277083 -17.072117
84 0.290236 -16.536815
85 0.861235 -16.005438
86 1.459209 -15.504613
87 2.048886 -14.994043
88 2.641612 -14.487017
89 3.255720 -14.006109
90 3.857687 -13.510089
91 4.458018 -13.012090
92 5.077153 -12.537673
93 5.716338 -12.090636
94 6.337579 -11.618980
95 6.947419 -11.132673
96 7.558173 -10.647513
97 8.114334 -10.100626
98 8.709597 -9.596580
99 9.466158 -9.406806
100 10.049770 -9.924297
101 10.621918 -10.454435
102 11.143837 -11.034091
103 11.697175 -11.583834
104 12.248424 -12.135671
105 12.801139 -12.686041
106 13.341287 -13.248749
107 13.879438 -13.813366
108 14.412362 -14.382921
109 14.933457 -14.963317
110 15.440077 -15.556390
111 15.987164 -16.112354
112 16.508924 -16.692152
113 17.043420 -17.260232
114 17.540919 -17.860978
115 18.046065 -18.455307
116 18.561657 -19.040598
117 19.077104 -19.626015
118 19.538134 -20.255183
119 20.055255 -20.839123
120 20.536900 -21.452651
121 21.019298 -22.065589
122 21.491938 -22.686082
123 21.963558 -23.307350
124 22.021694 -24.085181
125 21.485834 -24.651973
126 20.909787 -25.177872
127 20.297384 -25.660949
128 19.705806 -26.169314
129 19.112117 -26.675212
130 18.541427 -27.206920
131 17.957579 -27.724145
132 17.353765 -28.217914
133 16.753454 -28.715938
134 16.134333 -29.190373
135 15.539741 -29.695210
136 14.933496 -30.185992
137 14.321210 -30.669217
138 13.718621 -31.164481
139 13.137564 -31.684839
140 12.562495 -32.211807
141 11.998690 -32.750810
142 11.424804 -33.279067
143 10.856061 -33.812856
144 10.282945 -34.341948
145 9.736895 -34.898930
146 9.187256 -35.452371
147 8.652329 -36.020044
148 8.100815 -36.571617
149 7.546649 -37.120525
150 6.964333 -37.639474
151 6.385059 -38.161817
152 5.769280 -38.640582
153 5.182949 -39.154991
154 4.575977 -39.644873
155 3.985627 -40.154664
156 3.362777 -40.624194
157 2.586354 -40.698799
158 1.995063 -40.190100
159 1.503680 -39.584341
160 1.038071 -38.958556
161 0.442562 -38.454800
162 -0.116773 -37.911161
163 -0.665911 -37.357222
164 -1.194869 -36.783983
165 -1.701046 -36.190531
166 -2.217909 -35.606363
167 -2.738738 -35.025728
168 -3.238472 -34.426841
