1 0.000000 0.000000
2 -0.272682 -0.730784
3 -0.554013 -1.458281
4 -0.819312 -2.191777
5 -1.126723 -2.908644
6 -1.381097 -3.646000
7 -1.688927 -4.362688
8 -1.992533 -5.081174
9 -2.607233 -5.561324
10 -3.367228 -5.385799
11 -4.095668 -5.106920
12 -4.820817 -4.819588
13 -5.532317 -4.499950
14 -6.268761 -4.242949
15 -6.981698 -3.926530
16 -7.722635 -3.682784
17 -8.437905 -3.371675
18 -9.172048 -3.108172
19 -9.896858 -2.819986
20 -10.635377 -2.569010
21 -11.358478 -2.276564
22 -12.092283 -2.012119
23 -12.825515 -1.746092
24 -13.571465 -1.518146
25 -14.298761 -1.236295
26 -15.040029 -0.993556
27 -15.765833 -0.707886
28 -16.498615 -0.440619
29 -17.215140 -0.132412
30 -17.949805 0.129632
31 -18.677755 0.409791
32 -19.424393 0.635473
33 -20.161129 0.891636
34 -20.917825 0.702398
35 -21.293903 0.019049
36 -21.588637 -0.703122
37 -21.907612 -1.414919
38 -22.176410 -2.147140
39 -22.483315 -2.864224
40 -22.761511 -3.592927
41 -23.050199 -4.317536
42 -23.308528 -5.053516
43 -23.685579 -5.736328
44 -24.183708 -6.336551
45 -24.958037 -6.242664
46 -25.672731 -5.930233
47 -26.379602 -5.600486
48 -27.102593 -5.307769
49 -27.815347 -4.990937
50 -28.548934 -4.725891
51 -29.256172 -4.396930
52 -29.982111 -4.111601
53 -30.687326 -3.778327
54 -31.412701 -3.491568
55 -32.121594 -3.166190
56 -32.835244 -2.851381
57 -33.527904 -2.492743
58 -34.243591 -2.182594
59 -34.943394 -1.838102
60 -35.665828 -1.544011
61 -36.406585 -1.299716
62 -37.170625 -1.142736
63 -37.712722 -1.703566
64 -38.005126 -2.426684
65 -38.343603 -3.129417
66 -38.705052 -3.820615
67 -39.303020 -4.321449
68 -40.052533 -4.105510
69 -40.760089 -3.777234
70 -41.471309 -3.456976
71 -42.163100 -3.096663
72 -42.884708 -2.800553
73 -43.592778 -2.473388
74 -44.307693 -2.161464
75 -45.007683 -1.817351
76 -45.718420 -1.496021
77 -46.407300 -1.130172
78 -47.106593 -0.784645
79 -47.859764 -0.987458
80 -47.203377 -1.408831
81 -46.494814 -1.734928
82 -45.787192 -2.063061
