1 0.000000 0.000000
2 0.172575 -0.760669
3 0.307134 -1.528975
4 0.410922 -2.302039
5 0.518307 -3.074612
6 0.652938 -3.842905
7 0.754882 -4.616215
8 0.853884 -5.389906
9 0.904304 -6.168275
10 0.311451 -6.675153
11 0.140731 -5.914066
12 0.034011 -5.141401
13 -0.072694 -4.368734
14 -0.143924 -3.591993
15 -0.286195 -2.825078
16 -0.419098 -2.056484
17 -0.561606 -1.289613
18 -0.719122 -0.525683
19 -0.913196 0.229787
20 -1.047452 0.998146
21 -0.977665 1.775018
22 -0.255758 2.070398
23 0.504876 2.243128
24 1.273986 2.373016
25 2.040492 2.517471
26 2.810126 2.644212
27 3.575838 2.792824
28 4.345050 2.922106
29 5.106266 3.092253
30 5.867310 3.263166
31 6.628929 3.431502
32 7.399455 3.552703
33 8.156771 3.739445
34 8.923635 3.881994
35 9.684626 4.053144
36 10.454625 4.177649
37 11.211540 4.366007
38 11.977342 4.514155
39 12.726184 4.732411
40 13.482552 4.922955
41 14.241892 5.101288
42 14.999676 5.286122
43 15.757875 5.469247
44 16.524817 5.611375
45 17.304516 5.633017
46 17.776684 5.012165
47 17.920884 4.245610
48 18.030036 3.473285
49 18.156453 2.703598
50 18.286697 1.934549
51 18.420130 1.166046
52 18.510367 0.391284
53 18.619646 -0.381023
54 18.696280 -1.157250
55 18.816848 -1.927875
56 19.518301 -2.268997
57 20.296631 -2.217986
58 21.075596 -2.177804
59 21.851305 -2.096101
60 22.630305 -2.056627
61 23.408447 -2.002820
62 24.188250 -1.985270
63 24.964035 -1.904298
64 25.735202 -1.787243
65 26.470650 -1.527405
66 26.864697 -0.854257
67 26.828000 -0.075121
68 26.751758 0.701144
69 26.669945 1.476841
70 26.596620 2.253387
71 26.532175 3.030720
72 26.495167 3.809842
73 26.422474 4.586447
74 26.439833 5.366254
75 27.004962 5.903868
76 27.082341 5.127716
77 27.142849 4.350066
78 27.203943 3.572463
79 27.294467 2.797733
80 27.307781 2.017847
81 27.377986 1.241013
