1 0.000000 0.000000
2 -0.298858 -0.720475
3 -0.577351 -1.449064
4 -0.829468 -2.187194
5 -1.152622 -2.897104
6 -1.430795 -3.625815
7 -1.734239 -4.344370
8 -2.009958 -5.074013
9 -2.538530 -5.647609
10 -3.307843 -5.518933
11 -4.035213 -5.237273
12 -4.770076 -4.975785
13 -5.504152 -4.712094
14 -6.252580 -4.492424
15 -6.981560 -4.214955
16 -7.722462 -3.971103
17 -8.454532 -3.701895
18 -9.196995 -3.462836
19 -9.920804 -3.172145
20 -10.665606 -2.940480
21 -11.403317 -2.687137
22 -12.155297 -2.479951
23 -12.882358 -2.197491
24 -13.629820 -1.974557
25 -14.354750 -1.686675
26 -15.099313 -1.454237
27 -15.834865 -1.194695
28 -16.578832 -0.960358
29 -17.296078 -0.653833
30 -18.035239 -0.404753
31 -18.760649 -0.118080
32 -19.509746 0.099299
33 -20.244149 0.362076
34 -21.021840 0.422057
35 -21.433670 -0.240360
36 -21.667466 -0.984497
37 -21.882923 -1.734148
38 -22.098203 -2.483852
39 -22.334726 -3.227126
40 -22.548951 -3.977131
41 -22.830017 -4.704731
42 -23.044697 -5.454606
43 -23.259937 -6.204321
44 -23.525537 -6.937708
45 -24.183349 -7.356854
46 -24.953342 -7.232317
47 -25.709041 -7.039133
48 -26.467478 -6.856999
49 -27.203139 -6.597763
50 -27.956936 -6.397288
51 -28.695274 -6.145780
52 -29.447953 -5.941148
53 -30.188714 -5.696866
54 -30.942868 -5.497739
55 -31.668960 -5.212798
56 -32.412670 -4.977651
57 -33.147114 -4.714986
58 -33.887564 -4.469766
59 -34.620505 -4.202938
60 -35.356695 -3.945208
61 -36.093666 -3.689721
62 -36.856995 -3.529318
63 -37.634999 -3.585088
64 -37.958062 -4.295039
65 -38.220296 -5.029636
66 -38.480592 -5.764922
67 -38.842373 -6.455947
68 -39.448175 -6.947275
69 -40.191951 -6.712334
70 -40.935807 -6.477645
71 -41.668563 -6.210310
72 -42.413615 -5.979446
73 -43.142754 -5.702396
74 -43.885296 -5.463584
75 -44.629050 -5.228576
76 -45.360161 -4.956772
77 -46.079867 -4.656067
78 -46.813144 -4.390164
79 -47.515401 -4.050701
80 -47.685212 -3.289410
81 -46.939614 -3.518505
82 -46.214747 -3.806545
