1 0.000000 0.000000
2 -0.207670 -0.751846
3 -0.415098 -1.503760
4 -0.655220 -2.245879
5 -0.837503 -3.004281
6 -1.092758 -3.741332
7 -1.272858 -4.500255
8 -1.503946 -5.245237
9 -1.846883 -5.945804
10 -2.626812 -5.935287
11 -3.393403 -5.791279
12 -4.148653 -5.596346
13 -4.915315 -5.452722
14 -5.671045 -5.259662
15 -6.429866 -5.079130
16 -7.178239 -4.859271
17 -7.937767 -4.681740
18 -8.692263 -4.483913
19 -9.456534 -4.328063
20 -10.217514 -4.156860
21 -10.979773 -3.991449
22 -11.731425 -3.783077
23 -12.496438 -3.630907
24 -13.258880 -3.466344
25 -14.030294 -3.350928
26 -14.795227 -3.198355
27 -15.564882 -3.071746
28 -16.321638 -2.882744
29 -17.088878 -2.742236
30 -17.848533 -2.565252
31 -18.619523 -2.447038
32 -19.385615 -2.300400
33 -20.161819 -2.223540
34 -20.934234 -2.332052
35 -21.264148 -3.038846
36 -21.423800 -3.802332
37 -21.556821 -4.570906
38 -21.674287 -5.342010
39 -21.770051 -6.116109
40 -21.918262 -6.881898
41 -22.035001 -7.653113
42 -22.194725 -8.416584
43 -22.288318 -9.190949
44 -22.494431 -9.943223
45 -23.251466 -10.131102
46 -24.022974 -10.016319
47 -24.794242 -9.899934
48 -25.560300 -9.753117
49 -26.336103 -9.672305
50 -27.105231 -9.542529
51 -27.880354 -9.455437
52 -28.650701 -9.333104
53 -29.423905 -9.230368
54 -30.186150 -9.064891
55 -30.956402 -8.941957
56 -31.714458 -8.758242
57 -32.488420 -8.661379
58 -33.254035 -8.512269
59 -34.024367 -8.389842
60 -34.790434 -8.243072
61 -35.566277 -8.162649
62 -36.344467 -8.215743
63 -36.640953 -8.937198
64 -36.773828 -9.705797
65 -36.885094 -10.477820
66 -37.019169 -11.246210
67 -37.424254 -11.912773
68 -38.204242 -11.908447
69 -38.980183 -11.828978
70 -39.753008 -11.723424
71 -40.529546 -11.650020
72 -41.295988 -11.505220
73 -42.067639 -11.391406
74 -42.830839 -11.230391
75 -43.604743 -11.133058
76 -44.374400 -11.006456
77 -45.141664 -10.866079
78 -45.904045 -10.701230
79 -46.397772 -10.097382
80 -45.618024 -10.077580
81 -44.867196 -10.288905
82 -44.115435 -10.496885
83 -43.340903 -10.589078
