1 0.000000 0.000000
2 -0.639943 0.445951
3 -1.297140 0.866062
4 -1.978691 1.245388
5 -2.633882 1.668619
6 -3.290712 2.089302
7 -3.953072 2.501223
8 -4.609581 2.922408
9 -5.263447 3.347682
10 -5.898797 3.800154
11 -6.632158 4.065827
12 -7.303264 3.668312
13 -7.722131 3.010323
14 -8.167212 2.369774
15 -8.547088 1.688529
16 -8.962301 1.028228
17 -9.409429 0.389106
18 -9.875863 -0.236065
19 -10.285084 -0.900097
20 -10.699166 -1.561108
21 -11.089915 -2.236175
22 -11.512382 -2.891859
23 -11.907648 -3.564291
24 -12.360289 -4.199521
25 -12.781433 -4.856055
26 -13.247297 -5.481651
27 -13.684072 -6.127892
28 -14.140449 -6.760443
29 -14.560659 -7.417576
30 -14.984225 -8.072550
31 -15.415288 -8.722615
32 -15.863118 -9.361245
33 -16.302515 -10.005707
34 -16.741466 -10.650472
35 -17.189338 -11.289072
36 -17.650141 -11.918406
37 -18.054861 -12.585191
38 -18.478668 -13.240009
39 -18.864945 -13.917645
40 -19.278795 -14.578802
41 -19.703840 -15.232818
42 -20.141508 -15.878454
43 -20.558168 -16.537844
44 -20.942829 -17.216398
45 -20.718589 -17.963470
46 -20.076685 -18.406595
47 -19.389974 -18.776497
48 -18.697744 -19.135964
49 -18.020288 -19.522556
50 -17.337523 -19.899694
51 -16.648433 -20.265146
52 -15.977417 -20.662810
53 -15.302752 -21.054253
54 -14.651925 -21.484165
55 -13.976946 -21.875066
56 -13.346040 -22.333713
57 -12.669329 -22.721608
58 -12.037250 -23.178637
59 -11.397526 -23.624904
60 -10.740419 -24.045154
61 -10.063892 -24.433370
62 -9.412078 -24.861783
63 -8.749458 -25.273286
64 -8.075545 -25.666023
65 -7.295768 -25.647395
66 -6.855165 -25.003758
67 -6.439451 -24.343772
68 -5.985269 -23.709643
69 -5.600205 -23.031318
70 -5.171535 -22.379672
71 -4.743615 -21.727534
72 -4.332082 -21.064932
73 -3.883830 -20.426599
74 -3.425141 -19.795723
75 -2.995029 -19.145028
76 -2.556860 -18.499731
77 -2.161373 -17.827429
78 -1.718449 -17.185387
79 -1.303843 -16.524704
80 -0.856552 -15.885696
81 -0.417079 -15.241287
82 0.036345 -14.606616
83 0.538938 -14.010126
84 0.980150 -13.366906
85 1.464275 -12.755332
86 1.926606 -12.127121
87 2.353910 -11.474578
88 2.807589 -10.840090
89 3.260879 -10.205323
90 3.746500 -9.594937
91 4.219570 -8.974772
92 4.706397 -8.365346
93 5.191567 -7.754600
94 5.676188 -7.143420
95 6.109471 -6.494832
96 6.592025 -5.882018
97 7.037996 -5.242088
98 7.732112 -4.886276
99 8.509721 -4.947300
100 9.114615 -5.439747
101 9.682607 -5.974336
102 10.271636 -6.485652
103 10.861884 -6.995561
104 11.501929 -7.441367
105 12.100952 -7.940937
106 12.696814 -8.444275
107 13.285914 -8.955510
108 13.898233 -9.438693
109 14.479488 -9.958830
110 15.053515 -10.486934
111 15.639772 -11.001426
112 16.204883 -11.539059
113 16.790528 -12.054248
114 17.343755 -12.604102
115 17.902664 -13.148181
116 18.485322 -13.666746
117 19.084960 -14.165579
118 19.686380 -14.662261
119 20.281372 -15.166627
120 20.846069 -15.704695
121 21.433873 -16.217419
122 21.997160 -16.756964
123 22.485998 -17.364778
124 22.669748 -18.122825
125 22.204301 -18.748732
126 21.700462 -19.344169
127 21.174224 -19.919907
128 20.633953 -20.482496
129 20.067451 -21.018664
130 19.541214 -21.594402
131 19.004089 -22.159996
132 18.500791 -22.755892
133 17.992236 -23.347306
134 17.511974 -23.961919
135 16.997530 -24.548219
136 16.470383 -25.123124
137 15.945718 -25.700295
138 15.446947 -26.299984
139 14.955432 -26.905636
140 14.453106 -27.502350
141 13.941457 -28.091091
142 13.437307 -28.686266
143 12.936740 -29.284456
144 12.435270 -29.881891
145 11.965660 -30.504680
146 11.473625 -31.109908
147 11.012876 -31.739282
148 10.578516 -32.387148
149 10.144167 -33.035022
150 9.716671 -33.687439
151 9.238671 -34.303812
152 8.775334 -34.931283
153 8.296669 -35.547139
154 7.832681 -36.174128
155 7.332153 -36.772352
156 6.857810 -37.391544
157 6.116265 -37.633435
158 5.491794 -37.166064
159 4.893474 -36.665651
160 4.255660 -36.216659
161 3.626313 -35.755876
162 2.992797 -35.300840
163 2.389878 -34.805977
164 1.752811 -34.355926
165 1.176196 -33.830650
166 0.565753 -33.345100
167 -0.014691 -32.824058
