1 0.000000 0.000000
2 -0.735498 -0.259697
3 -1.458797 -0.551655
4 -2.153370 -0.906575
5 -2.892196 -1.156647
6 -3.601188 -1.481809
7 -4.315068 -1.796094
8 -5.011929 -2.146500
9 -5.729532 -2.452191
10 -6.502387 -2.557520
11 -6.994395 -1.952269
12 -7.339043 -1.252542
13 -7.622714 -0.525954
14 -7.929415 0.191217
15 -8.161739 0.935815
16 -8.438929 1.664901
17 -8.705796 2.397828
18 -9.010326 3.115923
19 -9.249621 3.858310
20 -9.532296 4.585287
21 -9.743337 5.336194
22 -10.041311 6.057034
23 -10.283913 6.798347
24 -10.532852 7.537556
25 -10.785456 8.275520
26 -11.100231 8.989184
27 -11.344557 9.729930
28 -11.630817 10.455502
29 -11.901336 11.187089
30 -12.201772 11.906908
31 -12.447467 12.647201
32 -12.724160 13.376475
33 -12.971581 14.116193
34 -13.234021 14.850717
35 -13.466595 15.595236
36 -13.728291 16.330026
37 -13.928226 17.083966
38 -14.185722 17.820238
39 -14.406084 18.568463
40 -14.647842 19.310051
41 -14.892890 20.050558
42 -15.184931 20.773823
43 -15.473889 21.498325
44 -15.659607 22.255893
45 -15.191306 22.879668
46 -14.469919 23.176316
47 -13.716106 23.376729
48 -12.977364 23.627050
49 -12.239222 23.879134
50 -11.641776 24.380590
51 -11.744453 25.153803
52 -11.999341 25.890981
53 -12.211564 26.641556
54 -12.455438 27.382450
55 -12.685691 28.127691
56 -12.953877 28.860136
57 -13.202379 29.599492
58 -13.420389 30.348406
59 -13.656024 31.091962
60 -14.007310 31.788380
61 -14.702122 32.142834
62 -15.458849 31.953719
63 -16.210065 31.743781
64 -16.949177 31.494554
65 -17.689658 31.249426
66 -18.426488 30.993533
67 -19.163261 30.737476
68 -19.898445 30.476891
69 -20.651008 30.271833
70 -21.391746 30.027481
71 -22.145184 29.825663
72 -22.887708 29.586794
73 -23.651210 29.427217
74 -24.400091 29.209096
75 -25.161596 29.040247
76 -25.907140 28.810977
77 -26.665299 28.627687
78 -27.413675 28.407839
79 -28.161537 28.186249
80 -28.905831 27.952953
81 -29.646974 27.709834
82 -30.265211 27.234247
83 -30.198799 26.457080
84 -29.979580 25.708519
85 -29.749959 24.963084
86 -29.486354 24.228977
87 -29.242002 23.488240
88 -28.985914 22.751477
89 -28.712434 22.020992
90 -28.456379 21.284218
91 -28.522830 20.507054
92 -29.292318 20.379432
93 -29.748569 21.012074
94 -29.988033 21.754406
95 -30.155832 22.516143
96 -30.364091 23.267827
97 -30.568269 24.020629
98 -30.813400 24.761109
