1 0.000000 0.000000
2 -0.223707 -0.747232
3 -0.457341 -1.491419
4 -0.643743 -2.248819
5 -0.886573 -2.990057
6 -1.051793 -3.752357
7 -1.283111 -4.497268
8 -1.569898 -5.222632
9 -2.169849 -5.721089
10 -2.947159 -5.656362
11 -3.693229 -5.428811
12 -4.450007 -5.239899
13 -5.210090 -5.064758
14 -5.983190 -4.961241
15 -6.746939 -4.802850
16 -7.516169 -4.673677
17 -8.274967 -4.493056
18 -9.044746 -4.367192
19 -9.807803 -4.205505
20 -10.574567 -4.062418
21 -11.330281 -3.869297
22 -12.091420 -3.698804
23 -12.846157 -3.501897
24 -13.613413 -3.361475
25 -14.376393 -3.199420
26 -15.141464 -3.047547
27 -15.900446 -2.867694
28 -16.670230 -2.741869
29 -17.423304 -2.538695
30 -18.176438 -2.335745
31 -18.928824 -2.130036
32 -19.695794 -1.988062
33 -20.468874 -1.884391
34 -21.214643 -2.112925
35 -21.486489 -2.844020
36 -21.622684 -3.612038
37 -21.795810 -4.372582
38 -21.920556 -5.142542
39 -22.072538 -5.907592
40 -22.222075 -6.673124
41 -22.373556 -7.438273
42 -22.508716 -8.206473
43 -22.662001 -8.971263
44 -22.847282 -9.728938
45 -23.594235 -9.953576
46 -24.372940 -9.908655
47 -25.139935 -9.766813
48 -25.911338 -9.651328
49 -26.678137 -9.508432
50 -27.450989 -9.403080
51 -28.221878 -9.284206
52 -28.994054 -9.174005
53 -29.757901 -9.016091
54 -30.529552 -8.902266
55 -31.294156 -8.748056
56 -32.061626 -8.608811
57 -32.828267 -8.465070
58 -33.593438 -8.313698
59 -34.362367 -8.182745
60 -35.134411 -8.071629
61 -35.908520 -7.975942
62 -36.688512 -7.979366
63 -37.114628 -8.632685
64 -37.283072 -9.394280
65 -37.438067 -10.158725
66 -37.586627 -10.924447
67 -37.966214 -11.605852
68 -38.745915 -11.627454
69 -39.509407 -11.467828
70 -40.283145 -11.369192
71 -41.046460 -11.208726
72 -41.818384 -11.096773
73 -42.586554 -10.961438
74 -43.359658 -10.857949
75 -44.117609 -10.673799
76 -44.876220 -10.492393
77 -45.618029 -10.251313
78 -46.338703 -9.952936
79 -46.640011 -9.233482
80 -45.864090 -9.313154
81 -45.102030 -9.479479
82 -44.328354 -9.578600
83 -43.552051 -9.654459
