1 0.000000 0.000000
2 -0.748253 -0.220268
3 -1.485509 -0.474930
4 -2.216482 -0.747105
5 -2.955583 -0.996363
6 -3.684449 -1.274129
7 -4.433861 -1.490419
8 -5.154627 -1.788575
9 -5.891714 -2.043727
10 -6.648115 -2.234140
11 -7.277763 -1.773767
12 -7.665789 -1.097132
13 -7.909061 -0.356039
14 -8.166424 0.380280
15 -8.407310 1.122151
16 -8.683546 1.851599
17 -8.933502 2.590464
18 -9.210973 3.319443
19 -9.435752 4.066353
20 -9.737880 4.785463
21 -10.015325 5.514451
22 -10.341632 6.222917
23 -10.637624 6.944574
24 -10.966923 7.651654
25 -11.246459 8.379843
26 -11.559796 9.094140
27 -11.823414 9.828242
28 -12.132739 10.544285
29 -12.391099 11.280254
30 -12.690619 12.000454
31 -12.953264 12.734904
32 -13.246034 13.457874
33 -13.523773 14.186751
34 -13.823862 14.906714
35 -14.074589 15.645318
36 -14.371887 16.366438
37 -14.631024 17.102133
38 -14.920028 17.826617
39 -15.161785 18.568206
40 -15.453582 19.291569
41 -15.707211 20.029182
42 -15.998275 20.752840
43 -16.272271 21.483132
44 -16.560083 22.208090
45 -16.467240 22.982545
46 -15.821186 23.419598
47 -15.078208 23.657050
48 -14.344292 23.921185
49 -13.608901 24.181185
50 -13.011421 24.682601
51 -13.143798 25.451286
52 -13.431347 26.176348
53 -13.710283 26.904767
54 -14.022282 27.619650
55 -14.304222 28.346912
56 -14.631817 29.054783
57 -14.898974 29.787604
58 -15.189573 30.511450
59 -15.461703 31.242439
60 -15.800020 31.945248
61 -16.335235 32.512650
62 -17.112419 32.446424
63 -17.861549 32.229161
64 -18.585089 31.937802
65 -19.330707 31.708775
66 -20.070831 31.462571
67 -20.814464 31.227176
68 -21.544598 30.952761
69 -22.282065 30.698709
70 -22.999699 30.393091
71 -23.688609 30.027301
72 -24.069435 29.346587
73 -23.854063 28.596911
74 -23.553810 27.877016
75 -23.250878 27.158245
76 -22.936471 26.444418
77 -22.664419 25.713400
78 -22.376663 24.988420
79 -22.106543 24.256685
80 -21.889629 23.507454
81 -21.264621 23.040800
82 -21.158812 23.813590
83 -21.306162 24.579546
84 -21.540754 25.323432
85 -21.772993 26.068056
86 -22.057472 26.794328
