1 0.000000 0.000000
2 -0.744492 -0.232661
3 -1.479098 -0.494872
4 -2.202022 -0.787756
5 -2.951135 -1.005078
6 -3.684206 -1.271551
7 -4.427009 -1.509550
8 -5.150206 -1.801760
9 -5.924316 -1.897430
10 -6.514889 -1.387897
11 -6.788953 -0.657631
12 -7.054299 0.075849
13 -7.295525 0.817610
14 -7.577207 1.544972
15 -7.808217 2.289978
16 -8.099476 3.013558
17 -8.318139 3.762281
18 -8.603358 4.488264
19 -8.850923 5.227933
20 -9.128605 5.956832
21 -9.363255 6.700700
22 -9.658670 7.422593
23 -9.886028 8.168722
24 -10.167115 8.896314
25 -10.387401 9.644561
26 -10.657181 10.376421
27 -10.926183 11.108567
28 -11.223821 11.829547
29 -11.463028 12.571962
30 -11.723622 13.307142
31 -11.938338 14.057007
32 -12.213428 14.786888
33 -12.427710 15.536876
34 -12.712558 16.263004
35 -12.967191 17.000271
36 -13.273491 17.717613
37 -13.500847 18.463743
38 -13.781394 19.191543
39 -14.007994 19.937903
40 -14.302780 20.660053
41 -14.563664 21.395131
42 -14.892029 22.102645
43 -15.033859 22.869642
44 -14.590731 23.511544
45 -13.882047 23.837378
46 -13.160033 24.132496
47 -12.432297 24.413210
48 -11.787967 24.852800
49 -11.738294 25.631217
50 -12.016502 26.359915
51 -12.296381 27.087972
52 -12.592368 27.809631
53 -12.881529 28.534052
54 -13.213426 29.239916
55 -13.488858 29.969668
56 -13.769983 30.697245
57 -14.056633 31.422663
58 -14.462399 32.088812
59 -15.234902 32.196699
60 -15.963747 31.918879
61 -16.692702 31.641344
62 -17.412090 31.339881
63 -18.161059 31.122059
64 -18.884356 30.830099
65 -19.620000 30.570814
66 -20.340042 30.270916
67 -21.072352 30.002361
68 -21.783274 29.681439
69 -22.519505 29.423829
70 -23.238409 29.121211
71 -23.975701 28.866651
72 -24.703169 28.585245
73 -25.441819 28.334652
74 -26.178434 28.078142
75 -26.926989 27.858904
76 -27.650448 27.567343
77 -28.376403 27.282056
78 -29.071512 26.928186
79 -29.626542 26.380151
80 -29.504124 25.609817
81 -29.257271 24.869909
82 -28.937624 24.158414
83 -28.648611 23.433934
84 -28.332892 22.720687
85 -28.025403 22.003853
86 -27.692417 21.298502
87 -27.479651 20.548081
88 -27.803627 19.838546
89 -28.206456 20.506476
90 -28.553903 21.204817
91 -28.925362 21.890687
92 -29.255774 22.597248
93 -29.620120 23.286923
94 -29.909781 24.011145
95 -30.219007 24.727230
