1 0.000000 0.000000
2 -0.715623 -0.310296
3 -1.414030 -0.657612
4 -2.136248 -0.952232
5 -2.830011 -1.308732
6 -3.559712 -1.584298
7 -4.266859 -1.913453
8 -4.995829 -2.190947
9 -5.706705 -2.511968
10 -6.482323 -2.594535
11 -6.929957 -1.955767
12 -7.152765 -1.208267
13 -7.460298 -0.491452
14 -7.726625 0.241671
15 -8.043839 0.954255
16 -8.273794 1.699587
17 -8.572531 2.420112
18 -8.824136 3.158418
19 -9.145223 3.869265
20 -9.405126 4.604690
21 -9.731521 5.313115
22 -9.982731 6.051555
23 -10.289062 6.768885
24 -10.553499 7.502692
25 -10.868396 8.216302
26 -11.126889 8.952224
27 -11.460680 9.657195
28 -11.732099 10.388448
29 -12.045053 11.102913
30 -12.322027 11.832081
31 -12.658125 12.535954
32 -12.903796 13.276256
33 -13.183425 14.004409
34 -13.447657 14.738290
35 -13.747040 15.458547
36 -13.996021 16.197741
37 -14.283498 16.922833
38 -14.524476 17.664675
39 -14.860639 18.368517
40 -15.166067 19.086231
41 -15.472570 19.803487
42 -15.752037 20.531703
43 -16.065335 21.246017
44 -16.291248 21.992585
45 -16.261604 22.772021
46 -15.651790 23.258362
47 -14.937296 23.571248
48 -14.200493 23.827222
49 -13.495471 24.160904
50 -12.828214 24.564845
51 -12.731070 25.338772
52 -13.046494 26.052150
53 -13.369871 26.761958
54 -13.628046 27.497991
55 -13.929125 28.217541
56 -14.214282 28.943547
57 -14.534200 29.654921
58 -14.789653 30.391904
59 -15.087111 31.112958
60 -15.357266 31.844679
61 -15.825723 32.468336
62 -16.604473 32.424185
63 -17.314235 32.100709
64 -18.040770 31.816900
65 -18.760237 31.515624
66 -19.494295 31.251883
67 -20.203744 30.927720
68 -20.934418 30.654746
69 -21.651768 30.348463
70 -22.384611 30.081365
71 -23.100454 29.771578
72 -23.834734 29.508455
73 -24.552078 29.202159
74 -25.295333 28.965573
75 -26.004394 28.640562
76 -26.702549 28.292740
77 -27.275767 27.763759
78 -27.187948 26.988719
79 -26.833980 26.293660
80 -26.509698 25.584265
81 -26.199933 24.868412
82 -25.935982 24.134430
83 -25.650067 23.408721
84 -25.330858 22.697029
85 -25.171715 21.933437
86 -25.564966 22.607049
87 -25.865782 23.326708
88 -26.195597 24.033548
89 -26.511943 24.746517
90 -26.856421 25.446328
