1 0.000000 0.000000
2 -0.736375 -0.257199
3 -1.482164 -0.485669
4 -2.215076 -0.752579
5 -2.959819 -0.984436
6 -3.687455 -1.265410
7 -4.435884 -1.485076
8 -5.170901 -1.746132
9 -5.898987 -2.025937
10 -6.646152 -2.249866
11 -7.317489 -1.852743
12 -7.653615 -1.148883
13 -7.874259 -0.400741
14 -8.159555 0.325211
15 -8.392345 1.069663
16 -8.657564 1.803188
17 -8.897303 2.545431
18 -9.180225 3.272312
19 -9.406257 4.018843
20 -9.718955 4.733420
21 -10.006872 5.458337
22 -10.297787 6.182055
23 -10.562801 6.915654
24 -10.890999 7.623246
25 -11.135290 8.364004
26 -11.429573 9.086359
27 -11.687770 9.822385
28 -12.007675 10.533765
29 -12.243613 11.277225
30 -12.548225 11.995286
31 -12.801502 12.733020
32 -13.105122 13.451501
33 -13.353531 14.190887
34 -13.633919 14.918749
35 -13.884647 15.657353
36 -14.169750 16.383380
37 -14.403405 17.127562
38 -14.684177 17.855275
39 -14.889230 18.607839
40 -15.153883 19.341569
41 -15.342114 20.098516
42 -15.610201 20.830998
43 -15.833960 21.578214
44 -16.129273 22.300149
45 -16.278190 23.065801
46 -15.723914 23.614598
47 -14.984830 23.863905
48 -14.250588 24.127133
49 -13.521849 24.405232
50 -12.839318 24.782793
51 -12.772399 25.559917
52 -13.080575 26.276456
53 -13.344654 27.010392
54 -13.672649 27.718078
55 -13.959454 28.443435
56 -14.242106 29.170420
57 -14.521625 29.898616
58 -14.810304 30.623229
59 -15.100614 31.347191
60 -15.501127 32.016511
61 -16.030332 32.589522
62 -16.804278 32.492530
63 -17.549608 32.262568
64 -18.272299 31.969109
65 -19.015194 31.731398
66 -19.742165 31.448707
67 -20.481541 31.200267
68 -21.214355 30.933091
69 -21.957304 30.695548
70 -22.682775 30.409030
71 -23.387289 30.074275
72 -23.836949 29.436933
73 -23.648601 28.680015
74 -23.341727 27.962918
75 -23.048419 27.240166
76 -22.759576 26.515618
77 -22.508817 25.777025
78 -22.255521 25.039298
79 -21.987659 24.306734
80 -21.792041 23.551662
81 -21.886348 24.325940
82 -22.031399 25.092334
83 -22.164049 25.860972
84 -22.372243 26.612673
