1 0.000000 0.000000
2 -0.746264 -0.226914
3 -1.497717 -0.436005
4 -2.244169 -0.662299
5 -3.003483 -0.840743
6 -3.751649 -1.061306
7 -4.509066 -1.247634
8 -5.259298 -1.461064
9 -6.020539 -1.631100
10 -6.800539 -1.630752
11 -7.220353 -0.973366
12 -7.500348 -0.245353
13 -7.692822 0.510526
14 -7.928763 1.253986
15 -8.108393 2.013020
16 -8.328958 2.761185
17 -8.489809 3.524420
18 -8.714276 4.271423
19 -8.892631 5.030758
20 -9.123223 5.775894
21 -9.290637 6.537716
22 -9.498390 7.289539
23 -9.654731 8.053710
24 -9.845010 8.810145
25 -10.000857 9.574417
26 -10.211523 10.325430
27 -10.360565 11.091058
28 -10.569049 11.842680
29 -10.761391 12.598592
30 -10.974748 13.348845
31 -11.114651 14.116196
32 -11.321193 14.868353
33 -11.491915 15.629440
34 -11.703577 16.380173
35 -11.846685 17.146932
36 -12.009575 17.909734
37 -12.167436 18.673593
38 -12.402691 19.417270
39 -12.562625 20.180697
40 -12.789032 20.927115
41 -12.974302 21.684792
42 -13.227985 22.422386
43 -13.411758 23.180428
44 -13.407543 23.960417
45 -12.788186 24.434544
46 -12.063976 24.724234
47 -11.316965 24.948677
48 -10.594616 25.242977
49 -9.904143 25.605808
50 -9.806912 26.379724
51 -10.016497 27.131039
52 -10.258815 27.872444
53 -10.423650 28.634828
54 -10.656045 29.379403
55 -10.863327 30.131357
56 -11.081701 30.880165
57 -11.269571 31.637202
58 -11.507416 32.380054
59 -11.779381 33.111105
60 -12.305875 33.686608
61 -13.085831 33.678315
62 -13.839411 33.477025
63 -14.598474 33.297517
64 -15.345243 33.072272
65 -16.099773 32.874574
66 -16.844936 32.644068
67 -17.603848 32.463924
68 -18.358462 32.266546
69 -19.108432 32.052197
70 -19.789120 31.671325
71 -20.013609 30.924328
72 -19.839169 30.164084
73 -19.633170 29.411778
74 -19.478815 28.647203
75 -19.313709 27.884878
76 -19.145533 27.123224
77 -18.992186 26.358446
78 -18.799803 25.602543
79 -18.626873 24.841955
80 -19.084628 24.210401
81 -19.389941 24.928164
82 -19.677589 25.653187
83 -19.975694 26.373974
84 -20.229040 27.111684
85 -20.542156 27.826078
