1 0.000000 0.000000
2 -0.106737 0.772662
3 -0.157627 1.551001
4 -0.265023 2.323572
5 -0.344105 3.099552
6 -0.462782 3.870471
7 -0.367113 4.644582
8 0.377100 4.878133
9 1.156476 4.909327
10 1.924701 5.044351
11 2.701213 5.118031
12 3.475820 5.209589
13 4.254934 5.246762
14 5.025646 5.366776
15 5.804571 5.407715
16 6.576996 5.516152
17 7.355877 5.557926
18 8.116303 5.731570
19 8.883943 5.869879
20 9.645949 6.036452
21 10.418975 6.140524
22 11.185996 6.282224
23 11.954608 6.415021
24 12.721629 6.556721
25 13.497323 6.638563
26 14.266607 6.767413
27 15.044049 6.830534
28 15.801474 7.016832
29 16.558105 7.206330
30 17.314733 7.395842
31 18.085724 7.277632
32 18.351567 6.544333
33 18.460342 5.771955
34 18.606590 5.005788
35 18.743121 4.237831
36 18.928364 3.480147
37 19.013658 2.704824
38 19.186363 1.944184
39 19.321567 1.175992
40 19.465045 0.409301
41 19.648747 -0.348758
42 20.267048 -0.824262
43 21.046411 -0.792759
44 21.816529 -0.668989
45 22.593944 -0.605539
46 23.367821 -0.507997
47 24.144706 -0.438354
48 24.901511 -0.249554
49 25.674290 -0.143665
50 26.434795 0.029632
51 27.208332 0.129835
52 27.976833 0.263274
53 28.754553 0.322878
54 29.530944 0.397818
55 30.310471 0.424993
56 31.085069 0.516634
57 31.862608 0.578547
58 32.637232 0.669968
59 33.410796 0.769962
60 34.176921 0.916429
61 34.946776 1.041819
62 35.726020 1.076151
63 36.200122 0.456775
64 36.358845 -0.306905
65 36.480144 -1.077416
66 36.642254 -1.840384
67 37.193020 -2.392703
68 37.973013 -2.389240
69 38.751534 -2.341242
70 39.527010 -2.257354
71 40.305901 -2.215777
72 41.082507 -2.143092
73 41.856628 -2.047504
74 42.624071 -1.908109
75 43.391337 -1.767741
76 44.158003 -1.624134
77 44.931259 -1.521784
78 45.702552 -1.405565
79 46.478218 -1.323455
80 47.254159 -1.243981
81 47.986388 -1.512756
82 47.227772 -1.694145
83 46.488251 -1.942154
84 45.737729 -2.154560
