1 0.000000 0.000000
2 -0.711126 -0.320469
3 -1.396939 -0.692033
4 -2.073545 -1.080112
5 -2.771955 -1.427419
6 -3.440952 -1.828472
7 -4.141202 -2.172057
8 -4.815292 -2.564488
9 -5.508827 -2.921431
10 -6.210967 -3.261137
11 -6.940668 -2.985572
12 -7.383747 -2.343636
13 -7.739037 -1.649252
14 -8.113146 -0.964824
15 -8.453902 -0.263194
16 -8.828669 0.420875
17 -9.165825 1.124243
18 -9.515576 1.821433
19 -9.861240 2.520658
20 -10.210888 3.217901
21 -10.524501 3.932076
22 -10.893861 4.619079
23 -11.234658 5.320690
24 -11.639333 5.987502
25 -11.977650 6.690312
26 -12.349719 7.375851
27 -12.683207 8.080965
28 -13.079677 8.752688
29 -13.440803 9.444054
30 -13.863763 10.099421
31 -14.243351 10.780826
32 -14.668870 11.434534
33 -15.045764 12.117433
34 -15.440284 12.790302
35 -15.801125 13.481818
36 -16.230742 14.132840
37 -16.606610 14.816304
38 -17.002554 15.488337
39 -17.380336 16.170745
40 -17.790570 16.834151
41 -18.146935 17.527984
42 -18.548745 18.196526
43 -18.943672 18.869158
44 -19.372316 19.520820
45 -19.716345 20.220852
46 -19.231067 20.831512
47 -18.534828 21.183153
48 -17.882568 21.610887
49 -17.218886 22.020675
50 -16.587306 22.478393
51 -16.403765 23.236491
52 -16.854286 23.873226
53 -17.292537 24.518467
54 -17.737077 25.159391
55 -18.153132 25.819163
56 -18.573925 26.475922
57 -19.003316 27.127093
58 -19.462115 27.757889
59 -19.909105 28.397107
60 -20.395111 29.007188
61 -20.951469 29.553874
62 -21.722362 29.672723
63 -22.387840 29.265859
64 -23.002870 28.786132
65 -23.648362 28.348251
66 -24.272013 27.879786
67 -24.889355 27.403037
68 -25.482174 26.896120
69 -26.114389 26.439278
70 -26.734264 25.965827
71 -27.389404 25.542518
72 -28.025153 25.090607
73 -28.681369 24.668967
74 -29.325812 24.229543
75 -29.989595 23.819919
76 -30.621635 23.362836
77 -31.236669 22.883113
78 -31.530186 22.160446
79 -31.166151 21.470607
80 -30.678726 20.861659
81 -30.210034 20.238179
82 -29.731682 19.622079
83 -29.241811 19.015097
84 -28.726671 18.429409
85 -28.239359 17.820371
86 -28.148065 17.045732
87 -28.620994 17.666005
88 -29.011183 18.341396
89 -29.452783 18.984350
