1 0.000000 0.000000
2 0.272564 -0.730828
3 0.517406 -1.471403
4 0.771291 -2.208928
5 0.998451 -2.955117
6 1.282519 -3.681550
7 1.494944 -4.432067
8 1.747878 -5.169918
9 1.850953 -5.943078
10 1.100340 -6.155163
11 0.696385 -5.487914
12 0.334939 -4.796715
13 0.019294 -4.083435
14 -0.336639 -3.389380
15 -0.650063 -2.675122
16 -1.066273 -2.015448
17 -1.431441 -1.326208
18 -1.829610 -0.655491
19 -2.191893 0.035270
20 -2.632491 0.678911
21 -2.944741 1.393684
22 -2.828873 2.165030
23 -2.200933 2.627730
24 -1.531809 3.028570
25 -0.857134 3.419995
26 -0.188520 3.821686
27 0.489409 4.207448
28 1.150900 4.620764
29 1.829628 5.005117
30 2.491702 5.417499
31 3.176112 5.791641
32 3.851837 6.181251
33 4.549402 6.530254
34 5.209278 6.946144
35 5.910777 7.287170
36 6.604340 7.644059
37 7.307025 7.982636
38 7.983660 8.370663
39 8.664607 8.751072
40 9.345365 9.131818
41 10.032921 9.500148
42 10.700512 9.903537
43 11.376909 10.291979
44 12.007987 10.750391
45 12.677137 11.151186
46 13.427015 11.365859
47 14.018876 10.857823
48 14.449482 10.207455
49 14.873952 9.553066
50 15.304934 8.902947
51 15.690079 8.224667
52 16.143140 7.589738
53 16.558711 6.929661
54 16.996795 6.284307
55 17.450535 5.649862
56 18.066346 5.171138
57 18.842036 5.253021
58 19.540107 5.601011
59 20.215783 5.990706
60 20.873588 6.409862
61 21.553876 6.791450
62 22.209326 7.214281
63 22.881849 7.609391
64 23.512305 8.068656
65 24.164929 8.495836
66 24.712707 9.051119
67 24.619594 9.825541
68 24.246297 10.510413
69 23.828999 11.169399
70 23.401258 11.821655
71 23.027472 12.506260
72 22.603805 13.161169
73 22.188631 13.821495
74 21.795289 14.495055
75 21.588341 15.247100
76 22.241829 15.672957
77 22.679701 15.027458
78 23.113113 14.378957
79 23.516325 13.711260
80 23.992625 13.093572
81 24.476733 12.481984
