1 0.000000 0.000000
2 -0.738990 -0.249588
3 -1.475339 -0.506860
4 -2.212946 -0.760507
5 -2.959219 -0.987391
6 -3.689523 -1.261354
7 -4.428323 -1.511504
8 -5.158591 -1.785564
9 -5.889452 -2.058037
10 -6.652667 -2.218981
11 -7.194667 -1.658057
12 -7.564486 -0.971301
13 -7.830477 -0.238055
14 -8.108638 0.490660
15 -8.351859 1.231770
16 -8.637732 1.957495
17 -8.901165 2.691663
18 -9.203723 3.410592
19 -9.430625 4.156860
20 -9.706639 4.886391
21 -9.985574 5.614811
22 -10.273291 6.339807
23 -10.529781 7.076429
24 -10.786349 7.813025
25 -11.054965 8.545313
26 -11.371760 9.258082
27 -11.642158 9.989714
28 -11.960606 10.701747
29 -12.236810 11.431207
30 -12.545191 12.147657
31 -12.794055 12.886891
32 -13.061854 13.619478
33 -13.273174 14.370307
34 -13.537188 15.104266
35 -13.754262 15.853452
36 -14.019930 16.586814
37 -14.238285 17.335627
38 -14.480736 18.076989
39 -14.652819 18.837770
40 -14.872638 19.586155
41 -15.145430 20.316897
42 -15.437754 21.040048
43 -15.708175 21.771671
44 -15.875485 22.533516
45 -15.437851 23.179176
46 -14.738407 23.524398
47 -14.005507 23.791338
48 -13.291005 24.104207
49 -12.601354 24.468599
50 -12.416739 25.226436
51 -12.660062 25.967512
52 -12.940915 26.695195
53 -13.177908 27.438319
54 -13.437975 28.173687
55 -13.692111 28.911125
56 -14.008318 29.624156
57 -14.273624 30.357649
58 -14.582777 31.073767
59 -14.865069 31.800892
60 -15.266561 32.469626
61 -16.035486 32.600601
62 -16.768994 32.335335
63 -17.501537 32.067416
64 -18.232208 31.794434
65 -18.970926 31.544042
66 -19.697415 31.260117
67 -20.434995 31.006392
68 -21.170251 30.746010
69 -21.897411 30.463807
70 -22.588503 30.102157
71 -22.976359 29.425424
72 -22.761722 28.675537
73 -22.490417 27.944241
74 -22.175901 27.230463
75 -21.887247 26.505839
76 -21.588724 25.785225
77 -21.297939 25.061455
78 -20.973036 24.352344
79 -20.635103 23.649349
80 -20.526294 22.876976
81 -20.886632 23.568754
82 -21.237157 24.265555
83 -21.647943 24.928620
84 -22.027095 25.610268
85 -22.454269 26.262895
86 -22.891087 26.909107
