1 0.000000 0.000000
2 -0.738716 -0.250397
3 -1.486618 -0.471853
4 -2.216643 -0.746558
5 -2.965360 -0.965242
6 -3.708742 -1.201430
7 -4.458000 -1.418250
8 -5.193411 -1.678195
9 -5.940619 -1.901980
10 -6.701642 -2.072991
11 -7.311785 -1.587064
12 -7.654975 -0.886621
13 -7.869672 -0.136751
14 -8.156161 0.588731
15 -8.415964 1.324192
16 -8.735448 2.035761
17 -9.003382 2.768298
18 -9.302874 3.488510
19 -9.553915 4.227007
20 -9.875579 4.937593
21 -10.130494 5.674762
22 -10.395888 6.408224
23 -10.662251 7.141334
24 -10.969165 7.858414
25 -11.202850 8.602586
26 -11.491867 9.327064
27 -11.781160 10.051432
28 -12.067367 10.777026
29 -12.343301 11.506588
30 -12.660681 12.219097
31 -12.920934 12.954399
32 -13.188161 13.687195
33 -13.433986 14.427444
34 -13.713131 15.155784
35 -13.943465 15.901000
36 -14.239286 16.622726
37 -14.471444 17.367376
38 -14.768577 18.088564
39 -15.016293 18.828183
40 -15.323688 19.545057
41 -15.604636 20.272703
42 -15.925995 20.983427
43 -16.208919 21.710306
44 -16.516009 22.427311
45 -16.492516 23.206957
46 -15.854173 23.655197
47 -15.118682 23.914915
48 -14.391697 24.197566
49 -13.679262 24.515115
50 -12.988612 24.877609
51 -12.922340 25.654788
52 -13.251652 26.361862
53 -13.593146 27.063134
54 -13.933600 27.764911
55 -14.230734 28.486099
56 -14.557178 29.194501
57 -14.866884 29.910380
58 -15.204224 30.613659
59 -15.503297 31.334045
60 -15.859420 32.028002
61 -16.352795 32.632138
62 -17.131726 32.591317
63 -17.864778 32.324792
64 -18.579780 32.013068
65 -19.294199 31.700009
66 -20.003227 31.374926
67 -20.719185 31.065404
68 -21.437233 30.760761
69 -22.169578 30.492302
70 -22.893813 30.202676
71 -23.596476 29.864052
72 -24.120706 29.286487
73 -23.973399 28.520523
74 -23.657561 27.807328
75 -23.371704 27.081597
76 -23.078066 26.358979
77 -22.804615 25.628483
78 -22.527313 24.899440
79 -22.231549 24.177690
80 -21.855532 23.494308
81 -21.558919 22.772906
82 -22.299430 22.527867
83 -22.664119 23.217361
84 -23.007783 23.917571
85 -23.361943 24.612532
86 -23.747970 25.290310
