1 0.000000 0.000000
2 -0.715849 -0.309775
3 -1.416477 -0.652588
4 -2.096028 -1.035484
5 -2.821472 -1.322069
6 -3.523903 -1.661173
7 -4.253860 -1.936059
8 -4.941407 -2.304405
9 -5.635977 -2.659332
10 -6.301073 -3.066820
11 -7.080850 -3.048154
12 -7.530986 -2.411148
13 -7.876650 -1.711922
14 -8.234638 -1.018925
15 -8.568704 -0.314085
16 -8.947122 0.367970
17 -9.270798 1.077642
18 -9.632291 1.768817
19 -9.964281 2.474638
20 -10.323167 3.167170
21 -10.624230 3.886726
22 -10.988860 4.576251
23 -11.297196 5.292721
24 -11.626512 5.999793
25 -11.907525 6.727414
26 -12.294743 7.404512
27 -12.605460 8.119953
28 -12.965483 8.811894
29 -13.269890 9.530042
30 -13.617882 10.228112
31 -13.931371 10.942342
32 -14.358355 11.595094
33 -14.657868 12.315297
34 -14.997629 13.017409
35 -15.310461 13.731927
36 -15.734043 14.386892
37 -16.071062 15.090325
38 -16.422680 15.786575
39 -16.763253 16.488295
40 -17.158338 17.160833
41 -17.526101 17.848693
42 -17.956565 18.499154
43 -18.336904 19.180141
44 -18.780303 19.821855
45 -19.155137 20.505887
46 -19.408733 21.243510
47 -18.989331 21.901159
48 -18.302635 22.271089
49 -17.593716 22.596409
50 -16.906069 22.964571
51 -16.260679 23.402601
52 -16.117926 24.169427
53 -16.427641 24.885301
54 -16.823069 25.557638
55 -17.154290 26.263820
56 -17.539953 26.941805
57 -17.876247 27.645585
58 -18.272085 28.317681
59 -18.640316 29.005290
60 -19.047486 29.670581
61 -19.427633 30.351674
62 -19.871245 30.993241
63 -20.541176 31.392733
64 -21.240838 31.047954
65 -21.925631 30.674512
66 -22.598077 30.279269
67 -23.287250 29.913975
68 -23.945479 29.495485
69 -24.644550 29.149508
70 -25.305678 28.735612
71 -26.002567 28.385262
72 -26.663690 27.971358
73 -27.342553 27.587241
74 -27.995619 27.160738
75 -28.686281 26.798266
76 -29.355184 26.397057
77 -30.031793 26.008985
78 -30.704263 25.613783
79 -31.252868 25.059318
80 -31.005220 24.319676
81 -30.615858 23.643808
82 -30.169820 23.003925
83 -29.773432 22.332154
84 -29.326860 21.692643
85 -28.852326 21.073598
86 -29.391205 21.637521
87 -29.804300 22.299150
88 -30.275094 22.921044
