1 0.000000 0.000000
2 -0.660699 0.414580
3 -1.269206 0.902555
4 -1.893516 1.370141
5 -2.530416 1.820428
6 -3.167362 2.270651
7 -3.793437 2.735871
8 -4.419523 3.201077
9 -5.048020 3.663019
10 -5.702452 4.087424
11 -6.446402 4.321814
12 -7.194645 4.101514
13 -7.735933 3.539903
14 -8.190559 2.906093
15 -8.658380 2.281959
16 -9.114780 1.649425
17 -9.669753 1.101333
18 -10.180014 0.511389
19 -10.693649 -0.075620
20 -11.144585 -0.712060
21 -11.614573 -1.334565
22 -12.046220 -1.984242
23 -12.530125 -2.595990
24 -12.966648 -3.242402
25 -13.429699 -3.870083
26 -13.864478 -4.517669
27 -14.319093 -5.151487
28 -14.756883 -5.797041
29 -15.187001 -6.447731
30 -15.640180 -7.082577
31 -16.104139 -7.709587
32 -16.579006 -8.328377
33 -17.029716 -8.964978
34 -17.490815 -9.594095
35 -17.947352 -10.226529
36 -18.420810 -10.846399
37 -18.876197 -11.479662
38 -19.316589 -12.123444
39 -19.792873 -12.741144
40 -20.254297 -13.370022
41 -20.710894 -14.002414
42 -21.175032 -14.629292
43 -21.629925 -15.262911
44 -22.026544 -15.934545
45 -22.251792 -16.681314
46 -21.706856 -17.239386
47 -21.114796 -17.747191
48 -20.529737 -18.263045
49 -19.941061 -18.774768
50 -19.363195 -19.298668
51 -18.820172 -19.858601
52 -18.258415 -20.399738
53 -17.682921 -20.926243
54 -17.101875 -21.446614
55 -16.551498 -21.999321
56 -16.022281 -22.572321
57 -15.490001 -23.142477
58 -14.916377 -23.671018
59 -14.383252 -24.240384
60 -13.853158 -24.812573
61 -13.316325 -25.378444
62 -12.780724 -25.945482
63 -12.255917 -26.522524
64 -11.596590 -26.939283
65 -10.960482 -26.487878
66 -10.402022 -25.943339
67 -9.861219 -25.381260
68 -9.333440 -24.806936
69 -8.779983 -24.257312
70 -8.232387 -23.701850
71 -7.680213 -23.150938
72 -7.130684 -22.597388
73 -6.614281 -22.012813
74 -6.049383 -21.474955
75 -5.479337 -20.942558
76 -4.876912 -20.447094
77 -4.341389 -19.879983
78 -3.757825 -19.362437
79 -3.156741 -18.865349
80 -2.579545 -18.340710
81 -2.027096 -17.790075
82 -1.480812 -17.233321
83 -0.909471 -16.702314
84 -0.351579 -16.157193
85 0.193571 -15.599330
86 0.755277 -15.058140
87 1.297922 -14.497840
88 1.859864 -13.956895
89 2.439107 -13.434518
90 3.001587 -12.894132
91 3.570715 -12.360754
92 4.174405 -11.866832
93 4.751640 -11.342237
94 5.336363 -10.826002
95 5.926013 -10.315401
96 6.681618 -10.121853
97 7.416538 -10.383180
98 7.954846 -10.947649
99 8.443945 -11.555253
100 8.984036 -12.118015
101 9.509117 -12.694808
102 10.068325 -13.238578
103 10.602641 -13.806827
104 11.145166 -14.367243
105 11.678745 -14.936184
106 12.226284 -15.491702
107 12.788255 -16.032618
108 13.401324 -16.514848
109 13.954896 -17.064355
110 14.513343 -17.608907
111 15.065316 -18.160021
112 15.636528 -18.691167
113 16.192925 -19.237814
114 16.779430 -19.752023
115 17.344856 -20.289326
116 17.921602 -20.814458
117 18.466967 -21.372112
118 19.042942 -21.898089
119 19.613064 -22.430405
120 20.169894 -22.976611
121 20.682746 -23.564303
122 20.705244 -24.343979
123 20.198519 -24.936963
124 19.650665 -25.492171
125 19.111993 -26.056292
126 18.555538 -26.602880
127 18.028466 -27.177853
128 17.492653 -27.744690
129 16.968886 -28.322676
130 16.407785 -28.864493
131 15.875092 -29.434264
132 15.338048 -29.999935
133 14.808629 -30.572748
134 14.250616 -31.117745
135 13.726419 -31.695342
136 13.190297 -32.261887
137 12.632845 -32.807458
138 12.100863 -33.377891
139 11.549202 -33.929317
140 10.998040 -34.481241
141 10.458161 -35.044207
142 9.910736 -35.599838
143 9.390255 -36.180785
144 8.861415 -36.754134
145 8.297173 -37.292679
146 7.733130 -37.831432
147 7.222235 -38.420828
148 6.674113 -38.975771
149 6.133343 -39.537881
150 5.583042 -40.090664
151 5.025412 -40.636053
152 4.490294 -41.203546
153 3.939060 -41.755399
154 3.310117 -42.216734
155 2.541553 -42.349809
156 1.948082 -41.843654
157 1.372861 -41.316851
158 0.766146 -40.826651
159 0.143243 -40.357193
160 -0.444646 -39.844565
161 -1.057261 -39.361758
162 -1.700954 -38.921236
163 -2.319052 -38.445469
164 -2.935274 -37.967273
165 -3.559769 -37.499935
