1 0.000000 0.000000
2 -0.287632 -0.725030
3 -0.582563 -1.447121
4 -0.917522 -2.151537
5 -1.181496 -2.885511
6 -1.464592 -3.612324
7 -1.725595 -4.347359
8 -2.176871 -4.983559
9 -2.940471 -5.142663
10 -3.691539 -4.932192
11 -4.433362 -4.691157
12 -5.151933 -4.387749
13 -5.888226 -4.130316
14 -6.599371 -3.809890
15 -7.332631 -3.543938
16 -8.050047 -3.237812
17 -8.781527 -2.967003
18 -9.490992 -2.642874
19 -10.232073 -2.399567
20 -10.953012 -2.101829
21 -11.695194 -1.861900
22 -12.415301 -1.562157
23 -13.145011 -1.286616
24 -13.859947 -0.974740
25 -14.585736 -0.689030
26 -15.304428 -0.385910
27 -16.035678 -0.114480
28 -16.756930 0.182495
29 -17.473790 0.489924
30 -18.167460 0.846605
31 -18.880909 1.161868
32 -19.598721 1.467067
33 -20.350616 1.674562
34 -20.873711 1.095968
35 -21.190300 0.383106
36 -21.502771 -0.331570
37 -21.760349 -1.067813
38 -22.058115 -1.788739
39 -22.298017 -2.530930
40 -22.569279 -3.262242
41 -22.796538 -4.008401
42 -23.067640 -4.739772
43 -23.395596 -5.447476
44 -24.163081 -5.586643
45 -24.913206 -5.372840
46 -25.635835 -5.079229
47 -26.374741 -4.829393
48 -27.103795 -4.552120
49 -27.847110 -4.315724
50 -28.579077 -4.046236
51 -29.323162 -3.812275
52 -30.042240 -3.510072
53 -30.766214 -3.219794
54 -31.483597 -2.913589
55 -32.208713 -2.626174
56 -32.923929 -2.314940
57 -33.658048 -2.051371
58 -34.372299 -1.737929
59 -35.114666 -1.498572
60 -35.854812 -1.252435
61 -36.628176 -1.150909
62 -37.055744 -1.803278
63 -37.335232 -2.531486
64 -37.651222 -3.244614
65 -37.999748 -3.942417
66 -38.623264 -4.411062
67 -39.376150 -4.207191
68 -40.077674 -3.866217
69 -40.800749 -3.573706
70 -41.519957 -3.271813
71 -42.248519 -2.993248
72 -42.988398 -2.746309
73 -43.728994 -2.501530
74 -44.464746 -2.242552
75 -45.192371 -1.961550
76 -45.911005 -1.658293
77 -46.604944 -1.302134
78 -47.178755 -0.773796
79 -47.023092 -0.009486
80 -46.271504 -0.218089
81 -45.544363 -0.500341
82 -44.827022 -0.806645
83 -44.092660 -1.069537
