1 0.000000 0.000000
2 -0.086931 0.775141
3 -0.169390 1.550770
4 -0.240131 2.327555
5 -0.346737 3.100236
6 -0.410516 3.877624
7 -0.205001 4.630062
8 0.538860 4.864732
9 1.312970 4.960413
10 2.092842 4.974517
11 2.870657 5.032867
12 3.650433 5.051540
13 4.427123 5.123326
14 5.206538 5.153533
15 5.983535 5.221909
16 6.763429 5.234778
17 7.538546 5.321919
18 8.314879 5.397464
19 9.086144 5.513865
20 9.863570 5.577186
21 10.635158 5.691434
22 11.413666 5.739645
23 12.185112 5.854846
24 12.960172 5.942491
25 13.728564 6.076560
26 14.499414 6.195679
27 15.267124 6.333601
28 16.039543 6.442081
29 16.795021 6.636126
30 17.553330 6.818794
31 18.329511 6.741698
32 18.641575 6.026844
33 18.760606 5.255980
34 18.846706 4.480747
35 18.969859 3.710530
36 19.096161 2.940824
37 19.268852 2.180181
38 19.383670 1.408678
39 19.506070 0.638342
40 19.562912 -0.139584
41 19.742937 -0.898525
42 20.477518 -1.160807
43 21.254617 -1.093598
44 22.032557 -1.036954
45 22.808992 -0.962462
46 23.587412 -0.912834
47 24.365700 -0.861188
48 25.145554 -0.846089
49 25.922474 -0.776841
50 26.702462 -0.772611
51 27.479205 -0.701400
52 28.256830 -0.640582
53 29.035782 -0.600163
54 29.815756 -0.593721
55 30.595712 -0.601955
56 31.375696 -0.606923
57 32.153928 -0.554426
58 32.933928 -0.555019
59 33.712723 -0.511680
60 34.492682 -0.503754
61 35.272541 -0.488892
62 35.855211 -1.007443
63 35.989546 -1.775788
64 36.022281 -2.555101
65 36.065022 -3.333929
66 36.478389 -3.995388
67 37.249244 -4.114477
68 38.029240 -4.111796
69 38.808735 -4.083756
70 39.588712 -4.077745
71 40.364825 -3.999970
72 41.144745 -4.011143
73 41.922282 -3.949208
74 42.701464 -3.913499
75 43.477498 -3.834940
76 44.252344 -3.745423
77 45.029390 -3.677601
78 45.807942 -3.630091
79 46.584515 -3.557053
80 47.357021 -3.664914
81 47.803757 -4.304310
82 47.031379 -4.413086
83 46.256768 -4.504615
84 45.486347 -4.626483
