1 0.000000 0.000000
2 -0.722500 -0.293929
3 -1.434805 -0.611767
4 -2.157555 -0.905079
5 -2.861590 -1.240840
6 -3.566743 -1.574246
7 -4.238782 -1.970180
8 -4.953869 -2.281708
9 -5.710614 -2.470749
10 -6.333921 -2.001826
11 -6.660362 -1.293422
12 -6.888875 -0.547646
13 -7.162631 0.182736
14 -7.403648 0.924565
15 -7.706670 1.643299
16 -7.967184 2.378508
17 -8.271302 3.096778
18 -8.535880 3.830534
19 -8.846982 4.545807
20 -9.107193 5.281124
21 -9.375820 6.013407
22 -9.622232 6.753462
23 -9.951604 7.460509
24 -10.242189 8.184359
25 -10.610222 8.872074
26 -10.941073 9.578429
27 -11.290073 10.275996
28 -11.579958 11.000128
29 -11.933205 11.695553
30 -12.235402 12.414634
31 -12.586814 13.110988
32 -12.902376 13.824305
33 -13.253119 14.520997
34 -13.566252 15.235383
35 -13.935925 15.922217
36 -14.231466 16.644059
37 -14.577835 17.342936
38 -14.894337 18.055836
39 -15.266964 18.741073
40 -15.591788 19.450219
41 -15.971754 20.131414
42 -16.323148 20.827777
43 -16.749353 21.481038
44 -16.963110 22.231177
45 -16.388001 22.758102
46 -15.693467 23.113099
47 -15.011033 23.490833
48 -14.308769 23.830281
49 -13.671252 24.279695
50 -13.801636 25.048720
51 -14.161683 25.740649
52 -14.515534 26.435768
53 -14.919180 27.103203
54 -15.255762 27.806845
55 -15.637011 28.487322
56 -16.023161 29.165030
57 -16.405624 29.844826
58 -16.755308 30.542050
59 -17.224423 31.165212
60 -17.853946 31.625755
61 -18.597879 31.391309
62 -19.300330 31.052249
63 -19.974223 30.659478
64 -20.641991 30.256383
65 -21.309069 29.852147
66 -21.978489 29.451802
67 -22.630247 29.023303
68 -23.297436 28.619249
69 -23.946518 28.186707
70 -24.613377 27.782111
71 -25.262177 27.349144
72 -25.963487 27.007731
73 -26.641408 26.621955
74 -27.316887 26.231919
75 -27.994455 25.845523
76 -28.683499 25.479985
77 -29.351846 25.077850
78 -30.029115 24.690931
79 -30.693458 24.282214
80 -31.352227 23.864574
81 -31.918866 23.328552
82 -31.731492 22.571392
83 -31.290492 21.928027
84 -30.859676 21.277798
85 -30.418879 20.634293
86 -29.987094 19.984708
87 -29.546762 19.340884
88 -29.082807 18.713872
89 -28.607110 18.095719
90 -28.330885 17.366267
91 -28.963882 16.910510
92 -29.503651 17.473582
93 -29.967257 18.100853
94 -30.320719 18.796169
95 -30.744604 19.450938
