1 0.000000 0.000000
2 -0.029350 0.779448
3 -0.085813 1.557401
4 -0.133068 2.335969
5 -0.219115 3.111208
6 -0.228021 3.891157
7 -0.010450 4.640198
8 0.735899 4.866834
9 1.503190 5.007064
10 2.280858 5.067339
11 3.054257 5.168597
12 3.831417 5.235102
13 4.603999 5.342419
14 5.376940 5.447119
15 6.139862 5.609443
16 6.915948 5.687494
17 7.683797 5.824631
18 8.456044 5.934336
19 9.226596 6.055374
20 10.003892 6.120266
21 10.776737 6.225673
22 11.556680 6.235031
23 12.323007 6.380441
24 13.098081 6.467958
25 13.872378 6.562108
26 14.652348 6.555212
27 15.422065 6.681446
28 16.190197 6.816993
29 16.945342 7.012332
30 17.717018 7.125979
31 18.448677 6.855656
32 18.626900 6.096290
33 18.721663 5.322068
34 18.839486 4.551018
35 18.960067 3.780395
36 19.046770 3.005228
37 19.182221 2.237079
38 19.223201 1.458157
39 19.305358 0.682495
40 19.362843 -0.095383
41 19.584087 -0.843348
42 20.317606 -1.108582
43 21.090802 -1.005777
44 21.868539 -0.946403
45 22.642408 -0.848799
46 23.419860 -0.785812
47 24.191205 -0.669937
48 24.970717 -0.642346
49 25.744199 -0.541716
50 26.522029 -0.483582
51 27.292261 -0.360527
52 28.064380 -0.249924
53 28.834754 -0.127762
54 29.606999 -0.018045
55 30.375100 0.117678
56 31.153070 0.173922
57 31.928573 0.257552
58 32.704224 0.339804
59 33.477934 0.438661
60 34.251710 0.537001
61 35.031148 0.566604
62 35.428876 -0.104375
63 35.568910 -0.871702
64 35.675703 -1.644356
65 35.873595 -2.398835
66 36.619395 -2.627272
67 37.393972 -2.535456
68 38.172118 -2.481707
69 38.947061 -2.393036
70 39.725830 -2.349222
71 40.502229 -2.274358
72 41.279790 -2.212730
73 42.049072 -2.083868
74 42.821635 -1.976416
75 43.579227 -1.790794
76 44.353598 -1.697261
77 45.124997 -1.581744
78 45.904389 -1.550941
79 46.684377 -1.555194
80 47.364101 -1.937784
81 46.616594 -2.160572
82 45.849677 -2.302832
83 45.086205 -2.462550
84 44.320545 -2.611431
85 43.578860 -2.852892
