1 0.000000 0.000000
2 0.233134 -0.744344
3 0.402999 -1.505623
4 0.664083 -2.240630
5 0.889275 -2.987416
6 1.180719 -3.710921
7 1.438301 -4.447163
8 1.705845 -5.179843
9 1.867923 -5.942818
10 1.396126 -6.563953
11 1.022036 -5.879514
12 0.705768 -5.166510
13 0.329232 -4.483414
14 -0.019527 -3.785726
15 -0.429063 -3.121889
16 -0.835530 -2.456168
17 -1.255166 -1.798668
18 -1.632242 -1.115870
19 -2.058945 -0.462935
20 -2.448625 0.212750
21 -2.657105 0.964372
22 -2.119455 1.529468
23 -1.482228 1.979292
24 -0.824288 2.398236
25 -0.178074 2.835052
26 0.501608 3.217716
27 1.111960 3.703382
28 1.751752 4.149549
29 2.371887 4.622659
30 3.026371 5.046983
31 3.668027 5.490466
32 4.335240 5.894479
33 4.962908 6.357548
34 5.623290 6.772634
35 6.247574 7.240254
36 6.909316 7.653169
37 7.518372 8.140457
38 8.154450 8.591905
39 8.748335 9.097574
40 9.390255 9.540674
41 9.986188 10.043928
42 10.603658 10.520511
43 11.201360 11.021661
44 11.825534 11.489430
45 12.424637 11.988905
46 13.149634 12.276619
47 13.772729 11.807415
48 14.246291 11.187626
49 14.748564 10.590867
50 15.258823 10.000921
51 15.846897 9.488507
52 16.394514 8.933064
53 16.952268 8.387803
54 17.477647 7.811281
55 17.996161 7.228578
56 18.531859 6.661632
57 19.266218 6.398732
58 19.945465 6.782169
59 20.504254 7.326370
60 21.070971 7.862310
61 21.596136 8.439027
62 22.166696 8.970874
63 22.698092 9.541854
64 23.260926 10.081870
65 23.775895 10.667709
66 24.301018 11.244463
67 24.405533 12.017429
68 23.946178 12.647820
69 23.372681 13.176499
70 22.788221 13.693032
71 22.239144 14.247030
72 21.670197 14.780603
73 21.090733 15.302734
74 20.575025 15.887923
75 20.497745 16.664085
76 21.221771 16.954234
77 21.829468 16.465251
78 22.389122 15.921940
79 22.936516 15.366278
80 23.504919 14.832126
