1 0.000000 0.000000
2 -0.223486 -0.747298
3 -0.468850 -1.487701
4 -0.639719 -2.248755
5 -0.841181 -3.002289
6 -0.972335 -3.771183
7 -1.152063 -4.530194
8 -1.322356 -5.291378
9 -1.947186 -5.758269
10 -2.717438 -5.635344
11 -3.463968 -5.409307
12 -4.220667 -5.220079
13 -4.954663 -4.956167
14 -5.706260 -4.747596
15 -6.440471 -4.484280
16 -7.190173 -4.269000
17 -7.923347 -4.002811
18 -8.673527 -3.789200
19 -9.408862 -3.529040
20 -10.166961 -3.345504
21 -10.918059 -3.135144
22 -11.674535 -2.945027
23 -12.421636 -2.720885
24 -13.181428 -2.544487
25 -13.942548 -2.373908
26 -14.704565 -2.207388
27 -15.457346 -2.003131
28 -16.211670 -1.804647
29 -16.946737 -1.543732
30 -17.695421 -1.324936
31 -18.439703 -1.091602
32 -19.205061 -0.941177
33 -19.984910 -0.956527
34 -20.383888 -1.626763
35 -20.567012 -2.384962
36 -20.688443 -3.155452
37 -20.868565 -3.914370
38 -21.012440 -4.680986
39 -21.208979 -5.435818
40 -21.346138 -6.203664
41 -21.527375 -6.962316
42 -21.632840 -7.735153
43 -21.853790 -8.483205
44 -22.621257 -8.622470
45 -23.391823 -8.501527
46 -24.164535 -8.395148
47 -24.927895 -8.234895
48 -25.699951 -8.123850
49 -26.464803 -7.970876
50 -27.238814 -7.874407
51 -28.003927 -7.722744
52 -28.770575 -7.579040
53 -29.527650 -7.391320
54 -30.293739 -7.244666
55 -31.050707 -7.056518
56 -31.816166 -6.906614
57 -32.568650 -6.701264
58 -33.323722 -6.505647
59 -34.078683 -6.309599
60 -34.847038 -6.175321
61 -35.626768 -6.154829
62 -35.983062 -6.848699
63 -36.210774 -7.594720
64 -36.427149 -8.344107
65 -36.666612 -9.086439
66 -37.101070 -9.734241
67 -37.879720 -9.688368
68 -38.648110 -9.554287
69 -39.412537 -9.399205
70 -40.177142 -9.245000
71 -40.932600 -9.050875
72 -41.692332 -8.874221
73 -42.440179 -8.652579
74 -43.200577 -8.478812
75 -43.947308 -8.253439
76 -44.701565 -8.054702
77 -45.443141 -7.812907
78 -45.809809 -7.124464
79 -45.052344 -7.310599
80 -44.293025 -7.489022
81 -43.520836 -7.599134
82 -42.752742 -7.734895
