1 0.000000 0.000000
2 0.259251 -0.735656
3 0.497751 -1.478298
4 0.722228 -2.225299
5 0.942627 -2.973513
6 1.194567 -3.711704
7 1.401486 -4.463758
8 1.575768 -5.224037
9 1.235938 -5.926117
10 0.820212 -5.266139
11 0.533158 -4.540880
12 0.187653 -3.841576
13 -0.144417 -3.135793
14 -0.516134 -2.450062
15 -0.859563 -1.749736
16 -1.229237 -1.062902
17 -1.565561 -0.359136
18 -1.931983 0.329438
19 -2.253694 1.040003
20 -2.406163 1.804956
21 -1.842936 2.344563
22 -1.145356 2.693536
23 -0.419922 2.980148
24 0.273749 3.336826
25 0.982904 3.661634
26 1.669101 4.032488
27 2.377009 4.360005
28 3.063683 4.729976
29 3.757791 5.085804
30 4.437022 5.469269
31 5.150570 5.784308
32 5.837072 6.154598
33 6.545839 6.480251
34 7.230302 6.854298
35 7.951570 7.151236
36 8.644113 7.510099
37 9.353907 7.833509
38 10.035145 8.213397
39 10.734059 8.559690
40 11.422375 8.926597
41 12.097526 9.317200
42 12.746161 9.750412
43 13.479959 10.014876
44 14.034384 9.466230
45 14.421856 8.789277
46 14.838766 8.130046
47 15.209206 7.443624
48 15.612563 6.776014
49 15.989205 6.092976
50 16.382540 5.419413
51 16.806016 4.764380
52 17.243384 4.118540
53 17.795372 3.567442
54 18.555201 3.743678
55 19.244677 4.108400
56 19.897277 4.535617
57 20.576944 4.918307
58 21.229191 5.346062
59 21.897253 5.748670
60 22.542855 6.186390
61 23.209771 6.590892
62 23.837498 7.053882
63 24.165638 7.761500
64 23.847891 8.473846
65 23.471419 9.156978
66 23.043841 9.809340
67 22.670547 10.494213
68 22.265723 11.160935
69 21.862840 11.828831
70 21.449096 12.490054
71 21.032726 13.149627
72 21.248167 13.899284
73 21.721037 13.278966
74 22.203681 12.666223
75 22.640806 12.020219
76 23.098822 11.388854
77 23.542135 10.747080
78 24.006537 10.120397
79 24.460430 9.486062
80 24.913318 8.851009
