1 0.000000 0.000000
2 -0.709560 -0.323921
3 -1.419351 -0.647334
4 -2.148750 -0.923700
5 -2.854598 -1.255632
6 -3.578960 -1.544939
7 -4.286026 -1.874270
8 -5.003612 -2.179998
9 -5.706595 -2.517955
10 -6.463847 -2.704957
11 -6.985996 -2.125509
12 -7.309637 -1.415821
13 -7.647208 -0.712653
14 -7.970699 -0.002897
15 -8.327481 0.690721
16 -8.624966 1.411764
17 -9.011627 2.089181
18 -9.345856 2.793944
19 -9.714076 3.481559
20 -10.052017 4.184550
21 -10.454077 4.852941
22 -10.798299 5.552878
23 -11.191060 6.226776
24 -11.543042 6.922843
25 -11.909714 7.611284
26 -12.261400 8.307500
27 -12.647269 8.985368
28 -12.998152 9.681990
29 -13.360688 10.372618
30 -13.699903 11.074995
31 -14.075577 11.758565
32 -14.446354 12.444805
33 -14.833887 13.121723
34 -15.194770 13.813217
35 -15.587045 14.487398
36 -15.920985 15.192298
37 -16.292696 15.878032
38 -16.618007 16.586956
39 -16.994451 17.270102
40 -17.340058 17.969356
41 -17.727037 18.646592
42 -18.099399 19.331972
43 -18.509158 19.995672
44 -18.723319 20.745695
45 -18.158262 21.283385
46 -17.437641 21.581891
47 -16.743843 21.938324
48 -16.038414 22.271145
49 -15.369493 22.672325
50 -14.821778 23.227670
51 -15.081200 23.963265
52 -15.364831 24.689869
53 -15.722519 25.383021
54 -16.056436 26.087932
55 -16.438807 26.767779
56 -16.778322 27.470011
57 -17.140076 28.161050
58 -17.487195 28.859554
59 -17.863328 29.542872
60 -18.268775 30.209215
61 -18.896592 30.672082
62 -19.662896 30.526553
63 -20.339677 30.138782
64 -21.047002 29.810009
65 -21.745028 29.461930
66 -22.453231 29.135052
67 -23.155532 28.795681
68 -23.869704 28.482060
69 -24.551450 28.103083
70 -25.260054 27.777076
71 -25.906335 27.340361
72 -25.967564 26.562768
73 -25.647322 25.851540
74 -25.314359 25.146178
75 -25.001154 24.431824
76 -24.716925 23.705453
77 -24.419434 22.984413
78 -24.113581 22.266879
79 -23.740629 21.581820
80 -23.395991 20.882088
81 -23.615900 20.133730
82 -23.992233 20.816938
83 -24.405412 21.478514
84 -24.799244 22.151787
85 -25.183595 22.830517
