1 0.000000 0.000000
2 -0.604284 0.493194
3 -1.211528 0.982740
4 -1.799729 1.495009
5 -2.395015 1.999027
6 -2.977113 2.518221
7 -3.589558 3.001244
8 -4.168263 3.524217
9 -4.746403 4.047814
10 -5.318449 4.578062
11 -5.944887 5.042793
12 -6.598407 4.616986
13 -7.204499 4.126015
14 -7.802080 3.624720
15 -8.398497 3.122040
16 -9.006098 2.632938
17 -9.621530 2.153727
18 -10.223585 1.657813
19 -10.834734 1.173152
20 -11.418925 0.656315
21 -12.029906 0.171441
22 -12.619059 -0.339733
23 -13.212819 -0.845548
24 -13.786982 -1.373503
25 -14.379209 -1.881112
26 -14.965006 -2.396129
27 -15.547326 -2.915074
28 -16.089733 -3.475605
29 -16.666056 -4.001201
30 -17.257916 -4.509238
31 -17.854341 -5.011908
32 -18.430023 -5.538207
33 -19.040033 -6.024301
34 -19.642832 -6.519309
35 -20.234396 -7.027691
36 -20.806414 -7.557969
37 -21.402098 -8.061518
38 -21.956014 -8.610678
39 -22.516750 -9.152873
40 -23.091400 -9.680298
41 -23.644951 -10.229826
42 -24.192697 -10.785141
43 -24.745680 -11.335240
44 -25.212198 -11.960350
45 -24.749567 -12.588341
46 -24.259455 -13.195128
47 -23.762092 -13.795986
48 -23.291522 -14.418050
49 -22.790052 -15.015484
50 -22.246857 -15.575251
51 -21.719579 -16.150036
52 -21.193095 -16.725548
53 -20.680926 -17.313837
54 -20.158148 -17.892718
55 -19.608493 -18.446142
56 -19.089232 -19.028181
57 -18.549431 -19.591222
58 -18.046952 -20.187808
59 -17.531667 -20.773369
60 -17.015636 -21.358271
61 -16.495312 -21.939360
62 -15.980545 -22.525376
63 -15.406515 -23.053476
64 -14.629980 -22.980042
65 -13.976851 -22.553636
66 -13.384007 -22.046747
67 -12.805810 -21.523213
68 -12.238545 -20.987853
69 -11.675664 -20.447885
70 -11.132397 -19.888188
71 -10.561622 -19.356571
72 -9.982030 -18.834582
73 -9.426223 -18.287335
74 -8.878783 -17.731719
75 -8.309809 -17.198176
76 -7.738586 -16.667041
77 -7.166373 -16.136973
78 -6.589671 -15.611792
79 -6.011675 -15.088036
80 -5.431972 -14.566170
81 -4.851567 -14.045084
82 -4.243415 -13.556667
83 -3.650877 -13.049421
84 -3.030835 -12.576190
85 -2.406972 -12.108007
86 -1.794216 -11.625379
87 -1.200070 -11.120016
88 -0.622435 -10.595862
89 -0.025226 -10.094124
90 0.557905 -9.576090
91 1.162989 -9.083878
92 1.786149 -8.614761
93 2.365819 -8.092857
94 2.964525 -7.592906
95 3.575752 -7.108343
96 4.210490 -6.655014
97 4.705901 -7.257482
98 5.199328 -7.861576
99 5.670529 -8.483163
100 6.174966 -9.078094
101 6.672440 -9.678860
102 7.215015 -10.239228
103 7.731105 -10.824080
104 8.275382 -11.382795
105 8.794606 -11.964865
106 9.300286 -12.558740
107 9.828314 -13.132837
108 10.325684 -13.733689
109 10.822511 -14.334990
110 11.323584 -14.932757
111 11.840128 -15.517207
112 12.355901 -16.102338
113 12.859209 -16.698225
114 13.359714 -17.296469
115 13.861978 -17.893235
116 14.379983 -18.476391
117 14.890140 -19.066425
118 15.405518 -19.651904
119 15.915729 -20.241891
120 16.303000 -20.918959
121 16.077120 -21.665537
122 15.502497 -22.192991
123 14.897632 -22.685473
124 14.322806 -23.212706
125 13.761623 -23.754438
126 13.198618 -24.294277
127 12.622367 -24.819952
128 12.045413 -25.344856
129 11.463391 -25.864135
130 10.869942 -26.370315
131 10.276643 -26.876671
132 9.694497 -27.395811
133 9.118261 -27.921502
134 8.529463 -28.433085
135 7.937500 -28.941002
136 7.346559 -29.450108
137 6.775103 -29.980993
138 6.196202 -30.503748
139 5.610527 -31.018904
140 5.027610 -31.537178
141 4.449438 -32.060739
142 3.872554 -32.585720
143 3.303177 -33.118834
144 2.737664 -33.656044
145 2.192627 -34.214018
146 1.619557 -34.743159
147 1.031306 -35.255371
148 0.464704 -35.791432
149 -0.130666 -36.295352
150 -0.724350 -36.801256
151 -1.321379 -37.303208
152 -1.932884 -37.787421
153 -2.548239 -38.266732
154 -3.042994 -37.663725
155 -3.560146 -37.079813
156 -4.091659 -36.508942
157 -4.662872 -35.977796
158 -5.242879 -35.456267
159 -5.819601 -34.931108
160 -6.345012 -34.354616
161 -6.883760 -33.790568
162 -7.450279 -33.254419
163 -8.018504 -32.720077
