1 0.000000 0.000000
2 0.774198 0.094963
3 1.553284 0.132704
4 2.327831 0.224773
5 3.106081 0.277000
6 3.878396 0.386219
7 4.657813 0.416381
8 5.435123 0.481101
9 6.212472 0.545360
10 6.989784 0.610055
11 7.722251 0.341929
12 7.958848 -0.401322
13 7.968087 -1.181267
14 8.020833 -1.959482
15 8.085507 -2.736796
16 8.192508 -3.509422
17 8.248789 -4.287389
18 8.339842 -5.062056
19 8.399988 -5.839734
20 8.490959 -6.614411
21 8.560062 -7.391344
22 8.666674 -8.164023
23 8.751152 -8.939435
24 8.863808 -9.711257
25 8.957529 -10.485606
26 9.051677 -11.259903
27 9.109082 -12.037788
28 9.197502 -12.812760
29 9.282134 -13.588155
30 9.399610 -14.359258
31 9.467483 -15.136299
32 9.549329 -15.911993
33 9.602765 -16.690160
34 9.736300 -17.458645
35 9.820162 -18.234124
36 9.930631 -19.006261
37 10.004257 -19.782779
38 10.109374 -20.555663
39 10.166824 -21.333544
40 10.245263 -22.109590
41 10.307106 -22.887135
42 10.423230 -23.658443
43 10.517929 -24.432672
44 10.659260 -25.199762
45 10.752897 -25.974121
46 10.752216 -26.754120
47 10.100669 -27.182941
48 9.334086 -27.326989
49 8.554243 -27.342682
50 7.784312 -27.467602
51 7.008310 -27.546481
52 6.235578 -27.652712
53 5.458702 -27.722452
54 4.691883 -27.865241
55 3.920665 -27.981956
56 3.153963 -28.125371
57 2.384030 -28.250287
58 1.617604 -28.395166
59 0.846941 -28.515496
60 0.083286 -28.674338
61 -0.682900 -28.820488
62 -1.445932 -28.982293
63 -2.215012 -29.112359
64 -2.980202 -29.263634
65 -3.751900 -29.377135
66 -4.503906 -29.584226
67 -5.273216 -29.712917
68 -6.036807 -29.872067
69 -6.810481 -29.971208
70 -7.576521 -30.118118
71 -8.346536 -30.242526
72 -9.111363 -30.395627
73 -9.871616 -30.221228
74 -10.189282 -29.508846
75 -10.336455 -28.742856
76 -10.496277 -27.979406
77 -10.643110 -27.213351
78 -10.816961 -26.452972
79 -10.957152 -25.685674
80 -11.129404 -24.924932
81 -11.270900 -24.157873
82 -11.521522 -23.419233
83 -11.726910 -22.666760
84 -11.926523 -21.912734
85 -12.072978 -21.146607
86 -12.286681 -20.396453
87 -12.466411 -19.637443
88 -12.665877 -18.883378
89 -12.859236 -18.127725
90 -13.047169 -17.370703
91 -13.187149 -16.603367
92 -13.385401 -15.848982
93 -13.563214 -15.089520
94 -13.761564 -14.335161
95 -13.969595 -13.583414
96 -14.199348 -12.838019
97 -14.420044 -12.089893
98 -14.655403 -11.346249
99 -14.858891 -10.593260
100 -15.063594 -9.840600
101 -15.217134 -9.075861
102 -15.408261 -8.319640
103 -15.593241 -7.561892
104 -15.803436 -6.810747
105 -15.985875 -6.052383
106 -16.240731 -5.315194
107 -16.642843 -4.646833
108 -17.382198 -4.398329
109 -18.149286 -4.539664
110 -18.881507 -4.808462
111 -19.631126 -5.024034
112 -20.379652 -5.243373
113 -21.139306 -5.420363
114 -21.873840 -5.682774
115 -22.622750 -5.900797
116 -23.368108 -6.130669
117 -24.119403 -6.340326
118 -24.863841 -6.573160
119 -25.618626 -6.769885
120 -26.363134 -7.002495
121 -27.114142 -7.213176
122 -27.857754 -7.448636
123 -28.611053 -7.650975
124 -29.351123 -7.897340
125 -30.098772 -8.119648
126 -30.832709 -8.383725
127 -31.572184 -8.631872
128 -32.290311 -8.936327
129 -32.551458 -9.671312
130 -32.361828 -10.427910
131 -32.158457 -11.180931
132 -31.926691 -11.925702
133 -31.687756 -12.668205
134 -31.435567 -13.406311
135 -31.214864 -14.154435
136 -30.996707 -14.903306
137 -30.798808 -15.657784
138 -30.563449 -16.401427
139 -30.329770 -17.145601
140 -30.070792 -17.881352
141 -29.853612 -18.630507
142 -29.629599 -19.377647
143 -29.416244 -20.127900
144 -29.171223 -20.868417
145 -28.970314 -21.622098
146 -28.728150 -22.363554
147 -28.510372 -23.112535
148 -28.241921 -23.844883
149 -28.036688 -24.597398
150 -27.765986 -25.328918
151 -27.547577 -26.077715
152 -27.292110 -26.814693
153 -27.067315 -27.561598
154 -26.837321 -28.306919
155 -26.607633 -29.052334
156 -26.343054 -29.786090
157 -26.110085 -30.530486
158 -25.829726 -31.258359
159 -25.590527 -32.000776
160 -25.360682 -32.746143
161 -25.142456 -33.494993
162 -24.870751 -34.226141
163 -24.545473 -34.935080
164 -23.915839 -35.395471
165 -23.147815 -35.259307
166 -22.416787 -34.987284
167 -21.670281 -34.761165
168 -20.933580 -34.504902
169 -20.189027 -34.272436
170 -19.463779 -33.985353
