1 0.000000 0.000000
2 0.776747 0.071159
3 1.556207 0.100189
4 2.333777 0.161715
5 3.112599 0.204552
6 3.888228 0.287011
7 4.667413 0.322661
8 5.439241 0.435274
9 6.215032 0.516201
10 6.983349 0.650697
11 7.757352 0.747232
12 8.529259 0.635166
13 8.894306 -0.054139
14 9.097229 -0.807281
15 9.199476 -1.580550
16 9.354444 -2.345001
17 9.424423 -3.121855
18 9.543136 -3.892769
19 9.625165 -4.668443
20 9.749014 -5.438548
21 9.830950 -6.214233
22 9.961452 -6.983238
23 10.050831 -7.758100
24 10.179368 -8.527436
25 10.260776 -9.303177
26 10.382992 -10.073542
27 10.466169 -10.849095
28 10.586140 -11.619813
29 10.668923 -12.395408
30 10.793584 -13.165381
31 10.848302 -13.943460
32 10.936628 -14.718443
33 10.971928 -15.497644
34 11.107362 -16.265796
35 11.189011 -17.041510
36 11.310965 -17.811918
37 11.361065 -18.590307
38 11.478629 -19.361396
39 11.585202 -20.134081
40 11.720961 -20.902176
41 11.821455 -21.675675
42 11.933123 -22.447640
43 11.999377 -23.224822
44 12.132600 -23.993360
45 12.214586 -24.769039
46 12.304715 -25.543815
47 12.056927 -26.283410
48 11.327265 -26.559078
49 10.551417 -26.639452
50 9.784555 -26.782011
51 9.012024 -26.889692
52 8.252299 -27.066378
53 7.480970 -27.182358
54 6.720074 -27.353932
55 5.948239 -27.466499
56 5.190225 -27.650385
57 4.422095 -27.785945
58 3.659113 -27.947987
59 2.890449 -28.080484
60 2.124274 -28.226694
61 1.348824 -28.310820
62 0.575720 -28.414307
63 -0.201978 -28.474189
64 -0.976237 -28.568652
65 -1.754198 -28.625008
66 -2.509584 -28.819413
67 -3.275859 -28.965089
68 -4.041566 -29.113728
69 -4.817533 -29.192938
70 -5.569497 -29.400184
71 -6.336864 -29.539998
72 -7.094145 -29.726880
73 -7.873808 -29.749823
74 -8.317421 -29.108257
75 -8.485770 -28.346641
76 -8.696420 -27.595624
77 -8.851206 -26.831136
78 -9.053364 -26.077789
79 -9.214613 -25.314639
80 -9.409601 -24.559404
81 -9.572642 -23.796634
82 -9.740961 -23.035011
83 -9.842584 -22.261660
84 -10.011390 -21.500145
85 -10.152201 -20.732961
86 -10.343153 -19.976695
87 -10.515818 -19.216046
88 -10.743837 -18.470119
89 -10.924099 -17.711235
90 -11.144656 -16.963067
91 -11.344359 -16.209065
92 -11.588286 -15.468188
93 -11.813633 -14.721449
94 -12.056155 -13.980110
95 -12.283111 -13.233859
96 -12.496977 -12.483751
97 -12.681394 -11.725866
98 -12.888223 -10.973788
99 -13.071952 -10.215735
100 -13.279479 -9.463849
101 -13.461132 -8.705296
102 -13.676464 -7.955609
103 -13.863941 -7.198474
104 -14.071747 -6.446665
105 -14.290965 -5.698104
106 -14.559691 -4.965857
107 -14.869184 -4.249886
108 -15.434039 -3.711984
109 -16.212335 -3.763523
110 -16.953026 -4.008017
111 -17.708053 -4.203807
112 -18.462578 -4.401522
113 -19.225518 -4.563764
114 -19.981529 -4.755721
115 -20.735570 -4.955277
116 -21.483624 -5.176219
117 -22.243574 -5.351934
118 -22.997153 -5.553226
119 -23.755511 -5.735693
120 -24.510292 -5.932429
121 -25.268637 -6.114945
122 -26.023905 -6.309805
123 -26.789447 -6.459292
124 -27.548271 -6.639807
125 -28.312850 -6.794143
126 -29.067837 -6.990088
127 -29.814552 -7.215513
128 -30.538712 -7.505326
129 -30.961611 -8.160732
130 -30.828976 -8.929372
131 -30.644686 -9.687289
132 -30.435978 -10.438848
133 -30.287944 -11.204671
134 -30.107304 -11.963466
135 -29.946216 -12.726650
136 -29.746357 -13.480611
137 -29.592340 -14.245254
138 -29.402758 -15.001864
139 -29.253529 -15.767456
140 -29.091470 -16.530434
141 -28.971558 -17.301162
142 -28.787023 -18.059019
143 -28.633763 -18.823814
144 -28.490224 -19.590493
145 -28.354779 -20.358643
146 -28.130554 -21.105719
147 -27.913845 -21.855010
148 -27.662212 -22.593306
149 -27.472347 -23.349845
150 -27.253977 -24.098654
151 -27.076779 -24.858260
152 -26.850972 -25.604860
153 -26.666762 -26.362795
154 -26.446830 -27.111147
155 -26.272764 -27.871477
156 -26.089877 -28.629733
157 -25.894498 -29.384867
158 -25.659303 -30.128562
159 -25.439791 -30.877037
160 -25.196185 -31.618020
161 -24.961708 -32.361943
162 -24.645141 -33.074814
163 -24.084593 -33.617202
164 -23.308395 -33.540276
165 -22.546427 -33.373527
166 -21.791487 -33.177402
167 -21.034792 -32.988161
168 -20.284228 -32.775902
169 -19.530788 -32.574089
170 -18.792755 -32.321685
