1 0.000000 0.000000
2 -0.637642 0.449236
3 -1.302347 0.857362
4 -1.952952 1.287610
5 -2.608623 1.710097
6 -3.253162 2.149380
7 -3.888198 2.602292
8 -4.524508 3.053412
9 -5.157342 3.509396
10 -5.782332 3.976074
11 -6.483726 4.317316
12 -7.226455 4.079086
13 -7.727716 3.481476
14 -8.171045 2.839713
15 -8.632818 2.211091
16 -9.106263 1.591212
17 -9.598932 0.986500
18 -10.091324 0.381562
19 -10.567650 -0.236106
20 -11.025937 -0.867274
21 -11.482387 -1.499772
22 -11.938559 -2.132470
23 -12.417291 -2.748275
24 -12.900668 -3.360440
25 -13.360290 -3.990637
26 -13.826359 -4.616081
27 -14.292138 -5.241740
28 -14.732750 -5.885371
29 -15.199791 -6.510089
30 -15.668628 -7.133461
31 -16.115214 -7.772961
32 -16.559235 -8.414245
33 -17.006437 -9.053316
34 -17.446166 -9.697550
35 -17.855702 -10.361388
36 -18.292511 -11.007606
37 -18.739168 -11.647057
38 -19.226112 -12.256389
39 -19.708760 -12.869129
40 -20.182895 -13.488480
41 -20.676493 -14.092435
42 -21.176037 -14.691480
43 -21.649477 -15.311363
44 -22.132855 -15.923529
45 -22.372837 -16.665693
46 -22.248850 -17.435776
47 -21.703179 -17.993131
48 -21.106252 -18.495204
49 -20.489996 -18.973355
50 -19.879146 -19.458394
51 -19.270061 -19.945647
52 -18.657123 -20.428044
53 -18.040557 -20.905795
54 -17.435777 -21.398381
55 -16.824337 -21.882675
56 -16.221151 -22.377212
57 -15.605596 -22.856265
58 -14.997625 -23.344908
59 -14.381412 -23.823114
60 -13.762511 -24.297837
61 -13.146603 -24.776437
62 -12.541972 -25.269206
63 -11.923803 -25.744881
64 -11.305563 -26.220464
65 -10.668963 -26.671175
66 -9.978430 -26.308458
67 -9.488780 -25.701298
68 -9.015453 -25.081329
69 -8.550113 -24.455343
70 -8.084109 -23.829851
71 -7.592679 -23.224131
72 -7.116247 -22.606545
73 -6.659622 -21.974173
74 -6.165720 -21.370468
75 -5.691870 -20.750898
76 -5.205326 -20.141247
77 -4.719577 -19.530962
78 -4.219012 -18.932769
79 -3.724129 -18.329867
80 -3.260865 -17.702343
81 -2.796407 -17.075702
82 -2.331908 -16.449091
83 -1.841009 -15.842941
84 -1.358131 -15.230382
85 -0.841519 -14.645992
86 -0.359130 -14.033047
87 0.147673 -13.440130
88 0.635420 -12.831441
89 1.118123 -12.218743
90 1.604959 -11.609325
91 2.145200 -11.046706
92 2.681767 -10.480583
93 3.218379 -9.914502
94 3.738299 -9.333053
95 4.266220 -8.758858
96 4.804478 -8.194343
97 5.339583 -7.626836
98 5.887353 -7.071546
99 6.591595 -6.736220
100 7.296245 -7.070687
101 7.853386 -7.616576
102 8.425315 -8.146951
103 8.972198 -8.703115
104 9.551854 -9.225034
105 10.120480 -9.758948
106 10.710519 -10.269099
107 11.280353 -10.801723
108 11.854028 -11.330209
109 12.409614 -11.877680
110 12.965770 -12.424572
111 13.505241 -12.987929
112 14.090674 -13.503358
113 14.664059 -14.032159
114 15.242784 -14.555109
115 15.816320 -15.083746
116 16.379971 -15.622909
117 16.926438 -16.179483
118 17.489562 -16.719197
119 18.061976 -17.249048
120 18.629832 -17.783781
121 19.181747 -18.334952
122 19.736712 -18.883053
123 20.241537 -19.477655
124 20.300886 -20.255394
125 19.798384 -20.851960
126 19.267734 -21.423633
127 18.699653 -21.958128
128 18.161593 -22.522833
129 17.624154 -23.088129
130 17.051454 -23.617670
131 16.479488 -24.148005
132 15.924887 -24.696473
133 15.389254 -25.263481
134 14.847788 -25.824920
135 14.292343 -26.372535
136 13.758744 -26.941456
137 13.280851 -27.557913
138 12.741980 -28.121844
139 12.216180 -28.697981
140 11.670773 -29.255592
141 11.130631 -29.818307
142 10.598212 -30.388333
143 10.045160 -30.938364
144 9.488265 -31.484503
145 8.927458 -32.026624
146 8.374776 -32.577025
147 7.795520 -33.099388
148 7.223061 -33.629191
149 6.655956 -34.164720
150 6.049504 -34.655247
151 5.440708 -35.142861
152 4.840625 -35.641159
153 4.225920 -36.121302
154 3.618749 -36.610937
155 2.993425 -37.077168
156 2.304123 -37.442220
157 1.547113 -37.254245
158 1.039321 -36.662174
159 0.577055 -36.033914
160 0.115145 -35.405393
161 -0.383277 -34.805414
162 -0.883628 -34.207041
163 -1.385086 -33.609597
164 -1.860209 -32.991003
165 -2.329553 -32.368014
166 -2.808603 -31.752456
167 -3.288323 -31.137421
