1 0.000000 0.000000
2 -0.701623 -0.340772
3 -1.411891 -0.663137
4 -2.130831 -0.965667
5 -2.830164 -1.311114
6 -3.540748 -1.632782
7 -4.243079 -1.972092
8 -4.959201 -2.281236
9 -5.644135 -2.654419
10 -6.375019 -2.926830
11 -6.955092 -2.405374
12 -7.295845 -1.703742
13 -7.650799 -1.009186
14 -7.983725 -0.303806
15 -8.376952 0.369820
16 -8.711141 1.074602
17 -9.088173 1.757424
18 -9.433051 2.457038
19 -9.794752 3.148104
20 -10.144411 3.845341
21 -10.538334 4.518560
22 -10.920840 5.198331
23 -11.315430 5.871160
24 -11.669715 6.566058
25 -12.040559 7.252261
26 -12.368550 7.959949
27 -12.733394 8.649361
28 -13.064167 9.355752
29 -13.431543 10.043818
30 -13.778689 10.742309
31 -14.162193 11.421518
32 -14.539446 12.104219
33 -14.930924 12.778863
34 -15.250767 13.490270
35 -15.630027 14.171858
36 -15.999437 14.858834
37 -16.376098 15.541862
38 -16.742216 16.230598
39 -17.125381 16.909998
40 -17.485841 17.601713
41 -17.893939 18.266435
42 -18.294737 18.935584
43 -18.733131 19.580728
44 -19.198330 20.206819
45 -19.537034 20.909442
46 -19.101689 21.556648
47 -18.452153 21.988508
48 -17.755027 22.338386
49 -17.088543 22.743601
50 -16.445414 23.184946
51 -16.121769 23.894632
52 -16.470595 24.592286
53 -16.863868 25.265885
54 -17.220491 25.959586
55 -17.611085 26.634742
56 -17.976374 27.323918
57 -18.401823 27.977671
58 -18.780246 28.659724
59 -19.186670 29.325471
60 -19.583863 29.996767
61 -20.085312 30.594219
62 -20.865311 30.595217
63 -21.533077 30.192118
64 -22.214176 29.811982
65 -22.878187 29.402727
66 -23.563406 29.030066
67 -24.233111 28.630199
68 -24.922474 28.265261
69 -25.588649 27.859539
70 -26.267616 27.475606
71 -26.892945 27.009384
72 -27.263753 26.323161
73 -26.972599 25.599539
74 -26.551102 24.943231
75 -26.112765 24.298049
76 -25.691208 23.641779
77 -25.278101 22.980158
78 -24.843166 22.332677
79 -24.356197 21.723365
80 -23.859222 21.122186
81 -23.664912 20.366777
82 -24.183831 20.949119
83 -24.712583 21.522549
84 -25.241477 22.095848
85 -25.754040 22.683793
