1 0.000000 0.000000
2 -0.747965 -0.221242
3 -1.519870 -0.333324
4 -2.284574 -0.487039
5 -3.051253 -0.630577
6 -3.804858 -0.831774
7 -4.566607 -0.999518
8 -5.318193 -1.208129
9 -6.075587 -1.394552
10 -6.833938 -1.577048
11 -7.362647 -1.003578
12 -7.605000 -0.262185
13 -7.750615 0.504103
14 -7.955318 1.256762
15 -8.123322 2.018455
16 -8.334963 2.769193
17 -8.544632 3.520484
18 -8.786780 4.261945
19 -9.011011 5.009020
20 -9.239752 5.754726
21 -9.432709 6.510482
22 -9.678775 7.250652
23 -9.878666 8.004604
24 -10.117757 8.747057
25 -10.323033 9.499560
26 -10.598332 10.229362
27 -10.827656 10.974889
28 -11.040577 11.725265
29 -11.223440 12.483527
30 -11.438623 13.233258
31 -11.661804 13.980647
32 -11.880468 14.729370
33 -12.048901 15.490967
34 -12.244619 16.246013
35 -12.418662 17.006348
36 -12.632382 17.756497
37 -12.805978 18.516934
38 -13.017443 19.267722
39 -13.187269 20.029010
40 -13.422717 20.772625
41 -13.636310 21.522811
42 -13.867266 22.267834
43 -14.077655 23.018924
44 -14.330318 23.756868
45 -14.381104 24.535213
46 -13.772766 25.023399
47 -13.013143 25.200523
48 -12.264534 25.419576
49 -11.514943 25.635244
50 -10.814136 25.977691
51 -10.472801 26.679040
52 -10.706260 27.423282
53 -10.966420 28.158617
54 -11.268578 28.877714
55 -11.548994 29.605565
56 -11.836838 30.330510
57 -12.078146 31.072245
58 -12.356486 31.800892
59 -12.596149 32.543160
60 -12.897514 33.262590
61 -13.192372 33.984711
62 -13.810257 34.460755
63 -14.577510 34.320312
64 -15.300733 34.028168
65 -16.050336 33.812542
66 -16.803789 33.610778
67 -17.557899 33.411482
68 -18.307079 33.194389
69 -19.060015 32.990704
70 -19.809173 32.773537
71 -20.551944 32.535437
72 -21.245064 32.177689
73 -21.363164 31.406681
74 -21.138999 30.659587
75 -20.902586 29.916278
76 -20.682944 29.167841
77 -20.488126 28.412562
78 -20.299724 27.655657
79 -20.110004 26.899082
80 -19.902919 26.147074
81 -19.676800 25.400569
82 -20.289493 24.917861
83 -20.650467 25.609307
84 -20.892250 26.350887
85 -21.143447 27.089332
86 -21.425997 27.816357
