0 0 0
1 -0.604284  0.493194
2 -1.21153  0.98274
3 -1.79973  1.49501
4 -2.39502  1.99903
5 -2.97711  2.51822
6 -3.58956  3.00124
7 -4.16826  3.52422
8 -4.7464 4.04781
9 -5.31845  4.57806
10 -5.94489  5.04279
11 -6.59841  4.61699
12 -7.2045 4.12602
13 -7.80208  3.62472
14 -8.3985 3.12204
15 -9.0061 2.63294
16 -9.62153  2.15373
17 -10.2236  1.65781
18 -10.8347  1.17315
19 -11.4189 0.656315
20 -12.0299 0.171441
21  -12.6191 -0.339733
22  -13.2128 -0.845548
23 -13.787 -1.3735
24 -14.3792 -1.88111
25  -14.965 -2.39613
26 -15.5473 -2.91507
27 -16.0897 -3.47561
28 -16.6661  -4.0012
29 -17.2579 -4.50924
30 -17.8543 -5.01191
31   -18.43 -5.53821
32  -19.04 -6.0243
33 -19.6428 -6.51931
34 -20.2344 -7.02769
35 -20.8064 -7.55797
36 -21.4021 -8.06152
37  -21.956 -8.61068
38 -22.5168 -9.15287
39 -23.0914  -9.6803
40  -23.645 -10.2298
41 -24.1927 -10.7851
42 -24.7457 -11.3352
43 -25.2122 -11.9604
44 -24.7496 -12.5883
45 -24.2595 -13.1951
46 -23.7621  -13.796
47 -23.2915  -14.418
48 -22.7901 -15.0155
49 -22.2469 -15.5753
50 -21.7196   -16.15
51 -21.1931 -16.7255
52 -20.6809 -17.3138
53 -20.1581 -17.8927
54 -19.6085 -18.4461
55 -19.0892 -19.0282
56 -18.5494 -19.5912
57  -18.047 -20.1878
58 -17.5317 -20.7734
59 -17.0156 -21.3583
60 -16.4953 -21.9394
61 -15.9805 -22.5254
62 -15.4065 -23.0535
63 -14.63 -22.98
64 -13.9769 -22.5536
65  -13.384 -22.0467
66 -12.8058 -21.5232
67 -12.2385 -20.9879
68 -11.6757 -20.4479
69 -11.1324 -19.8882
70 -10.5616 -19.3566
71 -9.98203 -18.8346
72 -9.42622 -18.2873
73 -8.87878 -17.7317
74 -8.30981 -17.1982
75 -7.73859  -16.667
76 -7.16637  -16.137
77 -6.58967 -15.6118
78 -6.01167  -15.088
79 -5.43197 -14.5662
80 -4.85157 -14.0451
81 -4.24341 -13.5567
82 -3.65088 -13.0494
83 -3.03083 -12.5762
84 -2.40697  -12.108
85 -1.79422 -11.6254
86 -1.20007   -11.12
87 -0.622435  -10.5959
88 -0.025226  -10.0941
89 0.557905 -9.57609
90  1.16299 -9.08388
91  1.78615 -8.61476
92  2.36582 -8.09286
93  2.96452 -7.59291
94  3.57575 -7.10834
95  4.21049 -6.65501
96   4.7059 -7.25748
97  5.19933 -7.86158
98  5.67053 -8.48316
99  6.17497 -9.07809
100  6.67244 -9.67886
101  7.21501 -10.2392
102   7.7311 -10.8241
103  8.27538 -11.3828
104  8.79461 -11.9649
105  9.30029 -12.5587
106  9.82831 -13.1328
107  10.3257 -13.7337
108 10.8225 -14.335
109  11.3236 -14.9328
110  11.8401 -15.5172
111  12.3559 -16.1023
112  12.8592 -16.6982
113  13.3597 -17.2965
114   13.862 -17.8932
115    14.38 -18.4764
116  14.8901 -19.0664
117  15.4055 -19.6519
118  15.9157 -20.2419
119  16.303 -20.919
120  16.0771 -21.6655
121 15.5025 -22.193
122  14.8976 -22.6855
123  14.3228 -23.2127
124  13.7616 -23.7544
125  13.1986 -24.2943
126 12.6224  -24.82
127  12.0454 -25.3449
128  11.4634 -25.8641
129  10.8699 -26.3703
130  10.2766 -26.8767
131   9.6945 -27.3958
132  9.11826 -27.9215
133  8.52946 -28.4331
134  7.9375 -28.941
135  7.34656 -29.4501
136  6.7751 -29.981
137   6.1962 -30.5037
138  5.61053 -31.0189
139  5.02761 -31.5372
140  4.44944 -32.0607
141  3.87255 -32.5857
142  3.30318 -33.1188
143 2.73766 -33.656
144 2.19263 -34.214
145  1.61956 -34.7432
146  1.03131 -35.2554
147 0.464704 -35.7914
148 -0.130666  -36.2954
149 -0.72435 -36.8013
150 -1.32138 -37.3032
151 -1.93288 -37.7874
152 -2.54824 -38.2667
153 -3.04299 -37.6637
154 -3.56015 -37.0798
155 -4.09166 -36.5089
156 -4.66287 -35.9778
157 -5.24288 -35.4563
158  -5.8196 -34.9311
159 -6.34501 -34.3546
160 -6.88376 -33.7906
161 -7.45028 -33.2544
162  -8.0185 -32.7201
163  10.9009 -14.4852
164   11.488 -14.9987
165  12.0446 -15.5452
166  12.6137 -16.0786
167  13.1698 -16.6255
168  13.7568 -17.1391
169 14.3009 -17.698
170 14.8638 -18.238
171  15.4221 -18.7827
172  15.9949 -19.3122
173 16.5166 -19.892
174   17.029 -20.4801
175 17.1478 -21.251
176  16.7056 -21.8936
177  16.1297 -22.4196
178  15.5602 -22.9526
179  14.9651 -23.4567
180  14.3997 -23.9941
181  13.8079 -24.5023
182  13.2474 -25.0447
183  12.6565 -25.5538
184  12.0985 -26.0989
185  11.5093 -26.6099
186  10.9569 -27.1607
187  10.3763 -27.6815
188  9.82146 -28.2297
189  9.24328 -28.7533
190  8.68778 -29.3008
191  8.11148 -29.8264
192  7.55258 -30.3705
193  6.97423 -30.8939
194 6.42321 -31.446
195  5.84298 -31.9672
196  5.27196 -32.4986
197  4.68287 -33.0098
198  4.10843 -33.5375
199  3.53955 -34.0711
200  2.99332 -34.6279
201  2.42614 -35.1634
202   1.8908 -35.7307
203  1.30379 -36.2443
204 0.740922 -36.7843
205 0.137753 -37.2788
206 -0.431822  -37.8117
207  -1.0213 -38.3226
208 -1.61524 -38.8282
209  -2.3193 -39.1639
210 -3.01387 -38.8089
211 -3.50174 -38.2004
212 -4.00628 -37.6055
213 -4.47016 -36.9784
214 -4.98719 -36.3944
215 -5.47877 -35.7888
216 -6.00499 -35.2131
217 -6.49925 -34.6097
218 -7.01229 -34.0221
219 -7.50605 -33.4183
220 -8.03736 -32.8472
221 -8.54351 -32.2538
222  -9.0755 -31.6833
223   -9.559 -31.0713
224  -10.108 -30.5172
225 -10.6239 -29.9322
226 -11.1399 -29.3472
227 -11.6336 -28.7434
228 -12.1678  -28.175
229 -12.7104 -27.6146
230 -13.2695 -27.0708
231 -13.8118 -26.5102
232 -14.3571 -25.9525
233 -14.8985 -25.3909
234 -15.3951 -24.7895
235 -15.8656 -24.1674
236 -15.7659 -23.3938
237 -15.2462 -22.8121
238 -14.6903  -22.265
239 -14.0957 -21.7602
240 -13.5057   -21.25
241 -12.8788 -20.7858
242 -12.2875 -20.2772
243 -11.6826 -19.7847
244 -11.1106 -19.2544
245 -10.5339 -18.7292
246 -9.97111 -18.1892
247 -9.37877 -17.6817
248 -8.78269 -17.1786
249 -8.17348 -16.6915
250 -7.56066  -16.209
251 -6.94376 -15.7317
252 -6.36839  -15.205
253 -5.76354 -14.7125
254 -5.18297 -14.1916
255 -4.56856 -13.7111
256 -3.98157 -13.1974
257 -3.37048 -12.7127
258 -2.78047 -12.2025
259 -2.14612 -11.7486
260 -1.53251 -11.2671
261 -0.897641   -10.814
262 -0.304995  -10.3068
263 0.313854 -9.83204
264 0.901997 -9.31971
265  1.52504 -8.85044
266   2.1311 -8.35942
267  2.75504 -7.89134
268  3.34105 -7.37657
269  3.89504 -6.82749
270  4.28949 -6.15457
271 4.05741 -5.4099
272  3.57148 -4.79975
273  3.10661 -4.17342
274  2.60114 -3.57936
275  2.13727 -2.95229
276 1.63551 -2.3551
277  1.16649 -1.73186
278 0.680293 -1.12194
279 0.199321 -0.50788
280 -0.301221 0.0903311
281 -0.776856  0.708534
282 -1.29311  1.29323
283 -1.78942  1.89497
284 -2.28374  2.49833
285 -2.77909  3.10085
286 -3.26877  3.70799
287 -3.75666  4.31655
288 -4.26278  4.91006
289 -4.7544 5.51563
290 -5.27991  6.09202
291 -5.9656 6.46382
292 -6.69468  6.18663
293 -7.34068  5.74949
294 -7.95936  5.27448
295 -8.59778  4.82635
296 -9.19521  4.32487
297 -9.82142  3.85984
298 -10.4258  3.36678
299 -11.0616  2.91497
300 -11.6788  2.43805
301 -12.3237  1.99928
302 -12.9552  1.54146
303 -13.5998  1.10216
304 -14.2234 0.633649
305 -14.8597 0.182514
306 -15.4836 -0.28555
307  -16.1277 -0.725513
308 -16.7627 -1.17851
309 -17.3988 -1.62994
310  -17.998 -2.12922
311 -18.6258 -2.59223
312 -19.2311 -3.08407
313 -19.8716 -3.52934
314 -20.5008 -3.99033
315 -21.1436 -4.43213
316 -21.7805 -4.88234
317 -22.4208 -5.32787
318 -23.0438  -5.7971
319 -23.6881 -6.23685
320 -24.3165 -6.69889
321   -24.98 -7.10898
322  -25.611 -7.56752
323 -26.2385 -8.03082
324 -26.8726 -8.48503
325 -27.4745 -8.98112
326 -27.9344 -9.61111
327 -27.7335 -10.3648
328 -27.3142 -11.0225
329 -26.9054 -11.6868
330 -26.4499   -12.32
331 -26.0235 -12.9731
332 -25.5709 -13.6084
333  -11.544 -29.3419
334  -12.038 -28.7382
335 -12.5081 -28.1159
336   -13.01 -27.5188
337  -13.483 -26.8985
338 -13.9962 -26.3112
339  -14.459 -25.6833
340 -14.9561 -25.0822
341 -15.4684 -24.4941
342 -15.9348 -23.8689
343 -15.7917 -23.1021
344 -15.2456 -22.5452
345 -14.6183 -22.0815
346 -14.0341 -21.5648
347 -13.4144  -21.091
348 -12.8162 -20.5906
349 -12.201 -20.111
350  -11.615 -19.5962
351 -10.9911 -19.1281
352 -10.4269 -18.5895
353 -9.84451 -18.0706
354 -9.26426 -17.5494
355 -8.66586  -17.049
356 -8.11354 -16.4983
357 -7.50131  -16.015
358 -6.9235 -15.491
359 -6.32048 -14.9963
360 -5.76176  -14.452
361 -5.14413 -13.9756
362 -4.57389 -13.4434
363 -3.96758 -12.9527
364  -3.3966 -12.4213
365 -2.78708 -11.9346
366 -2.19933 -11.4219
367 -1.59133 -10.9332
368 -1.00692 -10.4167
369 -0.387834  -9.94218
370  0.19964 -9.42908
371 0.836405  -8.9786
372  1.43506 -8.47858
373  2.0817 -8.0424
374    2.678 -7.53958
375  3.30333 -7.07336
376   3.8804 -6.54858
377  4.54869 -6.14636
378  5.25417 -6.47906
379 5.74161  -7.088
380  6.24046 -7.68762
381   6.7514 -8.27697
382  7.33996 -8.78884
383  8.09297 -8.58546
384  8.66056 -8.05044
385   9.2596 -7.55089
386  9.81208 -7.00028
387  10.3953 -6.48232
388 10.9814 -5.9677
389  11.5698 -5.45562
390  12.1516 -4.93615
391  12.7323 -4.41537
392  13.2239 -3.80978
393  13.5809 -3.11629
394  13.2246 -2.42241
395  12.7532 -1.80098
396  12.2299 -1.22257
397   11.7521 -0.606078
398    11.2374 -0.0199578
399  10.7507 0.589551
400 10.2486 1.18648
401 9.77094 1.80308
402 9.25321 2.38648
403 8.69734 2.93366
404 7.94451 3.13774
405 7.29793 2.70147
406 6.72938 2.16748
407 6.15086  1.6443
408 5.56912  1.1247
409  4.96114 0.636072
410  4.35485 0.145353
411   3.75839 -0.357281
412   3.11604 -0.799755
413   3.81114 -0.445881
414    4.48146 -0.0470343
415  5.15813 0.340931
416  5.79301 0.794066
417  -11.462 -30.1483
418 -11.9343 -29.5275
419 -12.4349 -28.9294
420 -12.9694 -28.3613
421 -13.4214 -27.7256
422 -13.9189 -27.1249
423 -14.3607  -26.482
424  -14.883 -25.9027
425 -15.3939 -25.3134
426 -15.9489 -24.7652
427 -16.1175 -24.0037
428 -15.6069 -23.4141
429 -15.0108  -22.911
430 -14.4237 -22.3974
431 -13.8194 -21.9043
432 -13.2479 -21.3735
433 -12.6364 -20.8892
434 -12.0519 -20.3727
435 -11.4462 -19.8813
436 -10.8598  -19.367
437 -10.2333 -18.9023
438 -9.65115 -18.3832
439  -9.0294 -17.9122
440 -8.42179 -17.4231
441 -7.78266  -16.976
442 -7.21802 -16.4378
443 -6.59784 -15.9648
444 -6.01227 -15.4495
445 -5.38795  -14.982
446 -4.79355 -14.4769
447  -4.1752 -14.0014
448 -3.64373 -13.4305
449 -3.01623 -12.9672
450 -2.41594 -12.4692
451 -1.79716 -11.9943
452 -1.26272 -11.4262
453 -0.660491  -10.9305
454 -0.0687324   -10.4223
455 0.530982 -9.92359
456  1.08931 -9.37891
457  1.66905 -8.85709
458  2.19747 -8.28335
459  2.76753 -7.75097
460  3.28436 -7.16677
461 3.85869  -6.639
462  4.5141 -6.2161
463  5.25306 -6.46577
464  5.77671 -7.04387
465  6.26236 -7.65423
466  6.78452 -8.23367
467  7.36439 -8.75535
468  8.14309 -8.71027
469 8.76393 -8.2381
470  9.32198 -7.69314
471  9.92827 -7.20241
472  10.4941 -6.66557
473  11.0969 -6.17049
474  11.6546 -5.62519
475   12.234 -5.10298
476 12.7824 -4.5483
477  13.3526 -4.01608
478  13.8692 -3.43171
479  14.0966 -2.68559
480  13.5943 -2.08888
481  13.0677 -1.51347
482   12.5229 -0.955274
483   12.0031 -0.373662
484  11.4392 0.165164
485  10.9358 0.761013
486 10.3756 1.30375
487 9.86853 1.89644
488 9.30832 2.43917
489 8.77277 3.00626
490 8.20226 3.53816
491  7.6849 4.12189
492 7.13515 4.67522
493 6.59631 5.23918
494 6.05154 5.79741
495 5.38181 6.19724
496 4.72301 5.77963
497 4.16008 5.23971
498 3.64567 4.65339
499  3.0884 4.10763
500 2.57447 3.52088
501 2.08711 2.91188
502 2.50554 3.57015
503 3.04896  4.1297
504 3.53998 4.73574
505 -10.9514 -28.9366
506 -11.4699 -28.3539
507 -12.0065 -27.7878
508 -12.5797 -27.2588
509 -13.1222 -26.6983
510 -13.6727 -26.1457
511 -14.1954 -25.5668
512 -14.7387 -25.0071
513 -15.2582 -24.4254
514 -15.7821 -23.8475
515 -15.6047 -23.0879
516 -15.0735 -22.5167
517  -14.472 -22.0202
518  -13.898 -21.4921
519 -13.3058 -20.9845
520 -12.7462 -20.4411
521 -12.1369 -19.9541
522 -11.5697 -19.4187
523  -10.971 -18.9187
524 -10.3912  -18.397
525 -9.78841 -17.9019
526 -9.23145 -17.3558
527 -8.62553 -16.8646
528 -8.06545 -16.3218
529 -7.47034 -15.8175
530 -6.89625 -15.2895
531  -6.3094 -14.7757
532 -5.74097 -14.2416
533 -5.13498 -13.7505
534 -4.55286 -13.2313
535 -3.97495 -12.7075
536  -3.4216 -12.1577
537 -2.82974 -11.6497
538 -2.23859 -11.1408
539 -1.62326 -10.6615
540 -1.04066 -10.1429
541  -0.4247 -9.66432
542 0.181239 -9.17316
543 0.801093 -8.69968
544  1.39771 -8.19724
545  2.03511 -7.74766
546  2.63435 -7.24835
547  3.22653 -6.74068
548  3.77523 -6.18632
549  4.52056 -5.95634
550  5.11397 -6.46256
551  5.59325 -7.07794
552 6.07664 -7.6901
553  6.54714 -8.31221
554  7.15187 -8.80486
555  7.89148 -8.55712
556  8.49372 -8.06143
557  9.11833 -7.59425
558 9.70092 -7.0756
559  10.2879 -6.56194
560  10.8872 -6.06268
561  11.5069 -5.58896
562  12.1161 -5.10187
563  12.7192 -4.60731
564  13.2725 -4.05752
565  13.6814 -3.39325
566  13.3956 -2.66746
567  12.8838 -2.07891
568  12.3422 -1.51758
569   11.8412 -0.919725
570   11.3181 -0.341161
571  10.8485 0.281618
572  10.3301 0.864453
573 9.84309 1.47373
574 9.31037 2.04347
575 8.81078 2.64249
576 8.29427 3.22696
577 7.80518 3.83458
578 7.27298 4.40481
579 6.74372 4.97777
580 6.22665 5.56175
581 5.71197 6.14785
582 5.17564 6.71419
583 4.68375 7.31954
584 4.16719 7.90397
585  3.6749 8.50899
586 3.13594 9.07284
587 2.37108 9.22578
588 1.75819 8.74332
589 1.19637 8.20226
590 0.640381  7.65519
591 0.0552409   7.13943
592 -0.505403   6.59714
593 -1.07678  6.06617
594 -1.63915  5.52567
595 -2.3215 5.14778
596 -3.08517  5.30652
597 -2.54729   5.8714
598 -1.97866  6.40531
599 -1.44536  6.97451
600   18.628 -23.0584
601  19.2454 -22.5816
602  19.8516 -22.0909
603  20.4448 -21.5844
604   21.072 -21.1206
605  21.6691 -20.6188
606  22.2855 -20.1408
607  22.8803 -19.6362
608 23.5172 -19.186
609 24.1398 -18.716
610  24.8762 -18.4591
611   25.555 -18.8433
612  24.9363 -19.3183
613 24.2814 -19.742
614  23.6669 -20.2224
615  23.0443 -20.6922
616 22.4364 -21.181
617  21.8276 -21.6686
618  21.2411 -22.1828
619  20.6136 -22.6461
620 20.0051 -23.134
621  19.3611 -23.5742
622  18.5955 -23.7232
623  18.0635 -23.1528
624  17.6409 -22.4972
625  17.2464 -21.8243
626  16.8277 -21.1662
627 16.422  -20.5
628  15.9797 -19.8575
629  15.5544 -19.2037
630  15.0917 -18.5758
631  14.6593 -17.9266
632  14.1641 -17.3239
633 13.6973 -16.699
634  13.1951 -16.1022
635  12.7323 -15.4743
636  12.2213 -14.8851
637  11.7457 -14.2669
638  11.2305 -13.6812
639  10.7612 -13.0581
640 10.2804 -12.444
641     9.82 -11.8143
642  9.29021 -11.2419
643  8.78768 -10.6453
644  8.27863 -10.0543
645  7.81226 -9.42913
646  7.42723 -8.75078
647  7.67906 -8.01255
648  8.29056 -7.52834
649  8.95049 -7.11253
650  9.56814 -6.63618
651  10.2232 -6.21282
652  10.8428 -5.73894
653  11.4807 -5.29004
654  12.0819 -4.79315
655  12.7045 -4.32328
656  13.2416 -3.75762
657  13.4889 -3.01787
658  13.0991 -2.34227
659   12.647 -1.70662
660  12.165 -1.0934
661   11.7022 -0.465525
662  11.2157 0.144144
663  10.7495 0.769496
664 10.2606 1.37729
665  9.7905 1.99969
666  9.2843 2.59312
667 8.62715 3.01331
668 7.92767 2.66815
669 7.31513 2.18526
670 6.71791 1.68352
671   6.091 1.21943
672  5.47141 0.745611
673   4.8545 0.268304
674    4.2493 -0.223771
675   3.65913 -0.733768
676   2.90013 -0.913528
677   3.38524 -0.302739
678  3.96413 0.220025
679  4.57969 0.699079
680  5.1822 1.19444
681 5.78544 1.68891
682  23.0827 -20.0013
683  22.4791 -20.4953
684  21.8723 -20.9854
685 21.2564 -21.464
686  20.6246 -21.9214
687  20.0185 -22.4124
688  19.3505 -22.8151
689   18.606 -22.5825
690  18.1077 -21.9824
691   17.614 -21.3786
692  17.1537 -20.7489
693  16.6569 -20.1475
694  16.1926 -19.5208
695  15.6924 -18.9223
696 15.2004 -18.317
697  14.6798 -17.7362
698  14.1764 -17.1404
699 13.6749 -16.543
700  13.2066 -15.9192
701  12.6972 -15.3285
702  12.2169 -14.7139
703   11.703 -14.1272
704  11.2098 -13.5229
705  10.6725 -12.9575
706 10.1559 -12.373
707  9.59953 -11.8264
708  9.11429 -11.2157
709  8.60358 -10.6261
710  8.10142 -10.0293
711  7.57854 -9.45049
712  7.14786 -8.80016
713  7.49928 -8.10381
714  8.14719 -7.66951
715  8.75875 -7.18537
716  9.40787 -6.75288
717  10.0343 -6.28821
718  10.6783 -5.84809
719  11.2909 -5.36519
720   11.927 -4.91379
721  12.5558 -4.45234
722   13.168 -3.96902
723  13.4773 -3.25293
724  13.1899 -2.52779
725   12.706 -1.91602
726  12.2227 -1.30384
727    11.751 -0.682572
728    11.3073 -0.0410825
729  10.8461 0.587918
730 10.4149 1.23794
731 9.96506 1.87514
732 9.50469 2.50479
733 9.02863 3.12266
734 8.58089 3.76135
735 8.11183 4.38456
736 7.68396 5.03673
737 7.23822 5.67682
738  6.7958 6.31921
739 6.32795 6.94332
740 5.89414 7.59155
741 5.41314 8.20559
742 4.96515 8.84411
743 4.56754 9.51516
744 4.71261 10.2815
745 5.29837 10.7966
746 5.93474 11.2476
747 6.57343 11.6954
748 7.00398 12.3458
749 6.60738 13.0174
750 6.12672 13.6317
751 5.63951 14.2409
752 5.13715 14.8375
753 4.64624 15.4437
754 4.20052 16.0838
755  3.7389 16.7125
756  3.2848 17.3467
757 2.82486 17.9767
758 2.41588 18.6409
759 1.99185 19.2955
760 1.58119 19.9587
761 1.14533 20.6055
762 0.877043  21.3379
763  1.5701 21.6958
764   2.042 21.0748
765 2.46504 20.4195
766 -9.84775  1.39411
767 -9.25752  1.90403
768 -8.65255  2.39638
769 -8.09928   2.9462
770 -7.52427  3.47323
771 -7.00028  4.05101
772 -6.44064  4.59434
773 -5.88779  5.14458
774 -5.10993  5.20229
775 -4.52658   4.6845
776 -4.01867  4.09253
777 -3.4824 3.52613
778 -3.00542  2.90897
779 -2.48385    2.329
780 -2.00637  1.71222
781   -1.49 1.12761
782 -1.01495 0.508971
783  -0.497278 -0.0744838
784 -0.017155 -0.689206
785 0.523359 -1.25156
786  1.04355 -1.83277
787 1.57916 -2.3998
788  2.08857 -2.99048
789  2.63435 -3.54773
790  3.18437 -4.10078
791 3.73734 -4.6509
792  4.26223 -5.22786
793  4.79153 -5.80079
794  5.27102 -6.41601
795  5.78464 -7.00303
796  6.28673 -7.59994
797  6.85116 -8.13828
798  7.51695 -8.54464
799  8.21372 -8.19404
800  8.77578 -7.65322
801  9.29243 -7.06887
802  9.85235 -6.52583
803  10.3858 -5.95681
804  10.9574 -5.42604
805  11.4859 -4.85237
806  12.0466 -4.31015
807  12.5511 -3.71524
808  13.1396 -3.20331
809  13.8615 -3.49853
810  14.4462 -4.01481
811  15.0405 -4.51997
812   15.598 -5.06552
813  16.1893 -5.57426
814  16.7519 -6.11448
815  17.3527 -6.61198
816  17.9162 -7.15123
817 18.4854 -7.6846
818  19.0228 -8.24993
819  19.5898 -8.78548
820  20.1269 -9.35112
821  20.6917 -9.88907
822  21.2158 -10.4668
823  21.7472 -11.0377
824  22.2784 -11.6089
825   22.854 -12.1353
826  23.5004 -12.5718
827  24.1739 -12.1783
828   24.767 -11.6717
829  25.3524 -11.1562
830  25.9534 -10.6591
831  26.6681 -10.3465
832  27.2999 -10.8038
833 27.8757  -11.33
834  28.4368 -11.8718
835  28.9986 -12.4129
836  29.5312 -12.9827
837  30.0768 -13.5402
838  30.5882 -14.1291
839  31.1359 -14.6845
840 31.6443 -15.276
841  32.1734 -15.8491
842  32.6687 -16.4517
843  32.6077 -17.2293
844  32.0691 -16.6651
845  31.5248 -16.1064
846  30.9329 -15.5984
847  30.3583 -15.0709
