10 -5.52076  5.33463 10 1
11 -6.20761  4.90549 10 1
12 -6.84704   4.4112 10 1
13 -7.47795  3.90658 10 1
14 -8.1077 3.40057 10 1
15 -8.74864  2.90814 10 1
16 -9.3974  2.4256 10 1
17 -10.0328  1.92636 10 1
18 -10.6773  1.43837 10 1
19 -11.2948 0.918209 10 1
20 -11.9391 0.430009 10 1
21   -12.5616 -0.0844923 10 1
22  -13.1887 -0.593634 10 1
23 -13.7962 -1.12492 10 1
24 -14.4218 -1.63585 10 1
25 -15.0409  -2.1542 10 1
26 -15.6565 -2.67647 10 1
27 -16.2323 -3.24032 10 1
28 -16.8419 -3.76925 10 1
29 -17.4671 -4.28061 10 1
30 -18.0969 -4.78661 10 1
31 -18.7059 -5.31623 10 1
32 -19.3492 -5.80565 10 1
33 -19.9854 -6.30399 10 1
34 -20.6103  -6.8157 10 1
35 -21.2156  -7.3493 10 1
36 -21.8446 -7.85618 10 1
37 -22.4319 -8.40867 10 1
38  -23.026 -8.95419 10 1
39  -23.634 -9.48494 10 1
40 -24.2208 -10.0378 10 1
41 -24.8019 -10.5964 10 1
42 -25.3882 -11.1499 10 1
43 -25.8881 -11.7783 10 1
44 -25.4149 -12.4387 1 2
45 -24.9142 -13.0779 1 2
46 -24.4063 -13.7111 1 2
47 -23.9251 -14.3655 1 2
48 -23.4131 -14.9954 1 2
49 -22.8593 -15.5875 1 2
50 -22.3215 -16.1947 1 2
51 -21.7844 -16.8026 1 2
52 -21.2617 -17.4233 1 2
53 -20.7283 -18.0345 1 2
54 -20.1681 -18.6204 1 2
55 -19.6383 -19.2348 1 2
56 -19.0879 -19.8302 1 2
57 -18.5748 -20.4592 1 2
58  -18.049 -21.0771 1 2
59 -17.5224 -21.6944 1 2
60 -16.9915 -22.3079 1 2
61 -16.4662 -22.9263 1 2
62 -15.8816 -23.4868 1 2
63 -15.0835  -23.387 2 9
64 -14.4089 -22.9343 2 9
65 -13.7945 -22.4011 2 9
66 -13.1948 -21.8513 2 9
67  -12.606 -21.2896 2 9
68 -12.0217 -20.7233 2 9
69 -11.4569 -20.1373 2 9
70 -10.8646 -19.5794 2 9
71 -10.2635 -19.0311 2 9
72 -9.68617 -18.4575 2 9
73 -9.11722 -17.8756 2 9
74 -8.52674 -17.3158 2 9
75   -7.934 -16.7583 2 9
76 -7.34028 -16.2019 2 9
77 -6.74207 -15.6504 2 9
78 -6.14256 -15.1004 2 9
79 -5.54135 -14.5522 2 9
80 -4.93944 -14.0048 2 9
81 -4.30978 -13.4901 2 9
82 -3.69573 -12.9565 2 9
83 -3.05418  -12.457 2 9
84  -2.4088 -11.9625 2 9
85 -1.77454 -11.4535 2 9
86 -1.15888 -10.9219 2 9
87 -0.559737  -10.3714 2 9
88 0.0589813  -9.84334 2 9
89 0.663622   -9.299 2 9
90  1.29022 -8.78048 2 9
91  1.93489 -8.28505 2 9
92  2.53607 -7.73683 2 9
93  3.15628 -7.21057 2 9
94 3.78902 -6.6997 2 9
95  4.44527 -6.22006 2 9
96  4.94484 -6.82829 9 7
97  5.44242 -7.43815 9 7
98  5.91778 -8.06551 9 7
99 6.42638 -8.6662 9 7
100  6.92801 -9.27274 9 7
101  7.47475 -9.83887 9 7
102    7.995 -10.4295 9 7
103 8.54343 -10.994 9 7
104  9.06682 -11.5818 9 7
105  9.57665 -12.1815 9 7
106  10.1088 -12.7613 9 7
107  10.6104 -13.3679 9 7
108 11.1114 -13.975 9 7
109  11.6166 -14.5785 9 7
110  12.1373 -15.1688 9 7
111  12.6572 -15.7597 9 7
112  13.1647 -16.3613 9 7
113  13.6694 -16.9653 9 7
114  14.1758 -17.5678 9 7
115  14.6979 -18.1568 9 7
116  15.2123 -18.7526 9 7
117  15.7318 -19.3438 9 7
118  16.2462 -19.9396 9 7
119  16.6376 -20.6224 9 7
120  16.4049 -21.3801 7 4
121  15.8235 -21.9187 7 4
122  15.2118 -22.4223 7 4
123  14.6301 -22.9606 7 4
124  14.0621 -23.5135 7 4
125  13.4923 -24.0644 7 4
126  12.9093 -24.6012 7 4
127  12.3255 -25.1372 7 4
128  11.7367 -25.6676 7 4
129  11.1364 -26.1849 7 4
130  10.5363 -26.7024 7 4
131  9.94731 -27.2326 7 4
132  9.36426 -27.7695 7 4
133  8.76865 -28.2922 7 4
134  8.16987 -28.8112 7 4
135  7.57211 -29.3314 7 4
136  6.99384 -29.8734 7 4
137  6.40813 -30.4073 7 4
138  5.81564 -30.9335 7 4
139   5.2259 -31.4629 7 4
140  4.64092 -31.9976 7 4
141  4.05722 -32.5337 7 4
142  3.48102 -33.0779 7 4
143   2.9087 -33.6263 7 4
144  2.35684 -34.1954 7 4
145  1.77696 -34.7356 7 4
146  1.18189 -35.2589 7 4
147 0.608475 -35.8061 7 4
148 0.00628932   -36.3212 7 4
149 -0.59421 -36.8382 7 4
150 -1.19805 -37.3512 7 4
151 -1.81637 -37.8466 7 4
152 -2.43854  -38.337 7 4
175  16.6486 -20.6171 7 4
176  16.2174 -21.2543 7 4
177 15.6524 -21.775 7 4
178   15.094 -22.3026 7 4
179  14.5098 -22.8015 7 4
180  13.9553 -23.3334 7 4
181  13.3746 -23.8363 7 4
182   12.825 -24.3733 7 4
183  12.2451 -24.8771 7 4
184  11.6981 -25.4168 7 4
185  11.1198 -25.9225 7 4
186  10.5785 -26.4679 7 4
187  10.0088 -26.9834 7 4
188  9.46493 -27.5263 7 4
189  8.89772 -28.0445 7 4
190   8.3532 -28.5867 7 4
191 7.78787 -29.107 7 4
192  7.23995 -29.6457 7 4
193  6.67257 -30.1637 7 4
194  6.13252 -30.7104 7 4
195  5.56328 -31.2264 7 4
196  5.00323 -31.7524 7 4
197  4.42511 -32.2583 7 4
198  3.86164 -32.7806 7 4
199  3.30374 -33.3089 7 4
200  2.76849 -33.8603 7 4
201  2.21228 -34.3904 7 4
202  1.68792 -34.9524 7 4
203  1.11188 -35.4606 7 4
204 0.559986 -35.9953 7 4
205 -0.0322086   -36.4845 7 4
206 -0.59081  -37.012 7 4
207 -1.16931 -37.5175 7 4
208 -1.75227 -38.0178 7 4
209 -2.44536 -38.3481 7 4
210 -3.13578  -37.999 4 2
211 -3.61948 -37.3961 4 2
212 -4.11986 -36.8071 4 2
213 -4.57958 -36.1858 4 2
214 -5.09245 -35.6075 4 2
215 -5.57988 -35.0077 4 2
216 -6.10193 -34.4377 4 2
217 -6.59204   -33.84 4 2
218 -7.10092 -33.2583 4 2
219 -7.59052 -32.6602 4 2
220 -8.11767 -32.0949 4 2
221 -8.61966 -31.5072 4 2
222 -9.14749 -30.9426 4 2
223 -9.62683 -30.3363 4 2
224 -10.1716 -29.7879 4 2
225 -10.6834 -29.2087 4 2
226 -11.1952 -28.6295 4 2
227 -11.6848 -28.0315 4 2
228 -12.2148 -27.4688 4 2
229 -12.7532 -26.9142 4 2
230 -13.3082 -26.3762 4 2
231 -13.8464 -25.8213 4 2
232 -14.3875 -25.2694 4 2
233 -14.9247 -24.7136 4 2
234 -15.4172 -24.1179 4 2
235 -15.8836 -23.5015 4 2
236 -15.7787 -22.7488 2 9
237 -15.2539 -22.1881 2 9
238 -14.6928 -21.6619 2 9
239 -14.0931 -21.1779 2 9
240  -13.498 -20.6886 2 9
241  -12.866 -20.2453 2 9
242 -12.2696 -19.7576 2 9
243 -11.6596 -19.2859 2 9
244 -11.0825 -18.7765 2 9
245 -10.5007 -18.2722 2 9
246 -9.93275  -17.753 2 9
247 -9.33531 -17.2664 2 9
248 -8.73411 -16.7842 2 9
249 -8.11978  -16.318 2 9
250 -7.50185 -15.8563 2 9
251 -6.87983 -15.3999 2 9
252 -6.29934 -14.8941 2 9
253 -5.68938 -14.4225 2 9
254 -5.10369 -13.9225 2 9
255 -4.48416 -13.4629 2 9
256 -3.89206 -12.9701 2 9
257 -3.27586 -12.5062 2 9
258 -2.68073 -12.0169 2 9
259 -2.04126 -11.5839 2 9
260 -1.42254 -11.1233 2 9
261 -0.782555   -10.691 2 9
262 -0.184793  -10.2048 2 9
263 0.439171 -9.75084 2 9
264  1.03243 -9.25938 2 9
265  1.66059 -8.81099 2 9
266  2.27176 -8.34085 2 9
267  2.90082 -7.89366 2 9
268  3.49194 -7.39976 2 9
269  4.05106 -6.87156 2 9
270  4.45061 -6.21952 2 9
271  4.23304 -5.52514 9 10
272  3.76162 -4.96528 9 10
273  3.31126 -4.38923 9 10
274  2.82029 -3.84547 9 10
275  2.37093 -3.26868 9 10
276  1.88367 -2.72178 9 10
277  1.42916 -2.14883 9 10
278 0.957466 -1.58919 9 10
279    0.491 -1.02543 9 10
280 0.00496391  -0.477504 9 10
281 -0.456165 0.0904098 9 10
282 -0.957916  0.624823 9 10
283 -1.43972  1.17627 9 10
284 -1.91953  1.72934 9 10
285 -2.40038  2.28157 9 10
286 -2.87555  2.83842 9 10
287 -3.34894   3.3967 9 10
288 -3.84055  3.93991 9 10
289 -4.31766   4.4952 9 10
290 -4.82867   5.0213 9 10
291 -5.49985  5.34281 9 10
292 -6.18503  5.03656 10 1
293 -6.78712  4.57036 10 1
294 -7.36189  4.06629 10 1
295 -7.95641   3.5891 10 1
296 -8.50994  3.05856 10 1
297 -9.09225  2.56447 10 1
298 -9.65274  2.04235 10 1
299 -10.2447  1.56147 10 1
300 -10.818  1.0555 10 1
301 -11.4189 0.587669 10 1
302 -12.0065 0.100782 10 1
303  -12.6072 -0.367578 10 1
304  -13.1869 -0.865149 10 1
305 -13.7793 -1.34534 10 1
306 -14.3593 -1.84247 10 1
307 -14.9595 -2.31149 10 1
308 -15.5506 -2.79355 10 1
309 -16.1427 -3.27404 10 1
310 -16.6981 -3.80238 10 1
311 -17.2819 -4.29445 10 1
312 -17.8434 -4.81535 10 1
313 -18.4399 -5.28968 10 1
314 -19.0252 -5.77973 10 1
315 -19.6241  -6.2506 10 1
316 -20.2172 -6.72986 10 1
317 -20.8135 -7.20446 10 1
318 -21.3927 -7.70275 10 1
319  -21.993 -8.17155 10 1
320 -22.5775 -8.66265 10 1
321 -23.1971 -9.10181 10 1
322 -23.7842 -9.58941 10 1
323 -24.3678 -10.0818 10 1
324 -24.958 -10.565 10 1
325  -25.516 -11.0902 10 1
326  -25.932 -11.7492 10 1
342 -15.8846  -23.501 2 9
343 -15.7458 -22.7466 2 9
344 -15.204 -22.202 2 9
345 -14.5811 -21.7508 2 9
346 -14.0011 -21.2464 2 9
347 -13.3858  -20.785 2 9
348 -12.7918 -20.2969 2 9
349 -12.1809 -19.8297 2 9
350 -11.5993 -19.3272 2 9
351 -10.9797 -18.8715 2 9
352 -10.4198 -18.3453 2 9
353 -9.84169 -17.8388 2 9
354 -9.26575 -17.3299 2 9
355 -8.67165 -16.8419 2 9
356 -8.12363 -16.3035 2 9
357  -7.5157 -15.8326 2 9
358 -6.9422 -15.321 2 9
359 -6.34348 -14.8386 2 9
360 -5.78906 -14.3067 2 9
361 -5.17574 -13.8427 2 9
362  -4.6098 -13.3229 2 9
363  -4.0078 -12.8445 2 9
364 -3.44113 -12.3255 2 9
365  -2.8359 -11.8511 2 9
366 -2.25246 -11.3507 2 9
367 -1.64876 -10.8745 2 9
368 -1.06866 -10.3702 2 9
369 -0.453877  -9.90813 2 9
370 0.129293  -9.4074 2 9
371 0.761754 -8.96928 2 9
372   1.3561 -8.48162 2 9
373  1.99844 -8.05781 2 9
374  2.59044 -7.56736 2 9
375 3.21146 -7.1135 2 9
376  3.78422 -6.60108 2 9
377  4.44821 -6.21122 2 9
378  5.14678 -6.54418 9 37
379  5.62729 -7.15337 9 37
380  6.11923 -7.75324 9 37
381  6.62325 -8.34285 9 37
382  7.20488 -8.85497 9 37
383  7.95785 -8.65649 37 64
384  8.52538 -8.12638 37 64
385  9.12436 -7.63173 37 64
386  9.67679 -7.08603 37 64
387  10.2599 -6.57297 37 64
388   10.846 -6.06326 37 64
389  11.4343 -5.55607 37 64
390  12.0161 -5.04151 37 64
391  12.5967 -4.52564 37 64
392  13.0883 -3.92495 37 64
393  13.4452 -3.23636 37 64
394  13.1215 -2.55243 64 88
395  12.6826 -1.94093 64 88
396  12.1919 -1.37246 64 88
397   11.7466 -0.765903 64 88
398  11.2644 -0.18972 64 88
399  10.8103 0.409853 64 88
400  10.3407 0.996841 64 88
401 9.89554  1.6035 64 88
402 9.41035 2.17697 64 88
403 8.88702 2.71421 64 88
404 8.16673 2.90836 64 88
405 7.47457 2.47212 88 89
406 6.86043 1.93817 88 89
407 6.23633 1.41504 88 89
408  5.60902 0.895474 88 89
409 4.95546 0.40688 88 89
410   4.30358 -0.083801 88 89
411   3.66155 -0.586397 88 89
412  2.97362 -1.02883 88 89
427 -15.8855 -23.5014 2 9
428 -15.3834 -22.9261 2 9
429 -14.7959 -22.4373 2 9
430 -14.2173 -21.9381 2 9
431 -13.6216 -21.4592 2 9
432 -13.0586 -20.9428 2 9
433 -12.4557 -20.4728 2 9
434 -11.8798 -19.9706 2 9
435 -11.2826 -19.4936 2 9
436 -10.7047 -18.9936 2 9
437 -10.0868 -18.5432 2 9
438 -9.51324 -18.0384 2 9
439 -8.90005 -17.5817 2 9
440   -8.301 -17.1069 2 9
441 -7.67043 -16.6741 2 9
442 -7.11435 -16.1503 2 9
443 -6.50272 -15.6916 2 9
444 -5.92572 -15.1906 2 9
445 -5.30995 -14.7374 2 9
446 -4.72412 -14.2466 2 9
447 -4.11433 -13.7855 2 9
448 -3.59141 -13.2289 2 9
449 -2.97248 -12.7799 2 9
450 -2.38075 -12.2962 2 9
451 -1.77052 -11.8356 2 9
452 -1.24464 -11.2818 2 9
453 -0.650973  -10.8004 2 9
454 -0.0677736   -10.3066 2 9
455 0.523382 -9.82216 2 9
456  1.07315 -9.29179 2 9
457  1.64433 -8.78429 2 9
458  2.16419 -8.22487 2 9
459 2.72569 -7.7068 2 9
460  3.23396 -7.13692 2 9
461  3.79973 -6.62347 2 9
462  4.44658 -6.21489 2 9
463  5.16621 -6.48511 9 37
464  5.67053 -7.08376 9 37
465  6.13685 -7.71467 9 37
466  6.63968 -8.31467 9 37
467  7.20021 -8.85691 9 37
468  7.93842 -8.84868 37 64
469  8.51878 -8.41336 37 64
470  9.03634 -7.90525 37 64
471  9.60213 -7.45138 37 64
472  10.1275 -6.95139 37 64
473  10.6898 -6.49317 37 64
474   11.207 -5.98472 37 64
475  11.7459 -5.49936 37 64
476  12.2538 -4.98154 37 64
477  12.7835 -4.48617 37 64
478  13.2597 -3.93865 37 64
479  13.4466 -3.22938 37 64
480  12.9442 -2.63267 64 86
481  12.4176 -2.05726 64 86
482  11.8728 -1.49907 64 86
483   11.3531 -0.917454 64 86
484   10.7891 -0.378628 64 86
485  10.2858 0.217221 64 86
486  9.72555 0.759962 64 86
487 9.21848 1.35265 64 86
488 8.65826 1.89538 64 86
489 8.12272 2.46247 64 86
490  7.5522 2.99437 64 86
491 7.03485  3.5781 64 86
492  6.4851 4.13143 64 86
493 5.94626 4.69539 64 86
494 5.40148 5.25362 64 86
495 4.73175 5.65344 64 86
496 4.07296 5.23584 86 87
497 3.51003 4.69592 86 87
498 2.99562  4.1096 86 87
499 2.43835 3.56384 86 87
500 1.92442 2.97709 86 87
501 1.43706 2.36809 86 87
514 -15.8836 -23.5019 2 9
515 -15.7052 -22.7593 2 9
516 -15.173 -22.205 2 9
517 -14.5705 -21.7254 2 9
518 -13.9955 -21.2141 2 9
519 -13.4023 -20.7234 2 9
520 -12.8418  -20.197 2 9
521 -12.2316 -19.7269 2 9
522 -11.6634 -19.2084 2 9
523 -11.0637 -18.7253 2 9
524 -10.4829 -18.2205 2 9
525  -9.8792 -17.7423 2 9
526 -9.32127 -17.2131 2 9
527 -8.71438 -16.7389 2 9
528 -8.15333 -16.2129 2 9
529 -7.55725 -15.7256 2 9
530  -6.9822 -15.2145 2 9
531 -6.39438 -14.7175 2 9
532 -5.82498 -14.2003 2 9
533 -5.21802 -13.7261 2 9
534 -4.63493 -13.2239 2 9
535 -4.05605 -12.7169 2 9
536 -3.50174 -12.1841 2 9
537 -2.90891  -11.693 2 9
538 -2.31679  -11.201 2 9
539 -1.70049 -10.7386 2 9
540 -1.11692 -10.2369 2 9
541 -0.499997  -9.77524 2 9
542  0.10691 -9.30099 2 9
543 0.727732 -8.84442 2 9
544  1.32531 -8.35888 2 9
545  1.96368 -7.92621 2 9
546   2.5639 -7.44381 2 9
547  3.15704 -6.95305 2 9
548  3.70671 -6.41559 2 9
549  4.45301 -6.20252 2 9
550  5.06873 -6.67003 9 37
551 5.57033 -7.2467 9 37
552  6.07603 -7.82015 9 37
553  6.56885 -8.40356 9 37
554   7.1959 -8.85749 9 37
555  7.91076 -8.59086 37 64
556  8.48825 -8.07629 37 64
557  9.08812 -7.59021 37 64
558  9.64595 -7.05268 37 64
559  10.2082 -6.52012 37 64
560  10.7827 -6.00197 37 64
561  11.3776 -5.50937 37 64
562  11.9621 -5.00339 37 64
563  12.5405 -4.48994 37 64
564  13.0691 -3.92125 37 64
565  13.4532 -3.23809 37 64
566  13.2228 -2.50882 64 73
567  12.7662 -1.91678 64 73
568    12.28 -1.35197 64 73
569   11.8344 -0.750621 64 73
570   11.3666 -0.168571 64 73
571  10.9523 0.457696 64 73
572 10.4893 1.04402 64 73
573 10.0576 1.65678 64 73
574  9.5802 2.23001 64 73
575 9.13595 2.83252 64 73
576 8.67477 3.42048 64 73
577 8.24101 4.03158 64 73
578 7.76415  4.6053 64 73
579 7.29023 5.18175 64 73
580  6.8285 5.76922 64 73
581 6.36915  6.3588 64 73
582 5.88816 6.92863 64 73
583  5.4516 7.53746 64 73
584 4.99037 8.12539 64 73
585 4.55342 8.73389 64 73
586  4.0698 9.30123 64 73
587 3.36028 9.45766 64 73
588 2.74739  8.9752 73 85
589 2.18556 8.43413 73 85
590 1.62958 7.88706 73 85
591 1.04444  7.3713 73 85
592 0.483792  6.82901 73 85
593 -0.0875821    6.29804 73 85
594 -0.649958   5.75755 73 85
595 -1.3323 5.37965 73 85
596 -2.09598   5.5384 73 85
611 25.8388 -18.478 42 41
612   25.22 -18.953 42 41
613  24.5652 -19.3767 42 41
614  23.9507 -19.8571 42 41
615   23.328 -20.3269 42 41
616  22.7202 -20.8157 42 41
617  22.1114 -21.3033 42 41
618  21.5249 -21.8175 42 41
619  20.8973 -22.2808 42 41
620  20.2888 -22.7687 42 41
621  19.6449 -23.2089 42 41
622  18.8792 -23.3579 42 41
623 18.3264 -22.807 41 37
624  17.8829 -22.1708 41 37
625  17.4675 -21.5174 41 37
626  17.0279 -20.8788 41 37
627 16.6014 -20.232 41 37
628  16.1381 -19.6091 41 37
629  15.6919 -18.9747 41 37
630  15.2083 -18.3662 41 37
631   14.755 -17.7365 41 37
632   14.239 -17.1533 41 37
633  13.7513 -16.5479 41 37
634  13.2282 -15.9705 41 37
635  12.7445 -15.3621 41 37
636  12.2126 -14.7923 41 37
637  11.7161 -14.1935 41 37
638    11.18 -13.6273 41 37
639  10.6899 -13.0238 41 37
640 10.1882 -12.429 41 37
641  9.70687 -11.8189 41 37
642  9.15619 -11.2659 41 37
643  8.63277 -10.6888 41 37
644  8.10283 -10.1173 41 37
645  7.61558 -9.51153 41 37
646  7.20966 -8.85265 41 37
647  7.47609 -8.12464 37 64
648  8.10219 -7.65064 37 64
649  8.77673 -7.24506 37 64
650  9.40897 -6.77893 37 64
651  10.0787 -6.36579 37 64
652  10.7128 -5.90213 37 64
653  11.3653 -5.46345 37 64
654  11.9812 -4.97678 37 64
655  12.6184 -4.51713 37 64
656    13.17 -3.96169 37 64
657   13.432 -3.23216 37 64
658  13.0096 -2.54663 64 88
659   12.525 -1.90104 64 88
660  12.0104 -1.27788 64 88
661  11.5151 -0.64007 64 88
662    10.9961 -0.0204638 64 88
663  10.4973 0.614825 64 88
664 9.97593 1.23256 64 88
665 9.47327  1.8649 64 88
666 8.93453 2.46826 64 88
667 8.24484 2.89839 64 88
668 7.59095 2.55319 88 89
669 7.02398 2.07026 88 89
670 6.47235 1.56848 88 89
671 5.89101 1.10435 88 89
672    5.317 0.630497 88 89
673  4.74567 0.153151 88 89
674   4.18605 -0.338961 88 89
675   3.64146 -0.848997 88 89
676  2.92804 -1.02879 88 89
688  18.9001 -23.3385 41 37
689  18.1765 -23.0864 41 37
690  17.6991 -22.4668 41 37
691  17.2263 -21.8435 41 37
692  16.7868 -21.1944 41 37
693   16.311 -20.5735 41 37
694  15.8676 -19.9273 41 37
695  15.3882 -19.3094 41 37
696  14.9171 -18.6846 41 37
697  14.4174 -18.0843 41 37
698 13.9349 -17.469 41 37
699  13.4543 -16.8522 41 37
700 13.0069 -16.209 41 37
701  12.5184 -15.5988 41 37
702  12.0589 -14.9648 41 37
703  11.5659 -14.3585 41 37
704  11.0936 -13.7348 41 37
705  10.5772 -13.1499 41 37
706 10.0815 -12.546 41 37
707  9.54603 -11.9799 41 37
708  9.08168 -11.3497 41 37
709  8.59185 -10.7407 41 37
710  8.11058 -10.1244 41 37
711  7.60859 -9.52613 41 37
712   7.1988 -8.85635 41 37
713  7.54148 -8.15346 37 64
714  8.18064 -7.71262 37 64
715  8.78346 -7.22194 37 64
716  9.42384 -6.78291 37 64
717 10.0416 -6.3117 37 64
718  10.6768 -5.86504 37 64
719  11.2806 -5.37561 37 64
720   11.908 -4.91767 37 64
721  12.5281 -4.44968 37 64
722  13.1316 -3.95982 37 64
723   13.432 -3.23719 37 64
724  13.0893 -2.51554 64 73
725  12.5501 -1.90726 64 73
726  12.0114 -1.29857 64 73
727   11.4845 -0.680788 64 73
728    10.9854 -0.0427864 64 73
729  10.4688 0.582727 64 73
730 9.98236 1.22926 64 73
731 9.47717 1.86297 64 73
732 8.96146 2.48913 64 73
733 8.43006 3.10352 64 73
734 7.92699 3.73873 64 73
735 7.40259 4.35844 64 73
736 6.91938 5.00713 64 73
737 6.41831 5.64373 64 73
738 5.92055 6.28263 64 73
739 5.39737 6.90326 64 73
740 4.90822   7.548 64 73
741 4.37188 8.15855 64 73
742 3.86856 8.79358 64 73
743 3.41561 9.46114 64 73
744 3.56068 10.2275 73 74
745 4.14645 10.7426 73 74
746 4.78281 11.1936 73 74
747  5.4215 11.6414 73 74
748 5.85205 12.2918 73 74
749 5.45545 12.9634 74 82
750 4.97479 13.5777 74 82
751 4.48758 14.1868 74 82
752 3.98523 14.7835 74 82
753 3.49432 15.3897 74 82
754  3.0486 16.0298 74 82
755 2.58698 16.6585 74 82
756 2.13287 17.2927 74 82
757 1.67293 17.9227 74 82
758 1.26395 18.5868 74 82
759 0.839928  19.2415 74 82
760 0.42926 19.9047 74 82
761 -0.00659341     20.5515 74 82
762 -0.274883   21.2839 74 82
774 -5.50834  5.32977 10 37
775 -4.92105  4.79408 10 37
776 -4.40921  4.18421 10 37
777  -3.869 3.59991 10 37
778 -3.38809  2.96484 10 37
779 -2.86258  2.36698 10 37
780 -2.38117   1.7323 10 37
781 -1.86086  1.12979 10 37
782 -1.38187 0.493245 10 37
783 -0.860267 -0.108111 10 37
784 -0.376209 -0.740734 10 37
785 0.168241 -1.32099 10 37
786 0.692366  -1.9201 10 37
787  1.23191 -2.50503 10 37
788  1.74525 -3.11361 10 37
789  2.29497 -3.68876 10 37
790  2.84893 -4.25972 10 37
791  3.40583 -4.82773 10 37
792 3.93466 -5.4226 10 37
793  4.46789 -6.01343 10 37
794  4.95132 -6.64654 10 37
795  5.46887 -7.25147 10 37
796  5.97489 -7.86628 10 37
797  6.54327 -8.42252 10 37
798  7.21299 -8.84678 10 37
799  7.96919 -8.46964 37 64
800  8.59068 -7.90227 37 64
801  9.16676 -7.29136 37 64
802  9.78611 -6.72177 37 64
803  10.379 -6.1262 37 64
804    11.01 -5.56888 37 64
805  11.5979 -4.96866 37 64
806  12.2181 -4.39989 37 64
807   12.782 -3.77843 37 64
808  13.4299 -3.23995 37 64
809  14.1519 -3.53517 64 71
810  14.7366 -4.05145 64 71
811  15.3309 -4.55661 64 71
812  15.8884 -5.10216 64 71
813 16.4796 -5.6109 64 71
814  17.0423 -6.15112 64 71
815   17.643 -6.64862 64 71
816  18.2066 -7.18787 64 71
817  18.7757 -7.72124 64 71
818  19.3131 -8.28657 64 71
819  19.8802 -8.82212 64 71
820  20.4173 -9.38776 64 71
821  20.9821 -9.92571 64 71
822  21.5061 -10.5034 64 71
823  22.0376 -11.0744 64 71
824  22.5687 -11.6456 64 71
825  23.1444 -12.1719 64 71
826  23.7908 -12.6084 64 71
827 24.4643 -12.215 71 75
828  25.0574 -11.7084 71 75
829  25.6427 -11.1929 71 75
830  26.2438 -10.6957 71 75
831  26.9584 -10.3831 71 75
832  27.5903 -10.8404 75 83
833   28.166 -11.3666 75 83
834  28.7272 -11.9084 75 83
835   29.289 -12.4495 75 83
836  29.8215 -13.0194 75 83
837  30.3671 -13.5768 75 83
838  30.8785 -14.1658 75 83
839  31.4262 -14.7211 75 83
840  31.9347 -15.3127 75 83
841  32.4638 -15.8858 75 83
842   32.959 -16.4884 75 83
843  32.898 -17.266 75 83
844  32.3595 -16.7018 11 44
845  31.8152 -16.1431 11 44
846 31.2233 -15.635 11 44
847  30.6487 -15.1076 11 44
